Input hamiltonian
hamiltonian=random                                                                          
Input ndim, E_T, tau_in
ndim, E_T, tau_in=    9-20.000000 0.020000
Input fraction_positive, off_diag_mag, psiG_noise
fraction_positive, off_diag_mag,psiG_noise= 0.500000 0.500000 0.010000
psiG_correct_sign
psiG_correct_sign= F
plot_deriv= T
Input irand_seed
irand_seed=1425565376542456

Data set    1

H=
  -1.0000   0.0800   0.1401  -0.1696   0.0630   0.1789  -0.0366  -0.0928  -0.2290
   0.0800  -0.7500   0.0859   0.2028  -0.0542   0.1379   0.1569  -0.0799  -0.2353
   0.1401   0.0859  -0.5000   0.1165  -0.2461  -0.0961  -0.2234  -0.1402   0.2370
  -0.1696   0.2028   0.1165  -0.2500  -0.0711  -0.2226   0.0454   0.1250  -0.0263
   0.0630  -0.0542  -0.2461  -0.0711   0.0000  -0.0210   0.1375  -0.2232  -0.0393
   0.1789   0.1379  -0.0961  -0.2226  -0.0210   0.2500  -0.2276  -0.1955  -0.0772
  -0.0366   0.1569  -0.2234   0.0454   0.1375  -0.2276   0.5000  -0.2075  -0.1275
  -0.0928  -0.0799  -0.1402   0.1250  -0.2232  -0.1955  -0.2075   0.7500  -0.0525
  -0.2290  -0.2353   0.2370  -0.0263  -0.0393  -0.0772  -0.1275  -0.0525   1.0000

eigenval_p,eigenval_h=  1.000000 -1.153737
psi for P    =   0.8957  -0.1375  -0.3155   0.2159  -0.1095  -0.0884  -0.0127  -0.0197   0.1112

eigenvalues of P=  0.953835  0.957765  0.963171  0.973933  0.976522  0.982440  0.989117  0.995544  1.000000
eigenvalues of H=  1.154489  0.958038  0.687698  0.149593  0.020158 -0.275736 -0.609584 -0.930919 -1.153737
tau, tau_max= 0.020000 0.433233
P=
   0.9969  -0.0016  -0.0028   0.0034  -0.0013  -0.0036   0.0007   0.0019   0.0046
  -0.0016   0.9919  -0.0017  -0.0041   0.0011  -0.0028  -0.0031   0.0016   0.0047
  -0.0028  -0.0017   0.9869  -0.0023   0.0049   0.0019   0.0045   0.0028  -0.0047
   0.0034  -0.0041  -0.0023   0.9819   0.0014   0.0045  -0.0009  -0.0025   0.0005
  -0.0013   0.0011   0.0049   0.0014   0.9769   0.0004  -0.0028   0.0045   0.0008
  -0.0036  -0.0028   0.0019   0.0045   0.0004   0.9719   0.0046   0.0039   0.0015
   0.0007  -0.0031   0.0045  -0.0009  -0.0028   0.0046   0.9669   0.0041   0.0026
   0.0019   0.0016   0.0028  -0.0025   0.0045   0.0039   0.0041   0.9619   0.0011
   0.0046   0.0047  -0.0047   0.0005   0.0008   0.0015   0.0026   0.0011   0.9569

sum_P_eig,sum_abs_P_eig,sign_condition_number=  1.905979  1.922966  0.641680

P after making eigenvec +ve =
   0.9969   0.0016   0.0028   0.0034   0.0013   0.0036  -0.0007  -0.0019   0.0046
   0.0016   0.9919  -0.0017   0.0041   0.0011  -0.0028  -0.0031   0.0016  -0.0047
   0.0028  -0.0017   0.9869   0.0023   0.0049   0.0019   0.0045   0.0028   0.0047
   0.0034   0.0041   0.0023   0.9819  -0.0014  -0.0045   0.0009   0.0025   0.0005
   0.0013   0.0011   0.0049  -0.0014   0.9769   0.0004  -0.0028   0.0045  -0.0008
   0.0036  -0.0028   0.0019  -0.0045   0.0004   0.9719   0.0046   0.0039  -0.0015
  -0.0007  -0.0031   0.0045   0.0009  -0.0028   0.0046   0.9669   0.0041  -0.0026
  -0.0019   0.0016   0.0028   0.0025   0.0045   0.0039   0.0041   0.9619  -0.0011
   0.0046  -0.0047   0.0047   0.0005  -0.0008  -0.0015  -0.0026  -0.0011   0.9569

1+(E_0*1-H) (i.e. P with tau=1) after making eigenvec +ve =
   0.8463  -0.0800  -0.1401  -0.1696  -0.0630  -0.1789   0.0366   0.0928  -0.2290
  -0.0800   0.5963   0.0859  -0.2028  -0.0542   0.1379   0.1569  -0.0799   0.2353
  -0.1401   0.0859   0.3463  -0.1165  -0.2461  -0.0961  -0.2234  -0.1402  -0.2370
  -0.1696  -0.2028  -0.1165   0.0963   0.0711   0.2226  -0.0454  -0.1250  -0.0263
  -0.0630  -0.0542  -0.2461   0.0711  -0.1537  -0.0210   0.1375  -0.2232   0.0393
  -0.1789   0.1379  -0.0961   0.2226  -0.0210  -0.4037  -0.2276  -0.1955   0.0772
   0.0366   0.1569  -0.2234  -0.0454   0.1375  -0.2276  -0.6537  -0.2075   0.1275
   0.0928  -0.0799  -0.1402  -0.1250  -0.2232  -0.1955  -0.2075  -0.9037   0.0525
  -0.2290   0.2353  -0.2370  -0.0263   0.0393   0.0772   0.1275   0.0525  -1.1537
psi0         =   0.8957   0.1375   0.3155   0.2159   0.1095   0.0884   0.0127   0.0197   0.1112
psiG         =   0.9024   0.1234   0.2833   0.2292   0.1218   0.0927   0.0092   0.0253   0.1165
1-overlap_G  =   0.0008

E_G= -1.151908

H_imp=
  -1.0000  -0.5846  -0.4464  -0.6680  -0.4666  -1.7418   3.5742   3.3094  -1.7737
  -0.0109  -0.7500   0.0374  -0.1092  -0.0549   0.1836   2.0982  -0.3896   0.2493
  -0.0440   0.1971  -0.5000  -0.1440  -0.5722  -0.2937  -6.8564  -1.5695  -0.5763
  -0.0431  -0.3765  -0.0943  -0.2500   0.1337   0.5503  -1.1273  -1.1318  -0.0518
  -0.0085  -0.0535  -0.1059   0.0378   0.0000  -0.0276   1.8152  -1.0746   0.0411
  -0.0184   0.1035  -0.0314   0.0901  -0.0160   0.2500  -2.2854  -0.7163   0.0615
   0.0004   0.0117  -0.0073  -0.0018   0.0104  -0.0227   0.5000  -0.0757   0.0101
   0.0026  -0.0164  -0.0125  -0.0138  -0.0464  -0.0534  -0.5688   0.7500   0.0114
  -0.0296   0.2220  -0.0975  -0.0134   0.0376   0.0971   1.6093   0.2419   1.0000

P_imp=
   0.9969   0.0117   0.0089   0.0134   0.0093   0.0348  -0.0715  -0.0662   0.0355
   0.0002   0.9919  -0.0007   0.0022   0.0011  -0.0037  -0.0420   0.0078  -0.0050
   0.0009  -0.0039   0.9869   0.0029   0.0114   0.0059   0.1371   0.0314   0.0115
   0.0009   0.0075   0.0019   0.9819  -0.0027  -0.0110   0.0225   0.0226   0.0010
   0.0002   0.0011   0.0021  -0.0008   0.9769   0.0006  -0.0363   0.0215  -0.0008
   0.0004  -0.0021   0.0006  -0.0018   0.0003   0.9719   0.0457   0.0143  -0.0012
  -0.0000  -0.0002   0.0001   0.0000  -0.0002   0.0005   0.9669   0.0015  -0.0002
  -0.0001   0.0003   0.0003   0.0003   0.0009   0.0011   0.0114   0.9619  -0.0002
   0.0006  -0.0044   0.0019   0.0003  -0.0008  -0.0019  -0.0322  -0.0048   0.9569
tau_av_expon_proj    = 6.351590 0.638815 1.201014 0.927471 0.747485 0.336681 0.050163 0.117526 0.360326
tau_av_expon_proj_new= 6.504622 2.476861 1.529668 1.106517 0.866749 0.712384 0.604691 0.525283 0.464309
factor=                1.023806 2.100314 1.239680 1.175638 1.147515 1.694502 2.501882 2.173331 1.251012
factor2=                 1.0241   3.8773   1.2736   1.1930   1.1596   2.1159  12.0545   4.4695   1.2886

eigenvalues of P_imp=  0.953835  0.957765  0.963171  0.973933  0.976522  0.982440  0.989117  0.995544  1.000000
eigenvalues of H_imp=  1.154489  0.958038  0.687698  0.149593  0.020158 -0.275736 -0.609584 -0.930919 -1.153737

eigenval_p,eigenval_h=  1.000000 -1.153737
psi0_psiG    =   0.8089   0.0170   0.0895   0.0495   0.0134   0.0082   0.0001   0.0005   0.0130

imp-sampled: sum_P_eig,sum_abs_P_eig,sign_condition_number=  1.000000  1.001523  0.926718

P_FN1=
   0.9969   0.0117   0.0089   0.0134   0.0093   0.0348   0.0000   0.0000   0.0355
   0.0002   0.9812   0.0000   0.0022   0.0011   0.0000   0.0000   0.0078   0.0000
   0.0009   0.0000   0.9862   0.0029   0.0114   0.0059   0.1371   0.0314   0.0115
   0.0009   0.0075   0.0019   0.9794   0.0000   0.0000   0.0225   0.0226   0.0010
   0.0002   0.0011   0.0021   0.0000   0.9733   0.0006   0.0000   0.0215   0.0000
   0.0004   0.0000   0.0006   0.0000   0.0003   0.9553   0.0457   0.0143   0.0000
   0.0000   0.0000   0.0001   0.0000   0.0000   0.0005   0.7850   0.0015   0.0000
   0.0000   0.0003   0.0003   0.0003   0.0009   0.0011   0.0114   0.8909   0.0000
   0.0006   0.0000   0.0019   0.0003   0.0000   0.0000   0.0000   0.0000   0.9495

eigenvalues of P_FN1=  0.784615  0.890405  0.948426  0.955300  0.971537  0.976184  0.983617  0.987507  0.999997
eigenvalues of H_FN1=  9.615497  4.326016  1.424943  1.081242  0.269415  0.037084 -0.334564 -0.529085 -1.153595

eigenval_p,eigenval_h=  0.999997 -1.153595
psiFN1_psiG =    0.8090   0.0162   0.0898   0.0493   0.0136   0.0083   0.0001   0.0006   0.0132
psiFN1      =    0.8958   0.1313   0.3166   0.2150   0.1112   0.0894   0.0098   0.0231   0.1131
overlap_G_FN1=    0.9992

E_0, E_G, E_FN1, E_G-E_0, E_FN1-E_0, rms fluctuation of E_L  -1.15374  -1.15191  -1.15359   0.00183   0.00014   0.04801
E_L     =  -1.1515  -1.2466  -1.2578  -1.0725  -0.9745  -1.0582  -1.2410  -0.6562  -1.0284
P_L     =   1.0000   1.0019   1.0021   0.9984   0.9964   0.9981   1.0017   0.9901   0.9975
P_abs_L =   1.0000   1.0125   1.0028   1.0009   1.0000   1.0147   1.1837   1.0611   1.0050

P_propos=
   0.9969   0.0115   0.0089   0.0133   0.0093   0.0343   0.0000   0.0000   0.0353
   0.0002   0.9796   0.0000   0.0022   0.0011   0.0000   0.0000   0.0073   0.0000
   0.0009   0.0000   0.9841   0.0029   0.0114   0.0058   0.1158   0.0296   0.0115
   0.0009   0.0074   0.0019   0.9810   0.0000   0.0000   0.0190   0.0213   0.0010
   0.0002   0.0011   0.0021   0.0000   0.9769   0.0005   0.0000   0.0203   0.0000
   0.0004   0.0000   0.0006   0.0000   0.0003   0.9578   0.0386   0.0135   0.0000
   0.0000   0.0000   0.0001   0.0000   0.0000   0.0004   0.8169   0.0014   0.0000
   0.0000   0.0003   0.0002   0.0003   0.0009   0.0011   0.0096   0.9066   0.0000
   0.0006   0.0000   0.0019   0.0003   0.0000   0.0000   0.0000   0.0000   0.9522
sum P_propos  1.000000  1.000000  1.000000  1.000000  1.000000  1.000000  1.000000  1.000000  1.000000
E_FN1= -1.153595 -1.153595
psiG**2=         0.8143   0.0152   0.0803   0.0525   0.0148   0.0086   0.0001   0.0006   0.0136
psiG**2 * P_L=   0.8142   0.0153   0.0804   0.0524   0.0148   0.0086   0.0001   0.0006   0.0135
psiG_psiFN=      0.8090   0.0162   0.0898   0.0493   0.0136   0.0083   0.0001   0.0006   0.0132
P_L=             1.0000   1.0019   1.0021   0.9984   0.9964   0.9981   1.0017   0.9901   0.9975
psiFN1_by_psiG=          0.9935   1.0642   1.1186   0.9391   0.9137   0.9654   1.0655   0.9142   0.9717

P_markov=
   0.9969   0.0115   0.0089   0.0133   0.0093   0.0343   0.0000   0.0000   0.0353
   0.0002   0.9797   0.0000   0.0022   0.0011   0.0000   0.0000   0.0073   0.0000
   0.0009   0.0000   0.9842   0.0029   0.0114   0.0058   0.1158   0.0296   0.0115
   0.0009   0.0074   0.0019   0.9811   0.0000   0.0000   0.0190   0.0213   0.0010
   0.0002   0.0011   0.0021   0.0000   0.9770   0.0005   0.0000   0.0203   0.0000
   0.0004   0.0000   0.0006   0.0000   0.0003   0.9579   0.0386   0.0135   0.0000
   0.0000   0.0000   0.0001   0.0000   0.0000   0.0004   0.8169   0.0013   0.0000
   0.0000   0.0003   0.0002   0.0003   0.0009   0.0010   0.0096   0.9067   0.0000
   0.0006   0.0000   0.0019   0.0003   0.0000   0.0000   0.0000   0.0000   0.9522

eigenvalues of P_markov=  0.816563  0.906144  0.951074  0.957936  0.973945  0.977019  0.983266  0.986591  1.000000
eigenvalues of H_markov=  8.018132  3.539060  1.292557  0.949479  0.149000 -0.004710 -0.317040 -0.483274 -1.153737

eigenval_p,eigenval_h=  1.000000 -1.153595
psi for P_mar=   0.8143   0.0152   0.0803   0.0525   0.0148   0.0086   0.0001   0.0006   0.0136
psiG**2      =   0.8143   0.0152   0.0803   0.0525   0.0148   0.0086   0.0001   0.0006   0.0136
Above 2 lines should be equal since Markov matrix has dominant state psiG**2
The exception to this occurs when there is no sign problem, but some components of psiG have the wrong sign, in which case one has 2 decoupled spaces with degenerate dominant eigenvalues

P_FN3=
   0.9969   0.0116   0.0089   0.0133   0.0093   0.0343   0.0000   0.0000   0.0352
   0.0002   0.9815   0.0000   0.0022   0.0011   0.0000   0.0000   0.0073   0.0000
   0.0009   0.0000   0.9862   0.0029   0.0114   0.0058   0.1161   0.0293   0.0114
   0.0009   0.0075   0.0019   0.9795   0.0000   0.0000   0.0191   0.0211   0.0010
   0.0002   0.0011   0.0021   0.0000   0.9735   0.0005   0.0000   0.0201   0.0000
   0.0004   0.0000   0.0006   0.0000   0.0003   0.9561   0.0387   0.0134   0.0000
   0.0000   0.0000   0.0001   0.0000   0.0000   0.0004   0.8183   0.0013   0.0000
   0.0000   0.0003   0.0002   0.0003   0.0009   0.0010   0.0096   0.8977   0.0000
   0.0006   0.0000   0.0019   0.0003   0.0000   0.0000   0.0000   0.0000   0.9498
E_FN3= -1.153559 -1.153559

eigenvalues of P_FN3=  0.817974  0.897212  0.948794  0.956093  0.971724  0.976370  0.983764  0.987545  0.999999
eigenvalues of H_FN3=  7.947721  3.985829  1.406724  1.041765  0.260219  0.027894 -0.341801 -0.530862 -1.153559

eigenval_p,eigenval_h=  0.999999 -1.153559
psiFN3_psiG  =   0.8090   0.0162   0.0896   0.0494   0.0136   0.0083   0.0001   0.0006   0.0132
psiFN3      =    0.8959   0.1312   0.3161   0.2153   0.1115   0.0895   0.0098   0.0232   0.1134

P_FN4=
   0.9969   0.0116   0.0089   0.0133   0.0093   0.0343   0.0000   0.0000   0.0352
   0.0002   0.9815   0.0000   0.0022   0.0011   0.0000   0.0000   0.0073   0.0000
   0.0009   0.0000   0.9862   0.0029   0.0114   0.0058   0.1161   0.0293   0.0114
   0.0009   0.0075   0.0019   0.9794   0.0000   0.0000   0.0191   0.0211   0.0010
   0.0002   0.0011   0.0021   0.0000   0.9734   0.0005   0.0000   0.0201   0.0000
   0.0004   0.0000   0.0006   0.0000   0.0003   0.9560   0.0387   0.0134   0.0000
   0.0000   0.0000   0.0001   0.0000   0.0000   0.0004   0.8183   0.0014   0.0000
   0.0000   0.0003   0.0003   0.0003   0.0009   0.0011   0.0096   0.8975   0.0000
   0.0006   0.0000   0.0019   0.0003   0.0000   0.0000   0.0000   0.0000   0.9498
E_FN4= -1.153560 -1.153560

eigenvalues of P_FN4=  0.817925  0.897047  0.948788  0.956007  0.971633  0.976308  0.983757  0.987523  0.999999
eigenvalues of H_FN4=  7.950168  3.994080  1.406990  1.046058  0.264757  0.031010 -0.341426 -0.529753 -1.153560

eigenval_p,eigenval_h=  0.999999 -1.153560
psiFN4_psiG  =   0.8084   0.0164   0.0898   0.0494   0.0136   0.0084   0.0001   0.0006   0.0133
psiFN4      =    0.8952   0.1327   0.3166   0.2154   0.1115   0.0908   0.0116   0.0246   0.1138
FN5: sum_pos  0.002977
FN5: sum_pos  0.534419
FN5: sum_pos  0.037431
FN5: sum_pos  0.127859
FN5: sum_pos  0.181659
FN5: sum_pos  0.830968
FN5: sum_pos  9.096929
FN5: sum_pos  3.551291
FN5: sum_pos  0.373420

P_FN5=
   0.9969   0.0117   0.0089   0.0134   0.0093   0.0348   0.0000   0.0000   0.0355
   0.0002   0.9812   0.0000   0.0022   0.0011   0.0000   0.0000   0.0078   0.0000
   0.0009   0.0000   0.9862   0.0029   0.0114   0.0059   0.1371   0.0314   0.0115
   0.0009   0.0075   0.0019   0.9794   0.0000   0.0000   0.0225   0.0226   0.0010
   0.0002   0.0011   0.0021   0.0000   0.9733   0.0006   0.0000   0.0215   0.0000
   0.0004   0.0000   0.0006   0.0000   0.0003   0.9553   0.0457   0.0143   0.0000
   0.0000   0.0000   0.0001   0.0000   0.0000   0.0005   0.7867   0.0015   0.0000
   0.0000   0.0003   0.0003   0.0003   0.0009   0.0011   0.0114   0.8910   0.0000
   0.0006   0.0000   0.0019   0.0003   0.0000   0.0000   0.0000   0.0000   0.9495
E_FN5= -1.153613 -1.153595

eigenvalues of P_FN5=  0.786293  0.890532  0.948432  0.955306  0.971538  0.976184  0.983617  0.987508  0.999998
eigenvalues of H_FN5=  9.531637  4.319657  1.424642  1.080970  0.269380  0.037074 -0.334574 -0.529139 -1.153613

eigenval_p,eigenval_h=  0.999998 -1.153613
psiFN5_psiG  =   0.8090   0.0162   0.0898   0.0493   0.0136   0.0083   0.0001   0.0006   0.0132
psiFN5      =    0.8958   0.1313   0.3167   0.2150   0.1113   0.0894   0.0099   0.0232   0.1131

E_G, E_FN1, E_FN3, E_FN4, E_0, recover_FN1, recover_FN3, recover_FN4, 1-ovlp_FN1, 1-ovlp_FN3, 1-ovlp_FN4, sign_cond_num= -1.151908 -1.153595 -1.153559 -1.153560 -1.153737 0.922 0.903 0.903 3.E-05 4.E-05 3.E-05 0.927

P_propos2=
   0.9969   0.0117   0.0089   0.0134   0.0094   0.0349   0.0000   0.0000   0.0356
   0.0002   0.9794   0.0000   0.0022   0.0011   0.0000   0.0000   0.0079   0.0000
   0.0009   0.0000   0.9841   0.0029   0.0115   0.0059   0.1369   0.0317   0.0116
   0.0009   0.0075   0.0019   0.9810   0.0000   0.0000   0.0225   0.0229   0.0010
   0.0002   0.0011   0.0021   0.0000   0.9768   0.0006   0.0000   0.0217   0.0000
   0.0004   0.0000   0.0006   0.0000   0.0003   0.9571   0.0456   0.0145   0.0000
   0.0000   0.0000   0.0001   0.0000   0.0000   0.0005   0.7836   0.0015   0.0000
   0.0000   0.0003   0.0002   0.0003   0.0009   0.0011   0.0114   0.8999   0.0000
   0.0006   0.0000   0.0019   0.0003   0.0000   0.0000   0.0000   0.0000   0.9518

eigenvalues of P_FN1_propos=  0.783262  0.899278  0.950708  0.957144  0.973752  0.976821  0.983151  0.986549  1.000000
psi for P_FN1_propos=   0.8143   0.0153   0.0804   0.0524   0.0148   0.0086   0.0001   0.0006   0.0135
psiG**2 * P_L       =   0.8143   0.0153   0.0804   0.0524   0.0148   0.0086   0.0001   0.0006   0.0135
Above 2 lines should be equal since proposal part of P_FN1 has dominant state psiG**2 * P_L
The exception to this occurs when there is no sign problem, but some components of psiG have the wrong sign, in which case one has 2 decoupled spaces with degenerate dominant eigenvalues
 W_2der_by_W
 -0.120728E-01  0.736166E-02  0.236589     -0.108266     -0.110154     -0.563289E-01 -0.373412E-01 -0.153279E-01 -0.781285E-01
  0.736166E-02 -0.265295E-02 -0.818201E-01  0.332488E-01  0.376873E-01  0.146063E-01  0.822933E-02  0.109142E-01  0.224767E-01
  0.236589     -0.818201E-01  -2.81133       1.05969       1.21322      0.513296      0.451421      0.356145      0.791008    
 -0.108266      0.332488E-01   1.05969     -0.288332     -0.494058     -0.166621     -0.165970     -0.172371     -0.326114    
 -0.110154      0.376873E-01   1.21322     -0.494058     -0.320098     -0.251384     -0.180247     -0.226237     -0.362797    
 -0.563289E-01  0.146063E-01  0.513296     -0.166621     -0.251384      0.386195E-01 -0.840161E-01 -0.102030     -0.153094    
 -0.373412E-01  0.822933E-02  0.451421     -0.165970     -0.180247     -0.840161E-01 -0.335439     -0.631928E-01 -0.133540    
 -0.153279E-01  0.109142E-01  0.356145     -0.172371     -0.226237     -0.102030     -0.631928E-01  0.234905     -0.920225E-01
 -0.781285E-01  0.224767E-01  0.791008     -0.326114     -0.362797     -0.153094     -0.133540     -0.920225E-01 -0.390300E-01
W_der_by_W      =  -0.002842   0.001247   0.039355  -0.016901  -0.019119  -0.008157  -0.006151  -0.005177  -0.012346

gradient_VMC_FD=      0.000759     -0.004327     -0.071602      0.036401      0.043233      0.017367     -0.001645      0.025092      0.028769

gradient_VMC=      0.000759     -0.002885     -0.070160      0.036401      0.043233      0.017366     -0.001645      0.025091      0.028769

gradient_VMC_in_dmc=      0.000754     -0.003070     -0.077927      0.034185      0.039501      0.016766     -0.001753      0.022940      0.027955

gradient_FN1_FD=     -0.000305     -0.000893     -0.003656      0.000623      0.001647      0.000969     -0.012796      0.013306      0.004932

gradient_FN1_exact=     -0.000305      0.000013     -0.002750      0.000624      0.001647      0.000967     -0.012797      0.013306      0.004931

gradient_FN1_approx=     -0.000324     -0.000610     -0.003308      0.000644      0.001745      0.000795     -0.012674      0.013979      0.004795

gradient_FU=     -0.001114     -0.000566     -0.000632      0.000876      0.001693      0.000774     -0.013348      0.013321      0.004220
 hessian_vmc_in_dmc
  0.299138     -0.148344E-01 -0.228524     -0.389475     -0.191171     -0.380725      0.784090E-01  0.135895     -0.500272    
 -0.148344E-01  0.101644E-01  0.631476E-01 -0.499399E-01 -0.138364E-01  0.345431E-01  0.413652E-01 -0.201096E-01  0.589210E-01
 -0.228524      0.631476E-01   1.90091     -0.408847     -0.559146     -0.769684E-01 -0.339500     -0.367439     -0.289925    
 -0.389475     -0.499399E-01 -0.408847       1.66457      0.107091      0.410668     -0.909472E-01 -0.243114     -0.701138E-01
 -0.191171     -0.138364E-01 -0.559146      0.107091       2.08736     -0.503130E-01  0.271771     -0.414885      0.589024E-01
 -0.380725      0.345431E-01 -0.769684E-01  0.410668     -0.503130E-01   2.70081     -0.462187     -0.372410      0.140837    
  0.784090E-01  0.413652E-01 -0.339500     -0.909472E-01  0.271771     -0.462187       3.52028     -0.411092      0.259639    
  0.135895     -0.201096E-01 -0.367439     -0.243114     -0.414885     -0.372410     -0.411092       3.47551      0.926155E-01
 -0.500272      0.589210E-01 -0.289925     -0.701138E-01  0.589024E-01  0.140837      0.259639      0.926155E-01   4.16941    
 hessian_VMC_FD
  0.301075     -0.145616E-01 -0.223855     -0.405327     -0.204234     -0.389365      0.760785E-01  0.140301     -0.510039    
 -0.145616E-01 -0.193065E-01  0.583453E-01 -0.498565E-01 -0.140014E-01  0.340391E-01  0.388393E-01 -0.203387E-01  0.578848E-01
 -0.223855      0.583453E-01   1.67192     -0.402174     -0.551565     -0.707765E-01 -0.307679     -0.363389     -0.271977    
 -0.405327     -0.498565E-01 -0.402174       1.77045      0.113482      0.430551     -0.907374E-01 -0.263328     -0.743576E-01
 -0.204234     -0.140014E-01 -0.551565      0.113482       2.28274     -0.542997E-01  0.274623     -0.454654      0.614887E-01
 -0.389365      0.340391E-01 -0.707765E-01  0.430551     -0.542997E-01   2.79738     -0.455155     -0.396591      0.145114    
  0.760785E-01  0.388393E-01 -0.307679     -0.907374E-01  0.274623     -0.455155       3.30388     -0.415303      0.254899    
  0.140301     -0.203387E-01 -0.363389     -0.263328     -0.454654     -0.396591     -0.415303       3.80128      0.977931E-01
 -0.510039      0.578848E-01 -0.271977     -0.743576E-01  0.614887E-01  0.145114      0.254899      0.977931E-01   4.29041    
 hessian_vmc
  0.301075     -0.145616E-01 -0.223855     -0.405327     -0.204234     -0.389365      0.760785E-01  0.140301     -0.510039    
 -0.145616E-01  0.953986E-02  0.583453E-01 -0.498565E-01 -0.140014E-01  0.340391E-01  0.388393E-01 -0.203387E-01  0.578848E-01
 -0.223855      0.583453E-01   1.70077     -0.402174     -0.551565     -0.707765E-01 -0.307679     -0.363389     -0.271977    
 -0.405327     -0.498565E-01 -0.402174       1.77045      0.113482      0.430551     -0.907374E-01 -0.263328     -0.743576E-01
 -0.204234     -0.140014E-01 -0.551565      0.113482       2.28274     -0.542997E-01  0.274623     -0.454654      0.614887E-01
 -0.389365      0.340391E-01 -0.707765E-01  0.430551     -0.542997E-01   2.79738     -0.455155     -0.396591      0.145114    
  0.760785E-01  0.388393E-01 -0.307679     -0.907374E-01  0.274623     -0.455155       3.30388     -0.415303      0.254899    
  0.140301     -0.203387E-01 -0.363389     -0.263328     -0.454654     -0.396591     -0.415303       3.80128      0.977931E-01
 -0.510039      0.578848E-01 -0.271977     -0.743576E-01  0.614887E-01  0.145114      0.254899      0.977931E-01   4.29041    
 hessian_FN_FD
  0.280331E-02 -0.126982E-03 -0.278527E-03 -0.642125E-03 -0.322659E-03  0.125039E-02  0.768829E-03 -0.633371E-01 -0.395545E-02
 -0.126982E-03 -0.627276E-03  0.956027E-02 -0.673683E-02  0.231343E-03  0.441147E-02  0.269589E-01 -0.398057E-02 -0.140332E-01
 -0.278527E-03  0.956027E-02  0.725597E-01 -0.185559E-01 -0.256517E-02 -0.227191E-01  0.395552E-01 -0.158848E-01 -0.102350    
 -0.642125E-03 -0.673683E-02 -0.185559E-01  0.147959     -0.892833E-01 -0.190449      0.313162E-01  0.190402E-01 -0.793032E-02
 -0.322659E-03  0.231343E-03 -0.256517E-02 -0.892833E-01  0.246449     -0.321687E-01  0.124481E-01 -0.282670E-01 -0.567861E-01
  0.125039E-02  0.441147E-02 -0.227191E-01 -0.190449     -0.321687E-01  0.802156     -0.208971     -0.310102E-01 -0.169493    
  0.768829E-03  0.269589E-01  0.395552E-01  0.313162E-01  0.124481E-01 -0.208971       2.91935     -0.284230     -0.701580E-01
 -0.633371E-01 -0.398057E-02 -0.158848E-01  0.190402E-01 -0.282670E-01 -0.310102E-01 -0.284230       1.94194      0.324901E-01
 -0.395545E-02 -0.140332E-01 -0.102350     -0.793032E-02 -0.567861E-01 -0.169493     -0.701580E-01  0.324901E-01  0.445605    
 hessian_FN1
 -0.594229E-02  0.436948E-02  0.135093     -0.633745E-01 -0.605818E-01 -0.334606E-01 -0.161203E-01 -0.792799E-01 -0.533385E-01
  0.436948E-02  0.380664E-02 -0.333573E-02 -0.786612E-02  0.141280E-02  0.272855E-02  0.227602E-01 -0.140954E-02 -0.146472E-01
  0.135093     -0.333573E-02 -0.468599      0.259746E-01  0.676322E-01  0.894720E-02  0.163975      0.814979E-01 -0.151833E-01
 -0.633745E-01 -0.786612E-02  0.259746E-01  0.332042     -0.830430E-01 -0.150809      0.108660E-01 -0.298957E-01 -0.164548E-01
 -0.605818E-01  0.141280E-02  0.676322E-01 -0.830430E-01  0.559787     -0.435294E-01 -0.224851E-01 -0.119906     -0.703309E-01
 -0.334606E-01  0.272855E-02  0.894720E-02 -0.150809     -0.435294E-01  0.979624     -0.230023     -0.729739E-01 -0.172858    
 -0.161203E-01  0.227602E-01  0.163975      0.108660E-01 -0.224851E-01 -0.230023       2.45965     -0.319213     -0.111239    
 -0.792799E-01 -0.140954E-02  0.814979E-01 -0.298957E-01 -0.119906     -0.729739E-01 -0.319213       2.45783      0.239374E-01
 -0.533385E-01 -0.146472E-01 -0.151833E-01 -0.164548E-01 -0.703309E-01 -0.172858     -0.111239      0.239374E-01  0.651112    
 hessian_FN_err
 -0.874561E-02  0.449646E-02  0.135371     -0.627323E-01 -0.602591E-01 -0.347110E-01 -0.168891E-01 -0.159428E-01 -0.493830E-01
  0.449646E-02  0.443391E-02 -0.128960E-01 -0.112928E-02  0.118145E-02 -0.168292E-02 -0.419861E-02  0.257102E-02 -0.613976E-03
  0.135371     -0.128960E-01 -0.541158      0.445304E-01  0.701974E-01  0.316662E-01  0.124420      0.973827E-01  0.871662E-01
 -0.627323E-01 -0.112928E-02  0.445304E-01  0.184083      0.624034E-02  0.396405E-01 -0.204502E-01 -0.489359E-01 -0.852449E-02
 -0.602591E-01  0.118145E-02  0.701974E-01  0.624034E-02  0.313338     -0.113607E-01 -0.349332E-01 -0.916389E-01 -0.135448E-01
 -0.347110E-01 -0.168292E-02  0.316662E-01  0.396405E-01 -0.113607E-01  0.177469     -0.210520E-01 -0.419637E-01 -0.336561E-02
 -0.168891E-01 -0.419861E-02  0.124420     -0.204502E-01 -0.349332E-01 -0.210520E-01 -0.459699     -0.349829E-01 -0.410814E-01
 -0.159428E-01  0.257102E-02  0.973827E-01 -0.489359E-01 -0.916389E-01 -0.419637E-01 -0.349829E-01  0.515894     -0.855271E-02
 -0.493830E-01 -0.613976E-03  0.871662E-01 -0.852449E-02 -0.135448E-01 -0.336561E-02 -0.410814E-01 -0.855271E-02  0.205506    
FN1*G=  0.8083461613  0.0162039093  0.0896997381  0.0492763660  0.0135548730  0.0082897346  0.0000907146  0.0005850477  0.0131756421  0.9992221868
FN1_G=  0.8089753931  0.0162165227  0.0897695620  0.0493147236  0.0135654244  0.0082961875  0.0000907852  0.0005855032  0.0131858983  1.0000000000
------------------------------------------------------------
psi0         =   0.8957   0.1375   0.3155   0.2159   0.1095   0.0884   0.0127   0.0197   0.1112
psiG         =   0.9011   0.1264   0.2901   0.2262   0.1203   0.0915   0.0091   0.0250   0.1150
1-overlap_G  =   0.0005

E_G= -1.152562

H_imp=
  -1.0000  -0.5700  -0.4353  -0.6759  -0.4722  -1.7624   3.6164   3.3485  -1.7947
  -0.0112  -0.7500   0.0374  -0.1134  -0.0570   0.1905   2.1773  -0.4043   0.2587
  -0.0451   0.1971  -0.5000  -0.1495  -0.5938  -0.3048  -7.1147  -1.6286  -0.5980
  -0.0426  -0.3628  -0.0908  -0.2500   0.1337   0.5503  -1.1273  -1.1318  -0.0518
  -0.0084  -0.0516  -0.1020   0.0378   0.0000  -0.0276   1.8152  -1.0746   0.0411
  -0.0182   0.0998  -0.0303   0.0901  -0.0160   0.2500  -2.2854  -0.7163   0.0615
   0.0004   0.0113  -0.0070  -0.0018   0.0104  -0.0227   0.5000  -0.0757   0.0101
   0.0026  -0.0158  -0.0121  -0.0138  -0.0464  -0.0534  -0.5688   0.7500   0.0114
  -0.0292   0.2140  -0.0939  -0.0134   0.0376   0.0971   1.6093   0.2419   1.0000

P_imp=
   0.9969   0.0114   0.0087   0.0135   0.0094   0.0352  -0.0723  -0.0670   0.0359
   0.0002   0.9919  -0.0007   0.0023   0.0011  -0.0038  -0.0435   0.0081  -0.0052
   0.0009  -0.0039   0.9869   0.0030   0.0119   0.0061   0.1423   0.0326   0.0120
   0.0009   0.0073   0.0018   0.9819  -0.0027  -0.0110   0.0225   0.0226   0.0010
   0.0002   0.0010   0.0020  -0.0008   0.9769   0.0006  -0.0363   0.0215  -0.0008
   0.0004  -0.0020   0.0006  -0.0018   0.0003   0.9719   0.0457   0.0143  -0.0012
  -0.0000  -0.0002   0.0001   0.0000  -0.0002   0.0005   0.9669   0.0015  -0.0002
  -0.0001   0.0003   0.0002   0.0003   0.0009   0.0011   0.0114   0.9619  -0.0002
   0.0006  -0.0043   0.0019   0.0003  -0.0008  -0.0019  -0.0322  -0.0048   0.9569
tau_av_expon_proj    = 6.343331 0.656860 1.236320 0.912708 0.731550 0.332364 0.049226 0.115987 0.353689
tau_av_expon_proj_new= 6.510647 2.477734 1.530000 1.106691 0.866856 0.712456 0.604743 0.525322 0.464340
factor=                1.026032 2.085263 1.211607 1.191582 1.168929 1.704881 2.505780 2.179745 1.269085
factor2=                 1.0264   3.7721   1.2375   1.2125   1.1850   2.1436  12.2850   4.5291   1.3128

eigenvalues of P_imp=  0.953835  0.957765  0.963171  0.973933  0.976522  0.982440  0.989117  0.995544  1.000000
eigenvalues of H_imp=  1.154489  0.958038  0.687698  0.149593  0.020158 -0.275736 -0.609584 -0.930919 -1.153737

eigenval_p,eigenval_h=  1.000000 -1.153595
psi0_psiG    =   0.8075   0.0174   0.0916   0.0488   0.0132   0.0081   0.0001   0.0005   0.0128

imp-sampled: sum_P_eig,sum_abs_P_eig,sign_condition_number=  1.000000  1.001521  0.926814

P_FN1=
   0.9969   0.0114   0.0087   0.0135   0.0094   0.0352   0.0000   0.0000   0.0359
   0.0002   0.9815   0.0000   0.0023   0.0011   0.0000   0.0000   0.0081   0.0000
   0.0009   0.0000   0.9862   0.0030   0.0119   0.0061   0.1423   0.0326   0.0120
   0.0009   0.0073   0.0018   0.9794   0.0000   0.0000   0.0225   0.0226   0.0010
   0.0002   0.0010   0.0020   0.0000   0.9733   0.0006   0.0000   0.0215   0.0000
   0.0004   0.0000   0.0006   0.0000   0.0003   0.9552   0.0457   0.0143   0.0000
   0.0000   0.0000   0.0001   0.0000   0.0000   0.0005   0.7826   0.0015   0.0000
   0.0000   0.0003   0.0002   0.0003   0.0009   0.0011   0.0114   0.8901   0.0000
   0.0006   0.0000   0.0019   0.0003   0.0000   0.0000   0.0000   0.0000   0.9493

eigenvalues of P_FN1=  0.782194  0.889626  0.948244  0.955159  0.971543  0.976256  0.983776  0.987504  0.999998
eigenvalues of H_FN1=  9.736548  4.364955  1.434085  1.088313  0.269120  0.033479 -0.342516 -0.528947 -1.153629

eigenval_p,eigenval_h=  0.999998 -1.153629
psiFN1_psiG =    0.8075   0.0168   0.0918   0.0487   0.0134   0.0082   0.0001   0.0006   0.0130
psiFN1      =    0.8957   0.1330   0.3164   0.2153   0.1112   0.0891   0.0097   0.0230   0.1127
overlap_G_FN1=    0.9995

E_0, E_G, E_FN1, E_G-E_0, E_FN1-E_0, rms fluctuation of E_L  -1.15374  -1.15256  -1.15363   0.00117   0.00011   0.03828
E_L     =  -1.1518  -1.2280  -1.2340  -1.0899  -1.0036  -1.0830  -1.3780  -0.6908  -1.0617
P_L     =   1.0000   1.0015   1.0016   0.9987   0.9970   0.9986   1.0045   0.9907   0.9982
P_abs_L =   1.0000   1.0119   1.0024   1.0013   1.0006   1.0153   1.1888   1.0626   1.0058

P_propos=
   0.9969   0.0113   0.0087   0.0135   0.0094   0.0347   0.0000   0.0000   0.0357
   0.0002   0.9802   0.0000   0.0023   0.0011   0.0000   0.0000   0.0076   0.0000
   0.0009   0.0000   0.9846   0.0030   0.0119   0.0060   0.1197   0.0307   0.0119
   0.0009   0.0072   0.0018   0.9807   0.0000   0.0000   0.0190   0.0213   0.0010
   0.0002   0.0010   0.0020   0.0000   0.9763   0.0005   0.0000   0.0202   0.0000
   0.0004   0.0000   0.0006   0.0000   0.0003   0.9572   0.0384   0.0135   0.0000
   0.0000   0.0000   0.0001   0.0000   0.0000   0.0004   0.8133   0.0014   0.0000
   0.0000   0.0003   0.0002   0.0003   0.0009   0.0011   0.0096   0.9053   0.0000
   0.0006   0.0000   0.0019   0.0003   0.0000   0.0000   0.0000   0.0000   0.9514
sum P_propos  1.000000  1.000000  1.000000  1.000000  1.000000  1.000000  1.000000  1.000000  1.000000
E_FN1= -1.153629 -1.153629
psiG**2=         0.8120   0.0160   0.0842   0.0511   0.0145   0.0084   0.0001   0.0006   0.0132
psiG**2 * P_L=   0.8119   0.0160   0.0843   0.0511   0.0144   0.0084   0.0001   0.0006   0.0132
psiG_psiFN=      0.8075   0.0168   0.0918   0.0487   0.0134   0.0082   0.0001   0.0006   0.0130
P_L=             1.0000   1.0015   1.0016   0.9987   0.9970   0.9986   1.0045   0.9907   0.9982
psiFN1_by_psiG=          0.9945   1.0528   1.0910   0.9524   0.9254   0.9744   1.0657   0.9198   0.9804

P_markov=
   0.9969   0.0113   0.0087   0.0135   0.0094   0.0347   0.0000   0.0000   0.0357
   0.0002   0.9802   0.0000   0.0022   0.0011   0.0000   0.0000   0.0076   0.0000
   0.0009   0.0000   0.9847   0.0030   0.0118   0.0060   0.1197   0.0307   0.0119
   0.0009   0.0072   0.0018   0.9807   0.0000   0.0000   0.0190   0.0213   0.0010
   0.0002   0.0010   0.0020   0.0000   0.9764   0.0005   0.0000   0.0202   0.0000
   0.0004   0.0000   0.0006   0.0000   0.0003   0.9574   0.0384   0.0135   0.0000
   0.0000   0.0000   0.0001   0.0000   0.0000   0.0004   0.8133   0.0013   0.0000
   0.0000   0.0003   0.0002   0.0003   0.0009   0.0010   0.0096   0.9055   0.0000
   0.0006   0.0000   0.0019   0.0003   0.0000   0.0000   0.0000   0.0000   0.9514

eigenvalues of P_markov=  0.813023  0.904895  0.950302  0.957338  0.973705  0.976993  0.983417  0.986793  1.000000
eigenvalues of H_markov=  8.195102  3.601503  1.331188  0.979355  0.161032 -0.003394 -0.324582 -0.493386 -1.153737

eigenval_p,eigenval_h=  1.000000 -1.153629
psi for P_mar=   0.8120   0.0160   0.0842   0.0511   0.0145   0.0084   0.0001   0.0006   0.0132
psiG**2      =   0.8120   0.0160   0.0842   0.0511   0.0145   0.0084   0.0001   0.0006   0.0132
Above 2 lines should be equal since Markov matrix has dominant state psiG**2
The exception to this occurs when there is no sign problem, but some components of psiG have the wrong sign, in which case one has 2 decoupled spaces with degenerate dominant eigenvalues

P_FN3=
   0.9969   0.0113   0.0087   0.0135   0.0094   0.0347   0.0000   0.0000   0.0356
   0.0002   0.9817   0.0000   0.0022   0.0011   0.0000   0.0000   0.0075   0.0000
   0.0009   0.0000   0.9862   0.0030   0.0118   0.0060   0.1202   0.0304   0.0119
   0.0009   0.0072   0.0018   0.9795   0.0000   0.0000   0.0190   0.0211   0.0010
   0.0002   0.0010   0.0020   0.0000   0.9735   0.0005   0.0000   0.0200   0.0000
   0.0004   0.0000   0.0006   0.0000   0.0003   0.9560   0.0386   0.0134   0.0000
   0.0000   0.0000   0.0001   0.0000   0.0000   0.0004   0.8170   0.0013   0.0000
   0.0000   0.0003   0.0002   0.0003   0.0009   0.0010   0.0096   0.8971   0.0000
   0.0006   0.0000   0.0019   0.0003   0.0000   0.0000   0.0000   0.0000   0.9496
E_FN3= -1.153607 -1.153607

eigenvalues of P_FN3=  0.816650  0.896599  0.948626  0.955969  0.971719  0.976433  0.983919  0.987544  1.000000
eigenvalues of H_FN3=  8.013856  4.016397  1.415059  1.047917  0.260436  0.024730 -0.349558 -0.530809 -1.153607

eigenval_p,eigenval_h=  1.000000 -1.153607
psiFN3_psiG  =   0.8075   0.0168   0.0917   0.0488   0.0134   0.0082   0.0001   0.0006   0.0130
psiFN3      =    0.8957   0.1329   0.3159   0.2155   0.1115   0.0892   0.0097   0.0230   0.1128

P_FN4=
   0.9969   0.0113   0.0087   0.0135   0.0094   0.0347   0.0000   0.0000   0.0356
   0.0002   0.9817   0.0000   0.0023   0.0011   0.0000   0.0000   0.0075   0.0000
   0.0009   0.0000   0.9862   0.0030   0.0118   0.0060   0.1202   0.0304   0.0119
   0.0009   0.0072   0.0018   0.9794   0.0000   0.0000   0.0190   0.0211   0.0010
   0.0002   0.0010   0.0020   0.0000   0.9734   0.0005   0.0000   0.0200   0.0000
   0.0004   0.0000   0.0006   0.0000   0.0003   0.9559   0.0386   0.0134   0.0000
   0.0000   0.0000   0.0001   0.0000   0.0000   0.0004   0.8170   0.0014   0.0000
   0.0000   0.0003   0.0002   0.0003   0.0009   0.0010   0.0096   0.8969   0.0000
   0.0006   0.0000   0.0019   0.0003   0.0000   0.0000   0.0000   0.0000   0.9496
E_FN4= -1.153603 -1.153603

eigenvalues of P_FN4=  0.816601  0.896431  0.948620  0.955881  0.971639  0.976374  0.983911  0.987520  0.999999
eigenvalues of H_FN4=  8.016338  4.024833  1.415382  1.052315  0.264409  0.027652 -0.349157 -0.529629 -1.153603

eigenval_p,eigenval_h=  0.999999 -1.153603
psiFN4_psiG  =   0.8069   0.0170   0.0918   0.0488   0.0134   0.0083   0.0001   0.0006   0.0130
psiFN4      =    0.8951   0.1344   0.3163   0.2156   0.1115   0.0905   0.0115   0.0245   0.1134
FN5: sum_pos  0.002942
FN5: sum_pos  0.522176
FN5: sum_pos  0.037431
FN5: sum_pos  0.127859
FN5: sum_pos  0.181659
FN5: sum_pos  0.837882
FN5: sum_pos  9.218224
FN5: sum_pos  3.590424
FN5: sum_pos  0.382812

P_FN5=
   0.9969   0.0114   0.0087   0.0135   0.0094   0.0352   0.0000   0.0000   0.0359
   0.0002   0.9815   0.0000   0.0023   0.0011   0.0000   0.0000   0.0081   0.0000
   0.0009   0.0000   0.9862   0.0030   0.0119   0.0061   0.1423   0.0326   0.0120
   0.0009   0.0073   0.0018   0.9794   0.0000   0.0000   0.0225   0.0226   0.0010
   0.0002   0.0010   0.0020   0.0000   0.9733   0.0006   0.0000   0.0215   0.0000
   0.0004   0.0000   0.0006   0.0000   0.0003   0.9552   0.0457   0.0143   0.0000
   0.0000   0.0000   0.0001   0.0000   0.0000   0.0005   0.7843   0.0015   0.0000
   0.0000   0.0003   0.0002   0.0003   0.0009   0.0011   0.0114   0.8902   0.0000
   0.0006   0.0000   0.0019   0.0003   0.0000   0.0000   0.0000   0.0000   0.9493
E_FN5= -1.153647 -1.153629

eigenvalues of P_FN5=  0.783943  0.889757  0.948250  0.955164  0.971544  0.976256  0.983776  0.987505  0.999998
eigenvalues of H_FN5=  9.649095  4.358418  1.433779  1.088038  0.269084  0.033469 -0.342526 -0.529002 -1.153647

eigenval_p,eigenval_h=  0.999998 -1.153647
psiFN5_psiG  =   0.8075   0.0168   0.0918   0.0487   0.0134   0.0082   0.0001   0.0006   0.0130
psiFN5      =    0.8957   0.1330   0.3164   0.2153   0.1112   0.0891   0.0098   0.0230   0.1127

E_G, E_FN1, E_FN3, E_FN4, E_0, recover_FN1, recover_FN3, recover_FN4, 1-ovlp_FN1, 1-ovlp_FN3, 1-ovlp_FN4, sign_cond_num= -1.152562 -1.153629 -1.153607 -1.153603 -1.153737 0.908 0.889 0.886 2.E-05 2.E-05 2.E-05 0.927

P_propos2=
   0.9969   0.0114   0.0087   0.0135   0.0095   0.0353   0.0000   0.0000   0.0360
   0.0002   0.9800   0.0000   0.0023   0.0011   0.0000   0.0000   0.0082   0.0000
   0.0009   0.0000   0.9846   0.0030   0.0119   0.0061   0.1417   0.0329   0.0120
   0.0009   0.0072   0.0018   0.9806   0.0000   0.0000   0.0224   0.0228   0.0010
   0.0002   0.0010   0.0020   0.0000   0.9762   0.0006   0.0000   0.0217   0.0000
   0.0004   0.0000   0.0006   0.0000   0.0003   0.9565   0.0455   0.0145   0.0000
   0.0000   0.0000   0.0001   0.0000   0.0000   0.0005   0.7791   0.0015   0.0000
   0.0000   0.0003   0.0002   0.0003   0.0009   0.0011   0.0113   0.8984   0.0000
   0.0006   0.0000   0.0019   0.0003   0.0000   0.0000   0.0000   0.0000   0.9510

eigenvalues of P_FN1_propos=  0.778719  0.897866  0.949920  0.956528  0.973525  0.976805  0.983299  0.986751  1.000000
psi for P_FN1_propos=   0.8119   0.0160   0.0843   0.0511   0.0144   0.0084   0.0001   0.0006   0.0132
psiG**2 * P_L       =   0.8119   0.0160   0.0843   0.0511   0.0144   0.0084   0.0001   0.0006   0.0132
Above 2 lines should be equal since proposal part of P_FN1 has dominant state psiG**2 * P_L
The exception to this occurs when there is no sign problem, but some components of psiG have the wrong sign, in which case one has 2 decoupled spaces with degenerate dominant eigenvalues
 W_2der_by_W
 -0.814501E-02  0.533358E-02  0.158137     -0.757938E-01 -0.792825E-01 -0.374238E-01 -0.245016E-01 -0.869695E-02 -0.495463E-01
  0.533358E-02 -0.184145E-02 -0.527077E-01  0.217500E-01  0.256736E-01  0.854792E-02  0.363895E-02  0.771529E-02  0.127948E-01
  0.158137     -0.527077E-01  -1.70915      0.643429      0.765172      0.291425      0.265243      0.234878      0.442377    
 -0.757938E-01  0.217500E-01  0.643429     -0.148747     -0.318311     -0.866153E-01 -0.937950E-01 -0.122699     -0.184716    
 -0.792825E-01  0.256736E-01  0.765172     -0.318311     -0.157698     -0.153929     -0.105790     -0.172815     -0.212977    
 -0.374238E-01  0.854792E-02  0.291425     -0.866153E-01 -0.153929      0.521679E-01 -0.411849E-01 -0.724169E-01 -0.808811E-01
 -0.245016E-01  0.363895E-02  0.265243     -0.937950E-01 -0.105790     -0.411849E-01 -0.329703     -0.407137E-01 -0.764508E-01
 -0.869695E-02  0.771529E-02  0.234878     -0.122699     -0.172815     -0.724169E-01 -0.407137E-01  0.235495     -0.545995E-01
 -0.495463E-01  0.127948E-01  0.442377     -0.184716     -0.212977     -0.808811E-01 -0.764508E-01 -0.545995E-01  0.173554E-01
W_der_by_W      =  -0.002302   0.001030   0.030017  -0.013372  -0.015745  -0.006015  -0.004360  -0.004382  -0.008843

