Input hamiltonian
hamiltonian=random                                                                          
Input ndim, E_T, tau_in
ndim, E_T, tau_in=    9-20.000000 0.020000
Input fraction_positive, off_diag_mag, psiG_noise
fraction_positive, off_diag_mag,psiG_noise= 0.500000 0.500000 0.000001
psiG_correct_sign
psiG_correct_sign= F
plot_deriv= F
Input irand_seed
irand_seed=1425565376542456

Data set    1

H=
  -1.0000   0.0800   0.1401  -0.1696   0.0630   0.1789  -0.0366  -0.0928  -0.2290
   0.0800  -0.7500   0.0859   0.2028  -0.0542   0.1379   0.1569  -0.0799  -0.2353
   0.1401   0.0859  -0.5000   0.1165  -0.2461  -0.0961  -0.2234  -0.1402   0.2370
  -0.1696   0.2028   0.1165  -0.2500  -0.0711  -0.2226   0.0454   0.1250  -0.0263
   0.0630  -0.0542  -0.2461  -0.0711   0.0000  -0.0210   0.1375  -0.2232  -0.0393
   0.1789   0.1379  -0.0961  -0.2226  -0.0210   0.2500  -0.2276  -0.1955  -0.0772
  -0.0366   0.1569  -0.2234   0.0454   0.1375  -0.2276   0.5000  -0.2075  -0.1275
  -0.0928  -0.0799  -0.1402   0.1250  -0.2232  -0.1955  -0.2075   0.7500  -0.0525
  -0.2290  -0.2353   0.2370  -0.0263  -0.0393  -0.0772  -0.1275  -0.0525   1.0000

eigenval_p,eigenval_h=  1.000000 -1.153737
psi for P    =   0.8957  -0.1375  -0.3155   0.2159  -0.1095  -0.0884  -0.0127  -0.0197   0.1112

eigenvalues of P=  0.953835  0.957765  0.963171  0.973933  0.976522  0.982440  0.989117  0.995544  1.000000
eigenvalues of H=  1.154489  0.958038  0.687698  0.149593  0.020158 -0.275736 -0.609584 -0.930919 -1.153737
tau, tau_max= 0.020000 0.433233
P=
   0.9969  -0.0016  -0.0028   0.0034  -0.0013  -0.0036   0.0007   0.0019   0.0046
  -0.0016   0.9919  -0.0017  -0.0041   0.0011  -0.0028  -0.0031   0.0016   0.0047
  -0.0028  -0.0017   0.9869  -0.0023   0.0049   0.0019   0.0045   0.0028  -0.0047
   0.0034  -0.0041  -0.0023   0.9819   0.0014   0.0045  -0.0009  -0.0025   0.0005
  -0.0013   0.0011   0.0049   0.0014   0.9769   0.0004  -0.0028   0.0045   0.0008
  -0.0036  -0.0028   0.0019   0.0045   0.0004   0.9719   0.0046   0.0039   0.0015
   0.0007  -0.0031   0.0045  -0.0009  -0.0028   0.0046   0.9669   0.0041   0.0026
   0.0019   0.0016   0.0028  -0.0025   0.0045   0.0039   0.0041   0.9619   0.0011
   0.0046   0.0047  -0.0047   0.0005   0.0008   0.0015   0.0026   0.0011   0.9569

sum_P_eig,sum_abs_P_eig,sign_condition_number=  1.905979  1.922966  0.641680

P after making eigenvec +ve =
   0.9969   0.0016   0.0028   0.0034   0.0013   0.0036  -0.0007  -0.0019   0.0046
   0.0016   0.9919  -0.0017   0.0041   0.0011  -0.0028  -0.0031   0.0016  -0.0047
   0.0028  -0.0017   0.9869   0.0023   0.0049   0.0019   0.0045   0.0028   0.0047
   0.0034   0.0041   0.0023   0.9819  -0.0014  -0.0045   0.0009   0.0025   0.0005
   0.0013   0.0011   0.0049  -0.0014   0.9769   0.0004  -0.0028   0.0045  -0.0008
   0.0036  -0.0028   0.0019  -0.0045   0.0004   0.9719   0.0046   0.0039  -0.0015
  -0.0007  -0.0031   0.0045   0.0009  -0.0028   0.0046   0.9669   0.0041  -0.0026
  -0.0019   0.0016   0.0028   0.0025   0.0045   0.0039   0.0041   0.9619  -0.0011
   0.0046  -0.0047   0.0047   0.0005  -0.0008  -0.0015  -0.0026  -0.0011   0.9569

1+(E_0*1-H) (i.e. P with tau=1) after making eigenvec +ve =
   0.8463  -0.0800  -0.1401  -0.1696  -0.0630  -0.1789   0.0366   0.0928  -0.2290
  -0.0800   0.5963   0.0859  -0.2028  -0.0542   0.1379   0.1569  -0.0799   0.2353
  -0.1401   0.0859   0.3463  -0.1165  -0.2461  -0.0961  -0.2234  -0.1402  -0.2370
  -0.1696  -0.2028  -0.1165   0.0963   0.0711   0.2226  -0.0454  -0.1250  -0.0263
  -0.0630  -0.0542  -0.2461   0.0711  -0.1537  -0.0210   0.1375  -0.2232   0.0393
  -0.1789   0.1379  -0.0961   0.2226  -0.0210  -0.4037  -0.2276  -0.1955   0.0772
   0.0366   0.1569  -0.2234  -0.0454   0.1375  -0.2276  -0.6537  -0.2075   0.1275
   0.0928  -0.0799  -0.1402  -0.1250  -0.2232  -0.1955  -0.2075  -0.9037   0.0525
  -0.2290   0.2353  -0.2370  -0.0263   0.0393   0.0772   0.1275   0.0525  -1.1537
psi0         =   0.8957   0.1375   0.3155   0.2159   0.1095   0.0884   0.0127   0.0197   0.1112
psiG         =   0.8957   0.1375   0.3155   0.2159   0.1095   0.0884   0.0127   0.0197   0.1112
1-overlap_G  =   0.0000

E_G= -1.153737

H_imp=
  -1.0000  -0.5210  -0.3978  -0.7038  -0.5153  -1.8138   2.5866   4.2118  -1.8449
  -0.0123  -0.7500   0.0374  -0.1291  -0.0681   0.2145   1.7037  -0.5563   0.2910
  -0.0494   0.1971  -0.5000  -0.1703  -0.7090  -0.3431  -5.5673  -2.2411  -0.6726
  -0.0409  -0.3185  -0.0797  -0.2500   0.1401   0.5439  -0.7743  -1.3671  -0.0512
  -0.0077  -0.0432  -0.0854   0.0361   0.0000  -0.0261   1.1895  -1.2383   0.0387
  -0.0177   0.0886  -0.0269   0.0911  -0.0170   0.2500  -1.5883  -0.8754   0.0614
   0.0005   0.0144  -0.0090  -0.0027   0.0159  -0.0326   0.5000  -0.1331   0.0145
   0.0020  -0.0115  -0.0088  -0.0114  -0.0402  -0.0437  -0.3234   0.7500   0.0093
  -0.0284   0.1903  -0.0835  -0.0136   0.0399   0.0972   1.1197   0.2960   1.0000

P_imp=
   0.9969   0.0104   0.0080   0.0141   0.0103   0.0363  -0.0517  -0.0842   0.0369
   0.0002   0.9919  -0.0007   0.0026   0.0014  -0.0043  -0.0341   0.0111  -0.0058
   0.0010  -0.0039   0.9869   0.0034   0.0142   0.0069   0.1113   0.0448   0.0135
   0.0008   0.0064   0.0016   0.9819  -0.0028  -0.0109   0.0155   0.0273   0.0010
   0.0002   0.0009   0.0017  -0.0007   0.9769   0.0005  -0.0238   0.0248  -0.0008
   0.0004  -0.0018   0.0005  -0.0018   0.0003   0.9719   0.0318   0.0175  -0.0012
  -0.0000  -0.0003   0.0002   0.0001  -0.0003   0.0007   0.9669   0.0027  -0.0003
  -0.0000   0.0002   0.0002   0.0002   0.0008   0.0009   0.0065   0.9619  -0.0002
   0.0006  -0.0038   0.0017   0.0003  -0.0008  -0.0019  -0.0224  -0.0059   0.9569
tau_av_expon_proj    = 6.294817 0.722222 1.372500 0.863478 0.647031 0.321040 0.067327 0.091582 0.335162
tau_av_expon_proj_new= 6.504622 2.476861 1.529668 1.106517 0.866749 0.712384 0.604691 0.525283 0.464309
factor=                1.032781 2.030765 1.108210 1.245632 1.288522 1.732116 2.431865 2.283367 1.320684
factor2=                 1.0333   3.4295   1.1145   1.2815   1.3396   2.2190   8.9814   5.7356   1.3853

eigenvalues of P_imp=  0.953835  0.957765  0.963171  0.973933  0.976522  0.982440  0.989117  0.995544  1.000000
eigenvalues of H_imp=  1.154489  0.958038  0.687698  0.149593  0.020158 -0.275736 -0.609584 -0.930919 -1.153737

eigenval_p,eigenval_h=  1.000000 -1.153737
psi0_psiG    =   0.8022   0.0189   0.0995   0.0466   0.0120   0.0078   0.0002   0.0004   0.0124

imp-sampled: sum_P_eig,sum_abs_P_eig,sign_condition_number=  1.000000  1.001518  0.926964

P_FN1=
   0.9969   0.0104   0.0080   0.0141   0.0103   0.0363   0.0000   0.0000   0.0369
   0.0002   0.9821   0.0000   0.0026   0.0014   0.0000   0.0000   0.0111   0.0000
   0.0010   0.0000   0.9862   0.0034   0.0142   0.0069   0.1113   0.0448   0.0135
   0.0008   0.0064   0.0016   0.9794   0.0000   0.0000   0.0155   0.0273   0.0010
   0.0002   0.0009   0.0017   0.0000   0.9730   0.0005   0.0000   0.0248   0.0000
   0.0004   0.0000   0.0005   0.0000   0.0003   0.9548   0.0318   0.0175   0.0000
   0.0000   0.0000   0.0002   0.0001   0.0000   0.0007   0.8349   0.0027   0.0000
   0.0000   0.0002   0.0002   0.0002   0.0008   0.0009   0.0065   0.8718   0.0000
   0.0006   0.0000   0.0017   0.0003   0.0000   0.0000   0.0000   0.0000   0.9486

eigenvalues of P_FN1=  0.834219  0.871655  0.947618  0.954809  0.971298  0.976420  0.984201  0.987483  1.000000
eigenvalues of H_FN1=  7.135312  5.263536  1.465356  1.105805  0.281344  0.025272 -0.363771 -0.527883 -1.153737

eigenval_p,eigenval_h=  1.000000 -1.153737
psiFN1_psiG =    0.8022   0.0189   0.0995   0.0466   0.0120   0.0078   0.0002   0.0004   0.0124
psiFN1      =    0.8957   0.1375   0.3155   0.2159   0.1095   0.0884   0.0127   0.0197   0.1112
overlap_G_FN1=    1.0000

E_0, E_G, E_FN1, E_G-E_0, E_FN1-E_0, rms fluctuation of E_L  -1.15374  -1.15374  -1.15374   0.00000   0.00000   0.00000
E_L     =  -1.1537  -1.1537  -1.1537  -1.1537  -1.1537  -1.1537  -1.1538  -1.1537  -1.1537
P_L     =   1.0000   1.0000   1.0000   1.0000   1.0000   1.0000   1.0000   1.0000   1.0000
P_abs_L =   1.0001   1.0098   1.0007   1.0025   1.0039   1.0171   1.1320   1.0902   1.0083

P_propos=
   0.9969   0.0103   0.0080   0.0140   0.0103   0.0357   0.0000   0.0000   0.0366
   0.0002   0.9823   0.0000   0.0026   0.0014   0.0000   0.0000   0.0102   0.0000
   0.0010   0.0000   0.9862   0.0034   0.0141   0.0067   0.0984   0.0411   0.0133
   0.0008   0.0063   0.0016   0.9794   0.0000   0.0000   0.0137   0.0251   0.0010
   0.0002   0.0009   0.0017   0.0000   0.9731   0.0005   0.0000   0.0227   0.0000
   0.0004   0.0000   0.0005   0.0000   0.0003   0.9556   0.0281   0.0161   0.0000
   0.0000   0.0000   0.0002   0.0001   0.0000   0.0006   0.8542   0.0024   0.0000
   0.0000   0.0002   0.0002   0.0002   0.0008   0.0009   0.0057   0.8824   0.0000
   0.0006   0.0000   0.0017   0.0003   0.0000   0.0000   0.0000   0.0000   0.9490
sum P_propos  1.000000  1.000000  1.000000  1.000000  1.000000  1.000000  1.000000  1.000000  1.000000
E_FN1= -1.153737 -1.153737
psiG**2=         0.8022   0.0189   0.0995   0.0466   0.0120   0.0078   0.0002   0.0004   0.0124
psiG**2 * P_L=   0.8022   0.0189   0.0995   0.0466   0.0120   0.0078   0.0002   0.0004   0.0124
psiG_psiFN=      0.8022   0.0189   0.0995   0.0466   0.0120   0.0078   0.0002   0.0004   0.0124
P_L=             1.0000   1.0000   1.0000   1.0000   1.0000   1.0000   1.0000   1.0000   1.0000
psiFN1_by_psiG=          1.0000   1.0000   1.0000   1.0000   1.0000   1.0000   1.0000   1.0000   1.0000

P_markov=
   0.9969   0.0103   0.0080   0.0140   0.0103   0.0357   0.0000   0.0000   0.0366
   0.0002   0.9823   0.0000   0.0026   0.0013   0.0000   0.0000   0.0102   0.0000
   0.0010   0.0000   0.9863   0.0034   0.0141   0.0067   0.0984   0.0411   0.0133
   0.0008   0.0063   0.0016   0.9795   0.0000   0.0000   0.0137   0.0251   0.0010
   0.0002   0.0009   0.0017   0.0000   0.9732   0.0005   0.0000   0.0227   0.0000
   0.0003   0.0000   0.0005   0.0000   0.0003   0.9557   0.0281   0.0161   0.0000
   0.0000   0.0000   0.0002   0.0000   0.0000   0.0006   0.8542   0.0024   0.0000
   0.0000   0.0002   0.0002   0.0002   0.0007   0.0008   0.0057   0.8825   0.0000
   0.0006   0.0000   0.0017   0.0003   0.0000   0.0000   0.0000   0.0000   0.9490

eigenvalues of P_markov=  0.853490  0.882385  0.948052  0.955673  0.971476  0.976576  0.984331  0.987526  1.000000
eigenvalues of H_markov=  6.171750  4.727026  1.443650  1.062627  0.272482  0.017483 -0.370299 -0.530037 -1.153737

eigenval_p,eigenval_h=  1.000000 -1.153737
psi for P_mar=   0.8022   0.0189   0.0995   0.0466   0.0120   0.0078   0.0002   0.0004   0.0124
psiG**2      =   0.8022   0.0189   0.0995   0.0466   0.0120   0.0078   0.0002   0.0004   0.0124
Above 2 lines should be equal since Markov matrix has dominant state psiG**2
The exception to this occurs when there is no sign problem, but some components of psiG have the wrong sign, in which case one has 2 decoupled spaces with degenerate dominant eigenvalues

P_FN3=
   0.9969   0.0103   0.0080   0.0140   0.0103   0.0357   0.0000   0.0000   0.0366
   0.0002   0.9823   0.0000   0.0026   0.0013   0.0000   0.0000   0.0102   0.0000
   0.0010   0.0000   0.9863   0.0034   0.0141   0.0067   0.0984   0.0411   0.0133
   0.0008   0.0063   0.0016   0.9795   0.0000   0.0000   0.0137   0.0251   0.0010
   0.0002   0.0009   0.0017   0.0000   0.9732   0.0005   0.0000   0.0227   0.0000
   0.0003   0.0000   0.0005   0.0000   0.0003   0.9557   0.0281   0.0161   0.0000
   0.0000   0.0000   0.0002   0.0000   0.0000   0.0006   0.8542   0.0024   0.0000
   0.0000   0.0002   0.0002   0.0002   0.0007   0.0008   0.0057   0.8825   0.0000
   0.0006   0.0000   0.0017   0.0003   0.0000   0.0000   0.0000   0.0000   0.9490
E_FN3= -1.153737 -1.153737

eigenvalues of P_FN3=  0.853491  0.882384  0.948052  0.955673  0.971476  0.976576  0.984331  0.987526  1.000000
eigenvalues of H_FN3=  6.171693  4.727057  1.443646  1.062624  0.272485  0.017482 -0.370300 -0.530036 -1.153737

eigenval_p,eigenval_h=  1.000000 -1.153737
psiFN3_psiG  =   0.8022   0.0189   0.0995   0.0466   0.0120   0.0078   0.0002   0.0004   0.0124
psiFN3      =    0.8957   0.1375   0.3155   0.2159   0.1095   0.0884   0.0127   0.0197   0.1112

P_FN4=
   0.9969   0.0103   0.0080   0.0140   0.0103   0.0357   0.0000   0.0000   0.0366
   0.0002   0.9823   0.0000   0.0026   0.0014   0.0000   0.0000   0.0102   0.0000
   0.0010   0.0000   0.9862   0.0034   0.0141   0.0067   0.0984   0.0411   0.0133
   0.0008   0.0063   0.0016   0.9794   0.0000   0.0000   0.0137   0.0251   0.0010
   0.0002   0.0009   0.0017   0.0000   0.9731   0.0005   0.0000   0.0227   0.0000
   0.0004   0.0000   0.0005   0.0000   0.0003   0.9556   0.0281   0.0161   0.0000
   0.0000   0.0000   0.0002   0.0001   0.0000   0.0006   0.8542   0.0024   0.0000
   0.0000   0.0002   0.0002   0.0002   0.0008   0.0009   0.0057   0.8824   0.0000
   0.0006   0.0000   0.0017   0.0003   0.0000   0.0000   0.0000   0.0000   0.9490
E_FN4= -1.153737 -1.153737

eigenvalues of P_FN4=  0.853445  0.882266  0.948042  0.955575  0.971408  0.976526  0.984318  0.987498  1.000000
eigenvalues of H_FN4=  6.173999  4.732963  1.444147  1.067510  0.275849  0.019984 -0.369645 -0.528631 -1.153737

eigenval_p,eigenval_h=  1.000000 -1.153737
psiFN4_psiG  =   0.8017   0.0191   0.0995   0.0467   0.0120   0.0079   0.0002   0.0004   0.0125
psiFN4      =    0.8950   0.1387   0.3155   0.2163   0.1099   0.0898   0.0143   0.0215   0.1120
FN5: sum_pos  0.002562
FN5: sum_pos  0.490439
FN5: sum_pos  0.037431
FN5: sum_pos  0.127185
FN5: sum_pos  0.195893
FN5: sum_pos  0.855566
FN5: sum_pos  6.599499
FN5: sum_pos  4.507713
FN5: sum_pos  0.414946

P_FN5=
   0.9969   0.0104   0.0080   0.0141   0.0103   0.0363   0.0000   0.0000   0.0369
   0.0002   0.9821   0.0000   0.0026   0.0014   0.0000   0.0000   0.0111   0.0000
   0.0010   0.0000   0.9862   0.0034   0.0142   0.0069   0.1113   0.0448   0.0135
   0.0008   0.0064   0.0016   0.9794   0.0000   0.0000   0.0155   0.0273   0.0010
   0.0002   0.0009   0.0017   0.0000   0.9730   0.0005   0.0000   0.0248   0.0000
   0.0004   0.0000   0.0005   0.0000   0.0003   0.9548   0.0318   0.0175   0.0000
   0.0000   0.0000   0.0002   0.0001   0.0000   0.0007   0.8356   0.0027   0.0000
   0.0000   0.0002   0.0002   0.0002   0.0008   0.0009   0.0065   0.8720   0.0000
   0.0006   0.0000   0.0017   0.0003   0.0000   0.0000   0.0000   0.0000   0.9486
E_FN5= -1.153753 -1.153737

eigenvalues of P_FN5=  0.834834  0.871893  0.947625  0.954815  0.971299  0.976420  0.984201  0.987484  1.000000
eigenvalues of H_FN5=  7.104569  5.251614  1.465034  1.105538  0.281305  0.025263 -0.363781 -0.527928 -1.153753

eigenval_p,eigenval_h=  1.000000 -1.153753
psiFN5_psiG  =   0.8022   0.0189   0.0995   0.0466   0.0120   0.0078   0.0002   0.0004   0.0124
psiFN5      =    0.8957   0.1375   0.3155   0.2159   0.1095   0.0884   0.0127   0.0198   0.1112

E_G, E_FN1, E_FN3, E_FN4, E_0, recover_FN1, recover_FN3, recover_FN4, 1-ovlp_FN1, 1-ovlp_FN3, 1-ovlp_FN4, sign_cond_num= -1.153737 -1.153737 -1.153737 -1.153737 -1.153737 0.535 0.485****** 1.E-13 1.E-13 5.E-06 0.927

P_propos2=
   0.9969   0.0104   0.0080   0.0141   0.0103   0.0363   0.0000   0.0000   0.0369
   0.0002   0.9821   0.0000   0.0026   0.0014   0.0000   0.0000   0.0111   0.0000
   0.0010   0.0000   0.9862   0.0034   0.0142   0.0069   0.1113   0.0448   0.0135
   0.0008   0.0064   0.0016   0.9794   0.0000   0.0000   0.0155   0.0273   0.0010
   0.0002   0.0009   0.0017   0.0000   0.9730   0.0005   0.0000   0.0248   0.0000
   0.0004   0.0000   0.0005   0.0000   0.0003   0.9548   0.0318   0.0175   0.0000
   0.0000   0.0000   0.0002   0.0001   0.0000   0.0007   0.8349   0.0027   0.0000
   0.0000   0.0002   0.0002   0.0002   0.0008   0.0009   0.0065   0.8718   0.0000
   0.0006   0.0000   0.0017   0.0003   0.0000   0.0000   0.0000   0.0000   0.9486

eigenvalues of P_FN1_propos=  0.834218  0.871655  0.947618  0.954809  0.971298  0.976420  0.984201  0.987483  1.000000
psi for P_FN1_propos=   0.8022   0.0189   0.0995   0.0466   0.0120   0.0078   0.0002   0.0004   0.0124
psiG**2 * P_L       =   0.8022   0.0189   0.0995   0.0466   0.0120   0.0078   0.0002   0.0004   0.0124
Above 2 lines should be equal since proposal part of P_FN1 has dominant state psiG**2 * P_L
The exception to this occurs when there is no sign problem, but some components of psiG have the wrong sign, in which case one has 2 decoupled spaces with degenerate dominant eigenvalues

P_L=              1.0000   1.0000   1.0000   1.0000   1.0000   1.0000   1.0000   1.0000   1.0000
P_L_der=          0.0002  -0.0081  -0.0007   0.0026   0.0014  -0.0043  -0.0341   0.0111  -0.0058
P_L_der_by_P_L=   0.0002  -0.0081  -0.0007   0.0026   0.0014  -0.0043  -0.0341   0.0111  -0.0058

P_L_der_by_P_L=   0.0002  -0.0081  -0.0007   0.0026   0.0014  -0.0043  -0.0341   0.0111  -0.0058
psiG_psiFN    =   0.8022   0.0189   0.0995   0.0466   0.0120   0.0078   0.0002   0.0004   0.0124
tmp_vec1      =   0.0002  -0.0002  -0.0001   0.0001   0.0000  -0.0000  -0.0000   0.0000  -0.0001

PP_FN1=
   1.9969   0.0104   0.0080   0.0141   0.0103   0.0363   0.0000   0.0000   0.0369
   0.0002   1.9821   0.0000   0.0026   0.0014   0.0000   0.0000   0.0111   0.0000
   0.0010   0.0000   1.9862   0.0034   0.0142   0.0069   0.1113   0.0448   0.0135
   0.0008   0.0064   0.0016   1.9794   0.0000   0.0000   0.0155   0.0273   0.0010
   0.0002   0.0009   0.0017   0.0000   1.9730   0.0005   0.0000   0.0248   0.0000
   0.0004   0.0000   0.0005   0.0000   0.0003   1.9548   0.0318   0.0175   0.0000
   0.0000   0.0000   0.0002   0.0001   0.0000   0.0007   1.8349   0.0027   0.0000
   0.0000   0.0002   0.0002   0.0002   0.0008   0.0009   0.0065   1.8718   0.0000
   0.0006   0.0000   0.0017   0.0003   0.0000   0.0000   0.0000   0.0000   1.9486
iter, W_der_by_W, change=    1  0.000000  2.5E-09

PP_FN1=
   2.9907   0.0311   0.0239   0.0420   0.0307   0.1071   0.0023   0.0017   0.1088
   0.0007   2.9467   0.0000   0.0077   0.0040   0.0000   0.0001   0.0319   0.0000
   0.0030   0.0001   2.9588   0.0101   0.0420   0.0203   0.3147   0.1290   0.0395
   0.0024   0.0189   0.0047   2.9386   0.0001   0.0001   0.0439   0.0781   0.0030
   0.0005   0.0026   0.0051   0.0000   2.9198   0.0016   0.0004   0.0706   0.0000
   0.0010   0.0000   0.0016   0.0000   0.0010   2.8665   0.0888   0.0496   0.0000
   0.0000   0.0000   0.0005   0.0002   0.0000   0.0018   2.5321   0.0072   0.0000
   0.0000   0.0007   0.0005   0.0007   0.0023   0.0025   0.0176   2.6318   0.0000
   0.0017   0.0000   0.0049   0.0008   0.0000   0.0000   0.0002   0.0001   2.8486
iter, W_der_by_W, change=    2  0.000000  1.1E-09
iter, W_der_by_W, change=    3  0.000000  9.9E-10
iter, W_der_by_W, change=    4  0.000000  9.1E-10
iter, W_der_by_W, change=    5  0.000000  8.4E-10
iter, W_der_by_W, change=    6  0.000000  7.8E-10
iter, W_der_by_W, change=    7  0.000000  7.3E-10
iter, W_der_by_W, change=    8  0.000000  6.8E-10
iter, W_der_by_W, change=    9  0.000000  6.4E-10
iter, W_der_by_W, change=   10  0.000000  6.0E-10
iter, W_der_by_W, change=   20  0.000000  3.6E-10
iter, W_der_by_W, change=   30  0.000000  2.4E-10
iter, W_der_by_W, change=   40  0.000000  1.6E-10
iter, W_der_by_W, change=   50  0.000000  1.1E-10
iter, W_der_by_W, change=   60  0.000000  8.2E-11
iter, W_der_by_W, change=   70  0.000000  6.0E-11
iter, W_der_by_W, change=   80  0.000000  4.4E-11
iter, W_der_by_W, change=   90  0.000000  3.2E-11
iter, W_der_by_W, change=  100  0.000000  2.4E-11
iter, W_der_by_W, change=  200  0.000000  5.7E-13
Final iter, W_der_by_W, change=  218  0.000000 -9.9E-15

PP_FN1=
 189.2032 120.1518 111.5215 128.5542 114.6266 156.4291 117.3966 116.8480 152.2431
   2.8306  58.6489   2.4740   8.5847   4.8957   2.5294   3.1980   8.9664   2.5030
  13.8366  13.0297  83.7308  20.8876  46.3753  23.8956  64.0607  47.3886  30.1405
   7.4682  21.1696   9.7802  55.3776   7.9146   7.1349  13.6255  19.4393   8.1255
   1.7138   3.1069   5.5883   2.0369  40.4609   2.6939   4.8058  10.8164   2.4821
   1.5225   1.0450   1.8745   1.1953   1.7537  23.6600   6.0625   4.6337   1.4544
   0.0235   0.0271   0.1032   0.0469   0.0642   0.1245   6.1629   0.2042   0.0414
   0.0567   0.1848   0.1855   0.1625   0.3513   0.2312   0.4962   8.0200   0.0846
   2.3450   1.6366   3.7419   2.1544   2.5572   2.3017   3.1934   2.6822  21.9258

gradient_vmc_FD, gradient_vmc= -0.000000 -0.000000
E_L_der =         -0.0123   0.4037   0.0374  -0.1291  -0.0681   0.2145   1.7037  -0.5563   0.2910
E_L_der_increm =  -0.0123   0.4037   0.0374  -0.1291  -0.0681   0.2145   1.7037  -0.5563   0.2910
The above 2 lines should be equal
psiFN1_psiG  =   0.8022   0.0189   0.0995   0.0466   0.0120   0.0078   0.0002   0.0004   0.0124
psiG_increm**2=                 0.8022    0.0189    0.0995    0.0466    0.0120    0.0078    0.0002    0.0004    0.0124
psiG_increm**2 * P_L_increm=    0.8022    0.0189    0.0995    0.0466    0.0120    0.0078    0.0002    0.0004    0.0124
psiG_psiFN1_increm=              0.8022    0.0189    0.0995    0.0466    0.0120    0.0078    0.0002    0.0004    0.0124
psiFN1_by_psiG_increm                   1.0000    1.0000    1.0000    1.0000    1.0000    1.0000    1.0000    1.0000    1.0000
psiFN1_by_psiG                          1.0000    1.0000    1.0000    1.0000    1.0000    1.0000    1.0000    1.0000    1.0000
psiFN1_by_psiG_increm                  1.000000119   1.000002192   0.999998611   1.000000152   0.999997049   1.000001217   1.000007260   0.999993913   1.000001705
psiFN1_by_psiG                         1.000000118   1.000002233   0.999998616   1.000000144   0.999997048   1.000001227   1.000007285   0.999993910   1.000001717
psiFN1_by_psiG_der=                     0.0153   -0.4162   -0.0570    0.0723    0.0050   -0.0943   -0.2550    0.0289   -0.1158
 E_L_der
 -0.343284E-02  0.116346E-01  0.888340E-02  0.157161E-01  0.115072E-01  0.405014E-01 -0.577568E-01 -0.940458E-01  0.411956E-01
  0.245500E-03 -0.807478E-02 -0.748616E-03  0.258292E-02  0.136129E-02 -0.428941E-02 -0.340739E-01  0.111270E-01 -0.581968E-02
  0.390721E-02 -0.380908E-01 -0.438150E-01  0.189819E-01  0.492627E-01  0.815696E-02  0.244922      0.177340      0.241924E-01
  0.378800E-02  0.295037E-01  0.738669E-02 -0.837244E-01 -0.129811E-01 -0.503898E-01  0.717343E-01  0.126656      0.474006E-02
  0.140702E-02  0.788829E-02  0.156029E-01 -0.658536E-02 -0.210692      0.475901E-02 -0.217227      0.226144     -0.706818E-02
  0.399563E-02 -0.200546E-01  0.609251E-02 -0.206250E-01  0.383973E-02 -0.317721      0.359495      0.198131     -0.138980E-01
 -0.816395E-03 -0.228255E-01  0.141626E-01  0.420687E-02 -0.251118E-01  0.515079E-01  -2.61253      0.210221     -0.229436E-01
 -0.207241E-02  0.116202E-01  0.888807E-02  0.115797E-01  0.407558E-01  0.442561E-01  0.327729      -1.92902     -0.945414E-02
  0.511277E-02 -0.342298E-01  0.150236E-01  0.244075E-02 -0.717432E-02 -0.174840E-01 -0.201450     -0.532465E-01 -0.387493    
  0.802249      0.188997E-01  0.995359E-01  0.466058E-01  0.119942E-01  0.780803E-02  0.160290E-03  0.389565E-03  0.123572E-01
  -1.15374      -1.15374      -1.15374      -1.15374      -1.15373      -1.15374      -1.15380      -1.15370      -1.15374    
  -1.1537368384047380     
 P_FN1
  0.996874      0.245500E-03  0.987200E-03  0.817767E-03  0.154095E-03  0.353066E-03   0.00000       0.00000      0.568350E-03
  0.104209E-01  0.982116       0.00000      0.636938E-02  0.863912E-03   0.00000       0.00000      0.229354E-03   0.00000    
  0.795672E-02   0.00000      0.986177      0.159467E-02  0.170880E-02  0.538352E-03  0.179306E-03  0.175428E-03  0.167006E-02
  0.140766E-01  0.258292E-02  0.340573E-02  0.979382       0.00000       0.00000      0.532612E-04  0.228553E-03  0.271321E-03
  0.103068E-01  0.136129E-02  0.141808E-01   0.00000      0.973007      0.339290E-03   0.00000      0.804416E-03   0.00000    
  0.362764E-01   0.00000      0.686288E-02   0.00000      0.521199E-03  0.954814      0.652117E-03  0.873503E-03   0.00000    
   0.00000       0.00000      0.111345      0.154863E-01   0.00000      0.317661E-01  0.834935      0.646856E-02   0.00000    
   0.00000      0.111270E-01  0.448225E-01  0.273429E-01  0.247669E-01  0.175074E-01  0.266151E-02  0.871771       0.00000    
  0.368982E-01   0.00000      0.134522E-01  0.102330E-02   0.00000       0.00000       0.00000       0.00000      0.948626    
 -0.294032E-08  0.238012E-07 -0.181853E-06  0.582420E-08 -0.241853E-06  0.248527E-06  0.280837E-06 -0.144375E-06  0.562872E-06
 W_2der_by_W
 -0.624304E-07  0.582937E-07 -0.367418E-06  0.864729E-07 -0.540867E-06  0.648960E-06 -0.926840E-07  0.751244E-06  0.129850E-05
  0.582937E-07 -0.263149E-07 -0.673558E-07  0.968621E-07 -0.283492E-07 -0.131650E-06 -0.313839E-06 -0.364025E-07 -0.291858E-06
 -0.367418E-06 -0.673558E-07  0.289841E-05  0.867536E-08 -0.217599E-05 -0.503259E-06  0.448877E-07 -0.163922E-05 -0.816765E-06
  0.864729E-07  0.968621E-07  0.867536E-08 -0.540692E-06  0.489806E-06 -0.544605E-06  0.632903E-06 -0.908766E-06  0.315907E-06
 -0.540867E-06 -0.283492E-07 -0.217599E-05  0.489806E-06  0.123724E-04 -0.267440E-07 -0.211669E-06 -0.330819E-05  0.201475E-06
  0.648960E-06 -0.131650E-06 -0.503259E-06 -0.544605E-06 -0.267440E-07 -0.558066E-05  0.252966E-05 -0.955362E-06 -0.634748E-06
 -0.926840E-07 -0.313839E-06  0.448877E-07  0.632903E-06 -0.211669E-06  0.252966E-05 -0.278164E-04  0.165756E-06 -0.179974E-05
  0.751244E-06 -0.364025E-07 -0.163922E-05 -0.908766E-06 -0.330819E-05 -0.955362E-06  0.165756E-06  0.289613E-04  0.520432E-06
  0.129850E-05 -0.291858E-06 -0.816765E-06  0.315907E-06  0.201475E-06 -0.634748E-06 -0.179974E-05  0.520432E-06 -0.134028E-04
W_der_by_W_v      =  -0.000000   0.000000  -0.000000   0.000000  -0.000000   0.000000   0.000000  -0.000000   0.000001

gradient_VMC_FD_v=      0.000000     -0.000000      0.000000      0.000000      0.000001     -0.000000     -0.000002      0.000002     -0.000001

gradient_FN1_FD=      0.000001      0.000000      0.000000     -0.000000      0.000000      0.000000     -0.000000      0.000001      0.000001

gradient_FN1_exact=     -0.000000     -0.000000     -0.000000     -0.000000      0.000000     -0.000000     -0.000001      0.000001     -0.000000

gradient_FN1_approx=     -0.000000     -0.000000     -0.000000     -0.000000      0.000000     -0.000000     -0.000001      0.000001     -0.000000

gradient_FU=     -0.000000     -0.000000     -0.000000     -0.000000      0.000000     -0.000000     -0.000001      0.000001     -0.000000

gradient_VMC_v=     -0.000000     -0.000000      0.000000     -0.000000      0.000001     -0.000001     -0.000002      0.000001     -0.000001

gradient_VMC_v_in_dmc=     -0.000000     -0.000000      0.000000     -0.000000      0.000001     -0.000001     -0.000002      0.000001     -0.000001
 hessian_vmc_in_dmc
  0.307474     -0.219889E-01 -0.349963     -0.339285     -0.126026     -0.357882      0.731265E-01  0.185619     -0.457941    
 -0.219889E-01  0.152610E-01  0.719901E-01 -0.557612E-01 -0.149086E-01  0.379026E-01  0.431397E-01 -0.219619E-01  0.646934E-01
 -0.349963      0.719901E-01   1.61052     -0.409788     -0.539516     -0.720767E-01 -0.310083     -0.350024     -0.268928    
 -0.339285     -0.557612E-01 -0.409788       1.80747      0.142167      0.445260     -0.908191E-01 -0.249986     -0.526914E-01
 -0.126026     -0.149086E-01 -0.539516      0.142167       2.30747     -0.420520E-01  0.275022     -0.446349      0.785720E-01
 -0.357882      0.379026E-01 -0.720767E-01  0.445260     -0.420520E-01   2.80748     -0.455141     -0.391059      0.154495    
  0.731265E-01  0.431397E-01 -0.310083     -0.908191E-01  0.275022     -0.455141       3.30750     -0.414923      0.255049    
  0.185619     -0.219619E-01 -0.350024     -0.249986     -0.446349     -0.391059     -0.414923       3.80745      0.105094    
 -0.457941      0.646934E-01 -0.268928     -0.526914E-01  0.785720E-01  0.154495      0.255049      0.105094       4.30748    
 hessian_VMC_FD
  0.307474     -0.219888E-01 -0.349963     -0.339285     -0.126026     -0.357881      0.731263E-01  0.185620     -0.457940    
 -0.219888E-01  0.152608E-01  0.719900E-01 -0.557611E-01 -0.149086E-01  0.379026E-01  0.431395E-01 -0.219619E-01  0.646933E-01
 -0.349963      0.719900E-01   1.61052     -0.409788     -0.539517     -0.720769E-01 -0.310083     -0.350025     -0.268928    
 -0.339285     -0.557611E-01 -0.409788       1.80747      0.142167      0.445259     -0.908187E-01 -0.249987     -0.526914E-01
 -0.126026     -0.149086E-01 -0.539517      0.142167       2.30747     -0.420521E-01  0.275021     -0.446351      0.785720E-01
 -0.357881      0.379026E-01 -0.720769E-01  0.445259     -0.420521E-01   2.80747     -0.455139     -0.391060      0.154494    
  0.731263E-01  0.431395E-01 -0.310083     -0.908187E-01  0.275021     -0.455139       3.30747     -0.414923      0.255047    
  0.185620     -0.219619E-01 -0.350025     -0.249987     -0.446351     -0.391060     -0.414923       3.80747      0.105095    
 -0.457940      0.646933E-01 -0.268928     -0.526914E-01  0.785720E-01  0.154494      0.255047      0.105095       4.30747    
 hessian_vmc
  0.307474     -0.219888E-01 -0.349963     -0.339285     -0.126026     -0.357881      0.731263E-01  0.185620     -0.457940    
 -0.219888E-01  0.152609E-01  0.719900E-01 -0.557611E-01 -0.149086E-01  0.379026E-01  0.431395E-01 -0.219619E-01  0.646933E-01
 -0.349963      0.719900E-01   1.61052     -0.409788     -0.539517     -0.720769E-01 -0.310083     -0.350025     -0.268928    
 -0.339285     -0.557611E-01 -0.409788       1.80747      0.142167      0.445259     -0.908187E-01 -0.249987     -0.526914E-01
 -0.126026     -0.149086E-01 -0.539517      0.142167       2.30747     -0.420521E-01  0.275021     -0.446351      0.785721E-01
 -0.357881      0.379026E-01 -0.720769E-01  0.445259     -0.420521E-01   2.80747     -0.455139     -0.391060      0.154494    
  0.731263E-01  0.431395E-01 -0.310083     -0.908187E-01  0.275021     -0.455139       3.30747     -0.414923      0.255047    
  0.185620     -0.219619E-01 -0.350025     -0.249987     -0.446351     -0.391060     -0.414923       3.80747      0.105095    
 -0.457940      0.646933E-01 -0.268928     -0.526914E-01  0.785721E-01  0.154494      0.255047      0.105095       4.30747    
 hessian_FN_FD
  0.195455E-02 -0.204559E-03 -0.493910E-03 -0.670436E-03 -0.385803E-03  0.145023E-02 -0.803496E-02 -0.496031E-01 -0.404454E-02
 -0.204559E-03  0.601574E-02  0.105466E-01 -0.760281E-02  0.101585E-03  0.344863E-02  0.225477E-01 -0.395753E-02 -0.182572E-01
 -0.493910E-03  0.105466E-01  0.601930E-01 -0.187614E-01 -0.319383E-02 -0.256407E-01  0.231937E-01 -0.131521E-01 -0.107167    
 -0.670436E-03 -0.760281E-02 -0.187614E-01  0.169680     -0.102884     -0.210792      0.255333E-01  0.236672E-01 -0.904915E-02
 -0.385803E-03  0.101585E-03 -0.319383E-02 -0.102884      0.317398     -0.359916E-01 -0.277645E-01 -0.392604E-01 -0.619897E-01
  0.145023E-02  0.344863E-02 -0.256407E-01 -0.210792     -0.359916E-01  0.882676     -0.196918     -0.412841E-01 -0.165987    
 -0.803496E-02  0.225477E-01  0.231937E-01  0.255333E-01 -0.277645E-01 -0.196918       2.43043     -0.286356     -0.927398E-01
 -0.496031E-01 -0.395753E-02 -0.131521E-01  0.236672E-01 -0.392604E-01 -0.412841E-01 -0.286356       2.50847      0.497570E-01
 -0.404454E-02 -0.182572E-01 -0.107167     -0.904915E-02 -0.619897E-01 -0.165987     -0.927398E-01  0.497570E-01  0.549087    
 hessian_FN1
  0.195023E-02 -0.200278E-03 -0.498836E-03 -0.670724E-03 -0.386335E-03  0.145382E-02 -0.803337E-02 -0.496028E-01 -0.404821E-02
 -0.200278E-03  0.600363E-02  0.105446E-01 -0.760482E-02  0.104149E-03  0.345277E-02  0.225457E-01 -0.395848E-02 -0.182563E-01
 -0.498836E-03  0.105446E-01  0.601981E-01 -0.187626E-01 -0.319749E-02 -0.256396E-01  0.231920E-01 -0.131540E-01 -0.107167    
 -0.670724E-03 -0.760482E-02 -0.187626E-01  0.169670     -0.102882     -0.210793      0.255316E-01  0.236619E-01 -0.904322E-02
 -0.386335E-03  0.104149E-03 -0.319749E-02 -0.102882      0.317408     -0.359874E-01 -0.277651E-01 -0.392611E-01 -0.619853E-01
  0.145382E-02  0.345277E-02 -0.256396E-01 -0.210793     -0.359874E-01  0.882658     -0.196915     -0.412870E-01 -0.165985    
 -0.803337E-02  0.225457E-01  0.231920E-01  0.255316E-01 -0.277651E-01 -0.196915       2.43038     -0.286354     -0.927415E-01
 -0.496028E-01 -0.395848E-02 -0.131540E-01  0.236619E-01 -0.392611E-01 -0.412870E-01 -0.286354       2.50850      0.497567E-01
 -0.404821E-02 -0.182563E-01 -0.107167     -0.904322E-02 -0.619853E-01 -0.165985     -0.927415E-01  0.497567E-01  0.549069    
 hessian_FN_err
 -0.431605E-05  0.428018E-05 -0.492556E-05 -0.287723E-06 -0.532116E-06  0.359278E-05  0.159380E-05  0.341986E-06 -0.367107E-05
  0.428018E-05 -0.121088E-04 -0.195922E-05 -0.200801E-05  0.256356E-05  0.414267E-05 -0.198061E-05 -0.951661E-06  0.888376E-06
 -0.492556E-05 -0.195922E-05  0.511173E-05 -0.124814E-05 -0.365525E-05  0.113141E-05 -0.171087E-05 -0.191566E-05 -0.235564E-07
 -0.287723E-06 -0.200801E-05 -0.124814E-05 -0.106100E-04  0.244671E-05 -0.623877E-06 -0.167899E-05 -0.526234E-05  0.593337E-05
 -0.532116E-06  0.256356E-05 -0.365525E-05  0.244671E-05  0.104553E-04  0.420161E-05 -0.657196E-06 -0.712994E-06  0.439696E-05
  0.359278E-05  0.414267E-05  0.113141E-05 -0.623877E-06  0.420161E-05 -0.182976E-04  0.267507E-05 -0.293512E-05  0.206062E-05
  0.159380E-05 -0.198061E-05 -0.171087E-05 -0.167899E-05 -0.657196E-06  0.267507E-05 -0.538208E-04  0.135172E-05 -0.166418E-05
  0.341986E-06 -0.951661E-06 -0.191566E-05 -0.526234E-05 -0.712994E-06 -0.293512E-05  0.135172E-05  0.317963E-04 -0.272428E-06
 -0.367107E-05  0.888376E-06 -0.235564E-07  0.593337E-05  0.439696E-05  0.206062E-05 -0.166418E-05 -0.272428E-06 -0.174984E-04

gradient_FN1_1= -0.000000 -0.000000  0.000000 -0.000000  0.000000 -0.000000 -0.000000  0.000000 -0.000000

gradient_FN1_2= -0.000000  0.000000 -0.000000 -0.000000  0.000000 -0.000000  0.000000  0.000000  0.000000

gradient_FN1_3= -0.009848  0.007631  0.003726 -0.006019 -0.000816  0.001675  0.000273 -0.000217  0.003596

E_FN1, E_FN1_increm, gradient_FN1_FD, gradient_FN1= -1.153737 -1.153737  0.000000 -0.000000

gradient_FN1_FD, gradient_FN1, 1st+2*2nd terms, gradient_FU2000, gradient_FN1_1, gradient_FN1_2, gradient_FN1_3, W_der_by_W=  0.000000 -0.000000 -0.000000 -0.000000 -0.000000  0.000000  0.000000  0.000000

  1  1 gradient_vmc, gradient_vmc_eval_in_dmc, gradient_FN1, gradient_FN1_1+2*gradient_FN1_3, gradient_FN1_1+W_der_by_W+gradient_FN1_3= -0.000000 -0.000000 -0.000000 -0.000000 -0.000000 <psi_FNi(H-e)psi>, <psi_i(H-e)psiFN>= -0.000000 -0.000000 -0.000000  0.000000

 1 Ratio: Error replace 2nd by 3rd term  to  Error replace 2nd by W_der_by_W= -0.001414
FN1*G=  0.8022492889  0.0188997188  0.0995358992  0.0466057924  0.0119942213  0.0078080269  0.0001602900  0.0003895650  0.0123571975  1.0000000000
FN1_G=  0.8022492889  0.0188997188  0.0995358992  0.0466057924  0.0119942213  0.0078080269  0.0001602900  0.0003895650  0.0123571975  1.0000000000
test=  0.007631  0.007631
test2=  0.000000 -0.021805 -0.021805  0.000000 -0.021805  0.000000  0.000000000000  0.000000000000  0.000000000001
test3=  1.000000  0.007086  1.000000  0.018900  0.018900 -0.000000
test4=  0.000000 -0.000000
test5=  0.006004  0.003002 -0.000000  0.000000  0.007630  0.011393  0.007631  0.003002
test6a=  0.000000  0.137476  0.000000  0.000000  0.000000  0.000000  0.000000  0.000000  0.000000
test6b=  0.000000  0.137476  0.000000  0.000000  0.000000  0.000000  0.000000  0.000000  0.000000
test6c= -0.003195  0.077660 -0.023933  0.011535 -0.001517 -0.010006 -0.003468  0.000198 -0.014969

  1  1 <psi_FNi(H-e)psi>, <psi_i(H-e)psiFN>, gradient_FN1 = -0.000000 -0.000000 -0.000000 -0.000000  0.000000  0.000000  0.006165
test7= -0.000000  0.006165
test8= -0.000000 -0.000000  0.000000 -0.000000 -0.000000 -0.000000 -0.000000 -0.000000
test99= -0.000000
test9=  0.127230  0.000000  0.063615
------------------------------------------------------------

Data set    2

H=
  -1.0000   0.2078   0.2465  -0.1774   0.1550   0.0818   0.1172   0.0597   0.0351
   0.2078  -0.7500   0.0317   0.1078  -0.1529   0.2204  -0.0884   0.0460  -0.1722
   0.2465   0.0317  -0.5000  -0.0188   0.1205   0.0786   0.1065   0.0542  -0.2134
  -0.1774   0.1078  -0.0188  -0.2500   0.1196   0.2078   0.0252   0.1955   0.1204
   0.1550  -0.1529   0.1205   0.1196   0.0000  -0.1889   0.1373  -0.1491  -0.1836
   0.0818   0.2204   0.0786   0.2078  -0.1889   0.2500   0.0471   0.2473  -0.0761
   0.1172  -0.0884   0.1065   0.0252   0.1373   0.0471   0.5000  -0.0512   0.1073
   0.0597   0.0460   0.0542   0.1955  -0.1491   0.2473  -0.0512   0.7500  -0.1677
   0.0351  -0.1722  -0.2134   0.1204  -0.1836  -0.0761   0.1073  -0.1677   1.0000

eigenval_p,eigenval_h=  1.000000 -1.275242
psi for P    =   0.8174  -0.4330  -0.2248   0.2275  -0.1681  -0.0167  -0.0476  -0.0495  -0.0940

eigenvalues of P=  0.950560  0.956825  0.962966  0.969652  0.974931  0.980377  0.985440  0.989706  1.000000
eigenvalues of H=  1.196769  0.883489  0.576467  0.242178 -0.021770 -0.294090 -0.547235 -0.760567 -1.275242
tau, tau_max= 0.020000 0.404529
P=
   0.9945  -0.0042  -0.0049   0.0035  -0.0031  -0.0016  -0.0023  -0.0012  -0.0007
  -0.0042   0.9895  -0.0006  -0.0022   0.0031  -0.0044   0.0018  -0.0009   0.0034
  -0.0049  -0.0006   0.9845   0.0004  -0.0024  -0.0016  -0.0021  -0.0011   0.0043
   0.0035  -0.0022   0.0004   0.9795  -0.0024  -0.0042  -0.0005  -0.0039  -0.0024
  -0.0031   0.0031  -0.0024  -0.0024   0.9745   0.0038  -0.0027   0.0030   0.0037
  -0.0016  -0.0044  -0.0016  -0.0042   0.0038   0.9695  -0.0009  -0.0049   0.0015
  -0.0023   0.0018  -0.0021  -0.0005  -0.0027  -0.0009   0.9645   0.0010  -0.0021
  -0.0012  -0.0009  -0.0011  -0.0039   0.0030  -0.0049   0.0010   0.9595   0.0034
  -0.0007   0.0034   0.0043  -0.0024   0.0037   0.0015  -0.0021   0.0034   0.9545

sum_P_eig,sum_abs_P_eig,sign_condition_number=  2.078525  2.091526  0.732144

P after making eigenvec +ve =
   0.9945   0.0042   0.0049   0.0035   0.0031   0.0016   0.0023   0.0012   0.0007
   0.0042   0.9895  -0.0006   0.0022   0.0031  -0.0044   0.0018  -0.0009   0.0034
   0.0049  -0.0006   0.9845  -0.0004  -0.0024  -0.0016  -0.0021  -0.0011   0.0043
   0.0035   0.0022  -0.0004   0.9795   0.0024   0.0042   0.0005   0.0039   0.0024
   0.0031   0.0031  -0.0024   0.0024   0.9745   0.0038  -0.0027   0.0030   0.0037
   0.0016  -0.0044  -0.0016   0.0042   0.0038   0.9695  -0.0009  -0.0049   0.0015
   0.0023   0.0018  -0.0021   0.0005  -0.0027  -0.0009   0.9645   0.0010  -0.0021
   0.0012  -0.0009  -0.0011   0.0039   0.0030  -0.0049   0.0010   0.9595   0.0034
   0.0007   0.0034   0.0043   0.0024   0.0037   0.0015  -0.0021   0.0034   0.9545

1+(E_0*1-H) (i.e. P with tau=1) after making eigenvec +ve =
   0.7248  -0.2078  -0.2465  -0.1774  -0.1550  -0.0818  -0.1172  -0.0597  -0.0351
  -0.2078   0.4748   0.0317  -0.1078  -0.1529   0.2204  -0.0884   0.0460  -0.1722
  -0.2465   0.0317   0.2248   0.0188   0.1205   0.0786   0.1065   0.0542  -0.2134
  -0.1774  -0.1078   0.0188  -0.0252  -0.1196  -0.2078  -0.0252  -0.1955  -0.1204
  -0.1550  -0.1529   0.1205  -0.1196  -0.2752  -0.1889   0.1373  -0.1491  -0.1836
  -0.0818   0.2204   0.0786  -0.2078  -0.1889  -0.5252   0.0471   0.2473  -0.0761
  -0.1172  -0.0884   0.1065  -0.0252   0.1373   0.0471  -0.7752  -0.0512   0.1073
  -0.0597   0.0460   0.0542  -0.1955  -0.1491   0.2473  -0.0512  -1.0252  -0.1677
  -0.0351  -0.1722  -0.2134  -0.1204  -0.1836  -0.0761   0.1073  -0.1677  -1.2752
psi0         =   0.8174   0.4330   0.2248   0.2275   0.1681   0.0167   0.0476   0.0495   0.0940
psiG         =   0.8174   0.4330   0.2248   0.2275   0.1681   0.0167   0.0476   0.0495   0.0940
1-overlap_G  =   0.0000

E_G= -1.275242

H_imp=
  -1.0000  -0.3923  -0.8964  -0.6374  -0.7540  -4.0093  -2.0135  -0.9851  -0.3054
  -0.1101  -0.7500   0.0610  -0.2052  -0.3940   5.7251  -0.8045   0.4025  -0.7927
