Input hamiltonian
hamiltonian=random                                                                          
Input ndim, E_T, tau_in
ndim, E_T, tau_in=    9-20.000000 0.020000
Input fraction_positive, off_diag_mag, psiG_noise
fraction_positive, off_diag_mag,psiG_noise= 0.500000 0.500000 0.010000
psiG_correct_sign
psiG_correct_sign= F
plot_deriv= T
Input irand_seed
irand_seed=1425565376542456

Data set    1

H=
  -1.0000   0.0800   0.1401  -0.1696   0.0630   0.1789  -0.0366  -0.0928  -0.2290
   0.0800  -0.7500   0.0859   0.2028  -0.0542   0.1379   0.1569  -0.0799  -0.2353
   0.1401   0.0859  -0.5000   0.1165  -0.2461  -0.0961  -0.2234  -0.1402   0.2370
  -0.1696   0.2028   0.1165  -0.2500  -0.0711  -0.2226   0.0454   0.1250  -0.0263
   0.0630  -0.0542  -0.2461  -0.0711   0.0000  -0.0210   0.1375  -0.2232  -0.0393
   0.1789   0.1379  -0.0961  -0.2226  -0.0210   0.2500  -0.2276  -0.1955  -0.0772
  -0.0366   0.1569  -0.2234   0.0454   0.1375  -0.2276   0.5000  -0.2075  -0.1275
  -0.0928  -0.0799  -0.1402   0.1250  -0.2232  -0.1955  -0.2075   0.7500  -0.0525
  -0.2290  -0.2353   0.2370  -0.0263  -0.0393  -0.0772  -0.1275  -0.0525   1.0000

eigenval_p,eigenval_h=  1.000000 -1.153737
psi for P    =   0.8957  -0.1375  -0.3155   0.2159  -0.1095  -0.0884  -0.0127  -0.0197   0.1112

eigenvalues of P=  0.953835  0.957765  0.963171  0.973933  0.976522  0.982440  0.989117  0.995544  1.000000
eigenvalues of H=  1.154489  0.958038  0.687698  0.149593  0.020158 -0.275736 -0.609584 -0.930919 -1.153737
tau, tau_max= 0.020000 0.433233
P=
   0.9969  -0.0016  -0.0028   0.0034  -0.0013  -0.0036   0.0007   0.0019   0.0046
  -0.0016   0.9919  -0.0017  -0.0041   0.0011  -0.0028  -0.0031   0.0016   0.0047
  -0.0028  -0.0017   0.9869  -0.0023   0.0049   0.0019   0.0045   0.0028  -0.0047
   0.0034  -0.0041  -0.0023   0.9819   0.0014   0.0045  -0.0009  -0.0025   0.0005
  -0.0013   0.0011   0.0049   0.0014   0.9769   0.0004  -0.0028   0.0045   0.0008
  -0.0036  -0.0028   0.0019   0.0045   0.0004   0.9719   0.0046   0.0039   0.0015
   0.0007  -0.0031   0.0045  -0.0009  -0.0028   0.0046   0.9669   0.0041   0.0026
   0.0019   0.0016   0.0028  -0.0025   0.0045   0.0039   0.0041   0.9619   0.0011
   0.0046   0.0047  -0.0047   0.0005   0.0008   0.0015   0.0026   0.0011   0.9569

sum_P_eig,sum_abs_P_eig,sign_condition_number=  1.905979  1.922966  0.641680

P after making eigenvec +ve =
   0.9969   0.0016   0.0028   0.0034   0.0013   0.0036  -0.0007  -0.0019   0.0046
   0.0016   0.9919  -0.0017   0.0041   0.0011  -0.0028  -0.0031   0.0016  -0.0047
   0.0028  -0.0017   0.9869   0.0023   0.0049   0.0019   0.0045   0.0028   0.0047
   0.0034   0.0041   0.0023   0.9819  -0.0014  -0.0045   0.0009   0.0025   0.0005
   0.0013   0.0011   0.0049  -0.0014   0.9769   0.0004  -0.0028   0.0045  -0.0008
   0.0036  -0.0028   0.0019  -0.0045   0.0004   0.9719   0.0046   0.0039  -0.0015
  -0.0007  -0.0031   0.0045   0.0009  -0.0028   0.0046   0.9669   0.0041  -0.0026
  -0.0019   0.0016   0.0028   0.0025   0.0045   0.0039   0.0041   0.9619  -0.0011
   0.0046  -0.0047   0.0047   0.0005  -0.0008  -0.0015  -0.0026  -0.0011   0.9569

1+(E_0*1-H) (i.e. P with tau=1) after making eigenvec +ve =
   0.8463  -0.0800  -0.1401  -0.1696  -0.0630  -0.1789   0.0366   0.0928  -0.2290
  -0.0800   0.5963   0.0859  -0.2028  -0.0542   0.1379   0.1569  -0.0799   0.2353
  -0.1401   0.0859   0.3463  -0.1165  -0.2461  -0.0961  -0.2234  -0.1402  -0.2370
  -0.1696  -0.2028  -0.1165   0.0963   0.0711   0.2226  -0.0454  -0.1250  -0.0263
  -0.0630  -0.0542  -0.2461   0.0711  -0.1537  -0.0210   0.1375  -0.2232   0.0393
  -0.1789   0.1379  -0.0961   0.2226  -0.0210  -0.4037  -0.2276  -0.1955   0.0772
   0.0366   0.1569  -0.2234  -0.0454   0.1375  -0.2276  -0.6537  -0.2075   0.1275
   0.0928  -0.0799  -0.1402  -0.1250  -0.2232  -0.1955  -0.2075  -0.9037   0.0525
  -0.2290   0.2353  -0.2370  -0.0263   0.0393   0.0772   0.1275   0.0525  -1.1537
psi0         =   0.8957   0.1375   0.3155   0.2159   0.1095   0.0884   0.0127   0.0197   0.1112
psiG         =   0.8987   0.0882   0.3225   0.2165   0.1151   0.0876   0.0087   0.0239   0.1101
1-overlap_G  =   0.0013

E_G= -1.152513

H_imp=
  -1.0000  -0.8149  -0.3905  -0.7041  -0.4919  -1.8360   3.7674   3.4883  -1.8696
  -0.0078  -0.7500   0.0235  -0.0826  -0.0415   0.1388   1.5865  -0.2946   0.1885
  -0.0503   0.3141  -0.5000  -0.1736  -0.6895  -0.3539  -8.2615  -1.8911  -0.6944
  -0.0409  -0.4979  -0.0782  -0.2500   0.1337   0.5503  -1.1273  -1.1318  -0.0518
  -0.0081  -0.0708  -0.0879   0.0378   0.0000  -0.0276   1.8152  -1.0746   0.0411
  -0.0174   0.1369  -0.0261   0.0901  -0.0160   0.2500  -2.2854  -0.7163   0.0615
   0.0004   0.0155  -0.0060  -0.0018   0.0104  -0.0227   0.5000  -0.0757   0.0101
   0.0025  -0.0217  -0.0104  -0.0138  -0.0464  -0.0534  -0.5688   0.7500   0.0114
  -0.0280   0.2936  -0.0809  -0.0134   0.0376   0.0971   1.6093   0.2419   1.0000

P_imp=
   0.9969   0.0163   0.0078   0.0141   0.0098   0.0367  -0.0753  -0.0698   0.0374
   0.0002   0.9919  -0.0005   0.0017   0.0008  -0.0028  -0.0317   0.0059  -0.0038
   0.0010  -0.0063   0.9869   0.0035   0.0138   0.0071   0.1652   0.0378   0.0139
   0.0008   0.0100   0.0016   0.9819  -0.0027  -0.0110   0.0225   0.0226   0.0010
   0.0002   0.0014   0.0018  -0.0008   0.9769   0.0006  -0.0363   0.0215  -0.0008
   0.0003  -0.0027   0.0005  -0.0018   0.0003   0.9719   0.0457   0.0143  -0.0012
  -0.0000  -0.0003   0.0001   0.0000  -0.0002   0.0005   0.9669   0.0015  -0.0002
  -0.0000   0.0004   0.0002   0.0003   0.0009   0.0011   0.0114   0.9619  -0.0002
   0.0006  -0.0059   0.0016   0.0003  -0.0008  -0.0019  -0.0322  -0.0048   0.9569
tau_av_expon_proj    = 6.435471 0.461792 1.421524 0.895104 0.681703 0.324702 0.047570 0.112180 0.341478
tau_av_expon_proj_new= 6.504622 2.476861 1.529668 1.106517 0.866749 0.712384 0.604691 0.525283 0.464309
factor=                1.010688 2.255920 1.073256 1.210534 1.237996 1.723237 2.512633 2.195564 1.302839
factor2=                 1.0107   5.3636   1.0761   1.2362   1.2714   2.1940  12.7115   4.6825   1.3597

eigenvalues of P_imp=  0.953835  0.957765  0.963171  0.973933  0.976522  0.982440  0.989117  0.995544  1.000000
eigenvalues of H_imp=  1.154489  0.958038  0.687698  0.149593  0.020158 -0.275736 -0.609584 -0.930919 -1.153737

eigenval_p,eigenval_h=  1.000000 -1.153737
psi0_psiG    =   0.8060   0.0121   0.1019   0.0468   0.0126   0.0077   0.0001   0.0005   0.0123

imp-sampled: sum_P_eig,sum_abs_P_eig,sign_condition_number=  1.000000  1.001393  0.932754

P_FN1=
   0.9969   0.0163   0.0078   0.0141   0.0098   0.0367   0.0000   0.0000   0.0374
   0.0002   0.9767   0.0000   0.0017   0.0008   0.0000   0.0000   0.0059   0.0000
   0.0010   0.0000   0.9865   0.0035   0.0138   0.0071   0.1652   0.0378   0.0139
   0.0008   0.0100   0.0016   0.9794   0.0000   0.0000   0.0225   0.0226   0.0010
   0.0002   0.0014   0.0018   0.0000   0.9733   0.0006   0.0000   0.0215   0.0000
   0.0003   0.0000   0.0005   0.0000   0.0003   0.9562   0.0457   0.0143   0.0000
   0.0000   0.0000   0.0001   0.0000   0.0000   0.0005   0.7914   0.0015   0.0000
   0.0000   0.0004   0.0002   0.0003   0.0009   0.0011   0.0114   0.8873   0.0000
   0.0006   0.0000   0.0016   0.0003   0.0000   0.0000   0.0000   0.0000   0.9507

eigenvalues of P_FN1=  0.790963  0.886871  0.949613  0.956182  0.971247  0.974342  0.981337  0.987715  0.999988
eigenvalues of H_FN1=  9.298119  4.502718  1.365590  1.037172  0.283917  0.129152 -0.220577 -0.539465 -1.153143

eigenval_p,eigenval_h=  0.999988 -1.153143
psiFN1_psiG =    0.8060   0.0093   0.1047   0.0457   0.0129   0.0080   0.0001   0.0005   0.0128
psiFN1      =    0.8967   0.1052   0.3246   0.2110   0.1116   0.0917   0.0103   0.0222   0.1167
overlap_G_FN1=    0.9998

E_0, E_G, E_FN1, E_G-E_0, E_FN1-E_0, rms fluctuation of E_L  -1.15374  -1.15251  -1.15314   0.00122   0.00059   0.03799
E_L     =  -1.1497  -1.3951  -1.1565  -1.1115  -1.1036  -1.2573  -2.9646  -0.7039  -1.3032
P_L     =   0.9999   1.0048   1.0001   0.9992   0.9990   1.0021   1.0362   0.9910   1.0030
P_abs_L =   1.0000   1.0200   1.0005   1.0017   1.0026   1.0178   1.2118   1.0656   1.0092

P_propos=
   0.9969   0.0160   0.0078   0.0141   0.0098   0.0361   0.0000   0.0000   0.0370
   0.0002   0.9724   0.0000   0.0016   0.0008   0.0000   0.0000   0.0055   0.0000
   0.0010   0.0000   0.9864   0.0035   0.0138   0.0070   0.1364   0.0355   0.0138
   0.0008   0.0098   0.0016   0.9802   0.0000   0.0000   0.0186   0.0212   0.0010
   0.0002   0.0014   0.0018   0.0000   0.9744   0.0005   0.0000   0.0202   0.0000
   0.0003   0.0000   0.0005   0.0000   0.0003   0.9549   0.0377   0.0134   0.0000
   0.0000   0.0000   0.0001   0.0000   0.0000   0.0004   0.7979   0.0014   0.0000
   0.0000   0.0004   0.0002   0.0003   0.0009   0.0010   0.0094   0.9027   0.0000
   0.0006   0.0000   0.0016   0.0003   0.0000   0.0000   0.0000   0.0000   0.9482
sum P_propos  1.000000  1.000000  1.000000  1.000000  1.000000  1.000000  1.000000  1.000000  1.000000
E_FN1= -1.153143 -1.153143
psiG**2=         0.8076   0.0078   0.1040   0.0469   0.0133   0.0077   0.0001   0.0006   0.0121
psiG**2 * P_L=   0.8076   0.0078   0.1040   0.0468   0.0132   0.0077   0.0001   0.0006   0.0122
psiG_psiFN=      0.8060   0.0093   0.1047   0.0457   0.0129   0.0080   0.0001   0.0005   0.0128
P_L=             0.9999   1.0048   1.0001   0.9992   0.9990   1.0021   1.0362   0.9910   1.0030
psiFN1_by_psiG=          0.9979   1.1926   1.0065   0.9749   0.9696   1.0467   1.1825   0.9301   1.0606

P_markov=
   0.9970   0.0160   0.0078   0.0141   0.0098   0.0361   0.0000   0.0000   0.0370
   0.0002   0.9725   0.0000   0.0016   0.0008   0.0000   0.0000   0.0055   0.0000
   0.0010   0.0000   0.9865   0.0035   0.0138   0.0070   0.1364   0.0355   0.0138
   0.0008   0.0098   0.0016   0.9803   0.0000   0.0000   0.0186   0.0212   0.0010
   0.0002   0.0014   0.0018   0.0000   0.9744   0.0005   0.0000   0.0202   0.0000
   0.0003   0.0000   0.0005   0.0000   0.0003   0.9550   0.0377   0.0134   0.0000
   0.0000   0.0000   0.0001   0.0000   0.0000   0.0004   0.7979   0.0012   0.0000
   0.0000   0.0004   0.0002   0.0003   0.0009   0.0010   0.0094   0.9029   0.0000
   0.0006   0.0000   0.0016   0.0003   0.0000   0.0000   0.0000   0.0000   0.9482

eigenvalues of P_markov=  0.797669  0.902313  0.947193  0.955039  0.970209  0.973500  0.980926  0.987807  1.000000
eigenvalues of H_markov=  8.962825  3.730610  1.486597  1.094293  0.335834  0.171279 -0.200054 -0.544108 -1.153737

eigenval_p,eigenval_h=  1.000000 -1.153143
psi for P_mar=   0.8076   0.0078   0.1040   0.0469   0.0133   0.0077   0.0001   0.0006   0.0121
psiG**2      =   0.8076   0.0078   0.1040   0.0469   0.0133   0.0077   0.0001   0.0006   0.0121
Above 2 lines should be equal since Markov matrix has dominant state psiG**2
The exception to this occurs when there is no sign problem, but some components of psiG have the wrong sign, in which case one has 2 decoupled spaces with degenerate dominant eigenvalues

P_FN3=
   0.9969   0.0161   0.0078   0.0140   0.0098   0.0362   0.0000   0.0000   0.0372
   0.0002   0.9772   0.0000   0.0016   0.0008   0.0000   0.0000   0.0055   0.0000
   0.0010   0.0000   0.9865   0.0035   0.0137   0.0070   0.1413   0.0352   0.0138
   0.0008   0.0098   0.0016   0.9795   0.0000   0.0000   0.0193   0.0211   0.0010
   0.0002   0.0014   0.0018   0.0000   0.9735   0.0005   0.0000   0.0200   0.0000
   0.0003   0.0000   0.0005   0.0000   0.0003   0.9570   0.0391   0.0133   0.0000
   0.0000   0.0000   0.0001   0.0000   0.0000   0.0004   0.8268   0.0012   0.0000
   0.0000   0.0004   0.0002   0.0003   0.0009   0.0010   0.0097   0.8948   0.0000
   0.0006   0.0000   0.0016   0.0003   0.0000   0.0000   0.0000   0.0000   0.9510
E_FN3= -1.153130 -1.153130

eigenvalues of P_FN3=  0.826481  0.894336  0.949963  0.957001  0.971474  0.974675  0.981514  0.987766  1.000000
eigenvalues of H_FN3=  7.522802  4.130062  1.348729  0.996796  0.273157  0.113124 -0.228867 -0.541429 -1.153130

eigenval_p,eigenval_h=  1.000000 -1.153130
psiFN3_psiG  =   0.8060   0.0093   0.1047   0.0457   0.0129   0.0080   0.0001   0.0005   0.0128
psiFN3      =    0.8967   0.1050   0.3245   0.2112   0.1117   0.0915   0.0103   0.0223   0.1164

P_FN4=
   0.9969   0.0161   0.0078   0.0140   0.0098   0.0362   0.0000   0.0000   0.0372
   0.0002   0.9772   0.0000   0.0016   0.0008   0.0000   0.0000   0.0055   0.0000
   0.0010   0.0000   0.9865   0.0035   0.0137   0.0070   0.1413   0.0352   0.0138
   0.0008   0.0098   0.0016   0.9794   0.0000   0.0000   0.0193   0.0211   0.0010
   0.0002   0.0014   0.0018   0.0000   0.9734   0.0005   0.0000   0.0200   0.0000
   0.0003   0.0000   0.0005   0.0000   0.0003   0.9569   0.0391   0.0133   0.0000
   0.0000   0.0000   0.0001   0.0000   0.0000   0.0004   0.8268   0.0014   0.0000
   0.0000   0.0004   0.0002   0.0003   0.0009   0.0011   0.0097   0.8946   0.0000
   0.0006   0.0000   0.0016   0.0003   0.0000   0.0000   0.0000   0.0000   0.9510
E_FN4= -1.153220 -1.153220

eigenvalues of P_FN4=  0.826420  0.894153  0.949951  0.956908  0.971404  0.974613  0.981507  0.987739  1.000002
eigenvalues of H_FN4=  7.525876  4.139202  1.349321  1.001434  0.276680  0.116207 -0.228481 -0.540106 -1.153220

eigenval_p,eigenval_h=  1.000002 -1.153220
psiFN4_psiG  =   0.8054   0.0094   0.1047   0.0458   0.0129   0.0082   0.0001   0.0006   0.0129
psiFN4      =    0.8960   0.1070   0.3245   0.2114   0.1119   0.0931   0.0124   0.0238   0.1174
FN5: sum_pos  0.002824
FN5: sum_pos  0.760203
FN5: sum_pos  0.023489
FN5: sum_pos  0.127859
FN5: sum_pos  0.181659
FN5: sum_pos  0.786203
FN5: sum_pos  8.778449
FN5: sum_pos  3.730181
FN5: sum_pos  0.312617

P_FN5=
   0.9969   0.0163   0.0078   0.0141   0.0098   0.0367   0.0000   0.0000   0.0374
   0.0002   0.9767   0.0000   0.0017   0.0008   0.0000   0.0000   0.0059   0.0000
   0.0010   0.0000   0.9865   0.0035   0.0138   0.0071   0.1652   0.0378   0.0139
   0.0008   0.0100   0.0016   0.9794   0.0000   0.0000   0.0225   0.0226   0.0010
   0.0002   0.0014   0.0018   0.0000   0.9733   0.0006   0.0000   0.0215   0.0000
   0.0003   0.0000   0.0005   0.0000   0.0003   0.9562   0.0457   0.0143   0.0000
   0.0000   0.0000   0.0001   0.0000   0.0000   0.0005   0.7929   0.0015   0.0000
   0.0000   0.0004   0.0002   0.0003   0.0009   0.0011   0.0114   0.8875   0.0000
   0.0006   0.0000   0.0016   0.0003   0.0000   0.0000   0.0000   0.0000   0.9507
E_FN5= -1.153161 -1.153144

eigenvalues of P_FN5=  0.792461  0.887015  0.949619  0.956187  0.971248  0.974343  0.981337  0.987716  0.999988
eigenvalues of H_FN5=  9.223201  4.495512  1.365316  1.036918  0.283885  0.129134 -0.220592 -0.539517 -1.153161

eigenval_p,eigenval_h=  0.999988 -1.153161
psiFN5_psiG  =   0.8060   0.0093   0.1047   0.0457   0.0129   0.0080   0.0001   0.0005   0.0129
psiFN5      =    0.8966   0.1052   0.3246   0.2110   0.1116   0.0917   0.0104   0.0223   0.1167

E_G, E_FN1, E_FN3, E_FN4, E_0, recover_FN1, recover_FN3, recover_FN4, 1-ovlp_FN1, 1-ovlp_FN3, 1-ovlp_FN4, sign_cond_num= -1.152513 -1.153143 -1.153130 -1.153220 -1.153737 0.515 0.504 0.578 6.E-04 6.E-04 6.E-04 0.933

P_propos2=
   0.9969   0.0162   0.0078   0.0141   0.0098   0.0366   0.0000   0.0000   0.0373
   0.0002   0.9720   0.0000   0.0017   0.0008   0.0000   0.0000   0.0059   0.0000
   0.0010   0.0000   0.9864   0.0035   0.0138   0.0071   0.1595   0.0382   0.0138
   0.0008   0.0099   0.0016   0.9802   0.0000   0.0000   0.0218   0.0228   0.0010
   0.0002   0.0014   0.0018   0.0000   0.9743   0.0006   0.0000   0.0217   0.0000
   0.0003   0.0000   0.0005   0.0000   0.0003   0.9542   0.0441   0.0145   0.0000
   0.0000   0.0000   0.0001   0.0000   0.0000   0.0005   0.7637   0.0015   0.0000
   0.0000   0.0004   0.0002   0.0003   0.0009   0.0011   0.0110   0.8954   0.0000
   0.0006   0.0000   0.0016   0.0003   0.0000   0.0000   0.0000   0.0000   0.9478

eigenvalues of P_FN1_propos=  0.763390  0.894808  0.946859  0.954231  0.969806  0.973308  0.980820  0.987768  1.000000
psi for P_FN1_propos=   0.8076   0.0078   0.1040   0.0468   0.0132   0.0077   0.0001   0.0006   0.0122
psiG**2 * P_L       =   0.8076   0.0078   0.1040   0.0468   0.0132   0.0077   0.0001   0.0006   0.0122
Above 2 lines should be equal since proposal part of P_FN1 has dominant state psiG**2 * P_L
The exception to this occurs when there is no sign problem, but some components of psiG have the wrong sign, in which case one has 2 decoupled spaces with degenerate dominant eigenvalues
 W_2der_by_W
 -0.189433      0.833179E-01  0.400649     -0.438513     -0.270136      0.480217      0.447455     -0.191995       1.17409    
  0.833179E-01 -0.360799E-01 -0.174619      0.187488      0.113871     -0.204035     -0.203987      0.877350E-01 -0.497080    
  0.400649     -0.174619     -0.872433      0.897807      0.539938     -0.970377     -0.913113      0.414232      -2.35734    
 -0.438513      0.187488      0.897807     -0.896710     -0.589743       1.04513       1.04739     -0.472225       2.59067    
 -0.270136      0.113871      0.539938     -0.589743     -0.253005      0.651766      0.606480     -0.315842       1.59408    
  0.480217     -0.204035     -0.970377       1.04513      0.651766      -1.37982      -1.03823      0.495634      -2.82141    
  0.447455     -0.203987     -0.913113       1.04739      0.606480      -1.03823      -2.89854      0.528913      -2.81285    
 -0.191995      0.877350E-01  0.414232     -0.472225     -0.315842      0.495634      0.528913      0.190635E-01   1.20702    
   1.17409     -0.497080      -2.35734       2.59067       1.59408      -2.82141      -2.81285       1.20702      -7.43097    
W_der_by_W      =  -0.003527   0.001521   0.007277  -0.007950  -0.004831   0.008671   0.008937  -0.003778   0.021381

gradient_VMC_FD=      0.004983     -0.003773     -0.014266      0.017773      0.011263     -0.018364     -0.031608      0.021454     -0.033173

gradient_VMC=      0.004983     -0.003773     -0.014266      0.017773      0.011263     -0.018364     -0.031608      0.021454     -0.033173

gradient_VMC_in_dmc=      0.004973     -0.004500     -0.016536      0.017326      0.010921     -0.019222     -0.037377      0.019954     -0.035184

gradient_FN1_FD=     -0.000162     -0.002030     -0.003193      0.002747      0.001504     -0.002780     -0.023973      0.012415      0.005114

gradient_FN1_exact=     -0.000162     -0.002029     -0.003193      0.002747      0.001505     -0.002779     -0.023974      0.012415      0.005114

gradient_FN1_approx=     -0.000184     -0.001826     -0.002841      0.002716      0.001460     -0.003143     -0.022013      0.012834      0.004411

gradient_FU=     -0.000568     -0.001636     -0.002189      0.002204      0.001430     -0.002453     -0.020751      0.012630      0.006068
 hessian_vmc_in_dmc
  0.286558     -0.747090E-02 -0.302650     -0.367852     -0.144679     -0.332308      0.146661      0.142929     -0.409401    
 -0.747090E-02  0.313439E-02  0.293479E-01 -0.371887E-01 -0.953771E-02  0.284062E-01  0.336513E-01 -0.151229E-01  0.484591E-01
 -0.302650      0.293479E-01   1.51200     -0.356343     -0.522472     -0.963006E-01 -0.360392     -0.331250     -0.316191    
 -0.367852     -0.371887E-01 -0.356343       1.74505      0.129743      0.455006     -0.825452E-01 -0.247298     -0.428190E-01
 -0.144679     -0.953771E-02 -0.522472      0.129743       2.23011     -0.401065E-01  0.304059     -0.428900      0.850645E-01
 -0.332308      0.284062E-01 -0.963006E-01  0.455006     -0.401065E-01   2.94313     -0.500057     -0.389324      0.173724    
  0.146661      0.336513E-01 -0.360392     -0.825452E-01  0.304059     -0.500057       3.90979     -0.437027      0.295503    
  0.142929     -0.151229E-01 -0.331250     -0.247298     -0.428900     -0.389324     -0.437027       3.53712      0.101511    
 -0.409401      0.484591E-01 -0.316191     -0.428190E-01  0.850645E-01  0.173724      0.295503      0.101511       4.58237    
 hessian_VMC_FD
  0.287112     -0.740179E-02 -0.301817     -0.373387     -0.147417     -0.325748      0.129848      0.146823     -0.399414    
 -0.740179E-02  0.260556E-02  0.257039E-01 -0.344137E-01 -0.887039E-02  0.252614E-01  0.282318E-01 -0.142420E-01  0.428478E-01
 -0.301817      0.257039E-01   1.47896     -0.350102     -0.526439     -0.101593     -0.338851     -0.338288     -0.319166    
 -0.373387     -0.344137E-01 -0.350102       1.78963      0.133198      0.450098     -0.774422E-01 -0.260126     -0.422391E-01
 -0.147417     -0.887039E-02 -0.526439      0.133198       2.29984     -0.397967E-01  0.282102     -0.451829      0.837309E-01
 -0.325748      0.252614E-01 -0.101593      0.450098     -0.397967E-01   2.81146     -0.449282     -0.393940      0.164348    
  0.129848      0.282318E-01 -0.338851     -0.774422E-01  0.282102     -0.449282       3.30613     -0.413786      0.262584    
  0.146823     -0.142420E-01 -0.338288     -0.260126     -0.451829     -0.393940     -0.413786       3.80297      0.101959    
 -0.399414      0.428478E-01 -0.319166     -0.422391E-01  0.837309E-01  0.164348      0.262584      0.101959       4.31963    
 hessian_vmc
  0.287112     -0.740179E-02 -0.301817     -0.373387     -0.147417     -0.325748      0.129848      0.146823     -0.399414    
 -0.740179E-02  0.260555E-02  0.257039E-01 -0.344137E-01 -0.887039E-02  0.252614E-01  0.282318E-01 -0.142420E-01  0.428478E-01
 -0.301817      0.257039E-01   1.47896     -0.350102     -0.526439     -0.101593     -0.338851     -0.338288     -0.319166    
 -0.373387     -0.344137E-01 -0.350102       1.78963      0.133198      0.450098     -0.774422E-01 -0.260126     -0.422391E-01
 -0.147417     -0.887039E-02 -0.526439      0.133198       2.29984     -0.397967E-01  0.282102     -0.451829      0.837309E-01
 -0.325748      0.252614E-01 -0.101593      0.450098     -0.397967E-01   2.81146     -0.449282     -0.393940      0.164348    
  0.129848      0.282318E-01 -0.338851     -0.774422E-01  0.282102     -0.449282       3.30613     -0.413786      0.262584    
  0.146823     -0.142420E-01 -0.338288     -0.260126     -0.451829     -0.393940     -0.413786       3.80297      0.101959    
 -0.399414      0.428478E-01 -0.319166     -0.422391E-01  0.837309E-01  0.164348      0.262584      0.101959       4.31963    
 hessian_FN_FD
  0.243361E-02 -0.786871E-04 -0.237310E-03 -0.771189E-03 -0.566214E-03  0.151129E-02  0.762473E-02 -0.613747E-01 -0.418623E-02
 -0.786871E-04  0.258071E-02  0.473815E-02 -0.602393E-02  0.120598E-03  0.695458E-02  0.259406E-01 -0.502681E-02 -0.803774E-02
 -0.237310E-03  0.473815E-02  0.514533E-01 -0.141770E-01 -0.204364E-02 -0.159590E-01  0.326203E-01 -0.124885E-01 -0.769726E-01
 -0.771189E-03 -0.602393E-02 -0.141770E-01  0.154248     -0.984463E-01 -0.217961      0.381638E-01  0.233015E-01 -0.122075E-01
 -0.566214E-03  0.120598E-03 -0.204364E-02 -0.984463E-01  0.277600     -0.344619E-01  0.234369E-01 -0.313687E-01 -0.673792E-01
  0.151129E-02  0.695458E-02 -0.159590E-01 -0.217961     -0.344619E-01  0.927845     -0.231404     -0.391183E-01 -0.187050    
  0.762473E-02  0.259406E-01  0.326203E-01  0.381638E-01  0.234369E-01 -0.231404       3.59375     -0.332295     -0.680568E-01
 -0.613747E-01 -0.502681E-02 -0.124885E-01  0.233015E-01 -0.313687E-01 -0.391183E-01 -0.332295       2.04537      0.250147E-01
 -0.418623E-02 -0.803774E-02 -0.769726E-01 -0.122075E-01 -0.673792E-01 -0.187050     -0.680568E-01  0.250147E-01  0.456536    
 hessian_FN1
 -0.285197E-01  0.151674E-01  0.597056E-01 -0.630929E-01 -0.303685E-01  0.754440E-01  0.837899E-01 -0.862147E-01  0.164025    
  0.151674E-01 -0.452707E-02 -0.241769E-01  0.150991E-01  0.865660E-02 -0.223703E-01 -0.148697E-01  0.633930E-02 -0.707140E-01
  0.597056E-01 -0.241769E-01 -0.806988E-01  0.641525E-01  0.177087E-01 -0.111724     -0.874830E-01  0.249311E-01 -0.273598    
 -0.630929E-01  0.150991E-01  0.641525E-01  0.164581     -0.117090     -0.136840      0.158163     -0.241760E-01  0.198191    
 -0.303685E-01  0.865660E-02  0.177087E-01 -0.117090      0.402464     -0.493014E-03  0.245414E-01 -0.752748E-01  0.669613E-02
  0.754440E-01 -0.223703E-01 -0.111724     -0.136840     -0.493014E-03  0.567098     -0.267353      0.677146E-02 -0.415686    
  0.837899E-01 -0.148697E-01 -0.874830E-01  0.158163      0.245414E-01 -0.267353       1.85506     -0.229975     -0.437423    
 -0.862147E-01  0.633930E-02  0.249311E-01 -0.241760E-01 -0.752748E-01  0.677146E-02 -0.229975       2.46446      0.116174    
  0.164025     -0.707140E-01 -0.273598      0.198191      0.669613E-02 -0.415686     -0.437423      0.116174     -0.619236    
 hessian_FN_err
 -0.309533E-01  0.152460E-01  0.599429E-01 -0.623218E-01 -0.298023E-01  0.739327E-01  0.761652E-01 -0.248401E-01  0.168211    
  0.152460E-01 -0.710778E-02 -0.289150E-01  0.211230E-01  0.853600E-02 -0.293249E-01 -0.408103E-01  0.113661E-01 -0.626763E-01
  0.599429E-01 -0.289150E-01 -0.132152      0.783295E-01  0.197523E-01 -0.957647E-01 -0.120103      0.374196E-01 -0.196625    
 -0.623218E-01  0.211230E-01  0.783295E-01  0.103336E-01 -0.186436E-01  0.811210E-01  0.119999     -0.474775E-01  0.210399    
 -0.298023E-01  0.853600E-02  0.197523E-01 -0.186436E-01  0.124863      0.339689E-01  0.110446E-02 -0.439062E-01  0.740753E-01
  0.739327E-01 -0.293249E-01 -0.957647E-01  0.811210E-01  0.339689E-01 -0.360747     -0.359489E-01  0.458898E-01 -0.228636    
  0.761652E-01 -0.408103E-01 -0.120103      0.119999      0.110446E-02 -0.359489E-01  -1.73869      0.102320     -0.369366    
 -0.248401E-01  0.113661E-01  0.374196E-01 -0.474775E-01 -0.439062E-01  0.458898E-01  0.102320      0.419089      0.911595E-01
  0.168211     -0.626763E-01 -0.196625      0.210399      0.740753E-01 -0.228636     -0.369366      0.911595E-01  -1.07577    
FN1*G=  0.8058133801  0.0092740830  0.1046725596  0.0456923860  0.0128491546  0.0080286058  0.0000899306  0.0005316343  0.0128459273  0.9997976612
FN1_G=  0.8059764604  0.0092759599  0.1046937432  0.0457016332  0.0128517550  0.0080302306  0.0000899488  0.0005317419  0.0128485271  1.0000000000
------------------------------------------------------------
psi0         =   0.8957   0.1375   0.3155   0.2159   0.1095   0.0884   0.0127   0.0197   0.1112
psiG         =   0.8978   0.0982   0.3222   0.2163   0.1150   0.0875   0.0087   0.0239   0.1100
1-overlap_G  =   0.0008

E_G= -1.152903

H_imp=
  -1.0000  -0.7313  -0.3905  -0.7041  -0.4919  -1.8360   3.7674   3.4883  -1.8696
  -0.0087  -0.7500   0.0262  -0.0920  -0.0463   0.1547   1.7679  -0.3283   0.2101
  -0.0503   0.2819  -0.5000  -0.1736  -0.6895  -0.3539  -8.2615  -1.8911  -0.6944
  -0.0409  -0.4468  -0.0782  -0.2500   0.1337   0.5503  -1.1273  -1.1318  -0.0518
  -0.0081  -0.0635  -0.0879   0.0378   0.0000  -0.0276   1.8152  -1.0746   0.0411
  -0.0174   0.1229  -0.0261   0.0901  -0.0160   0.2500  -2.2854  -0.7163   0.0615
   0.0004   0.0139  -0.0060  -0.0018   0.0104  -0.0227   0.5000  -0.0757   0.0101
   0.0025  -0.0194  -0.0104  -0.0138  -0.0464  -0.0534  -0.5688   0.7500   0.0114
  -0.0280   0.2635  -0.0809  -0.0134   0.0376   0.0971   1.6093   0.2419   1.0000

P_imp=
   0.9969   0.0146   0.0078   0.0141   0.0098   0.0367  -0.0753  -0.0698   0.0374
   0.0002   0.9919  -0.0005   0.0018   0.0009  -0.0031  -0.0354   0.0066  -0.0042
   0.0010  -0.0056   0.9869   0.0035   0.0138   0.0071   0.1652   0.0378   0.0139
   0.0008   0.0089   0.0016   0.9819  -0.0027  -0.0110   0.0225   0.0226   0.0010
   0.0002   0.0013   0.0018  -0.0008   0.9769   0.0006  -0.0363   0.0215  -0.0008
   0.0003  -0.0025   0.0005  -0.0018   0.0003   0.9719   0.0457   0.0143  -0.0012
  -0.0000  -0.0003   0.0001   0.0000  -0.0002   0.0005   0.9669   0.0015  -0.0002
  -0.0000   0.0004   0.0002   0.0003   0.0009   0.0011   0.0114   0.9619  -0.0002
   0.0006  -0.0053   0.0016   0.0003  -0.0008  -0.0019  -0.0322  -0.0048   0.9569
tau_av_expon_proj    = 6.398528 0.514582 1.416119 0.887601 0.679504 0.323037 0.047163 0.111758 0.338983
tau_av_expon_proj_new= 6.529845 2.480509 1.531058 1.107244 0.867195 0.712686 0.604908 0.525447 0.464437
factor=                1.020314 2.209022 1.077962 1.219412 1.241642 1.727599 2.514394 2.197475 1.310122
factor2=                 1.0205   4.8204   1.0812   1.2475   1.2762   2.2062  12.8258   4.7017   1.3701

eigenvalues of P_imp=  0.953835  0.957765  0.963171  0.973933  0.976522  0.982440  0.989117  0.995544  1.000000
eigenvalues of H_imp=  1.154489  0.958038  0.687698  0.149593  0.020158 -0.275736 -0.609584 -0.930919 -1.153737

eigenval_p,eigenval_h=  1.000000 -1.153143
psi0_psiG    =   0.8049   0.0135   0.1017   0.0467   0.0126   0.0077   0.0001   0.0005   0.0122

imp-sampled: sum_P_eig,sum_abs_P_eig,sign_condition_number=  1.000000  1.001419  0.931578

P_FN1=
   0.9969   0.0146   0.0078   0.0141   0.0098   0.0367   0.0000   0.0000   0.0374
   0.0002   0.9783   0.0000   0.0018   0.0009   0.0000   0.0000   0.0066   0.0000
   0.0010   0.0000   0.9864   0.0035   0.0138   0.0071   0.1652   0.0378   0.0139
   0.0008   0.0089   0.0016   0.9794   0.0000   0.0000   0.0225   0.0226   0.0010
   0.0002   0.0013   0.0018   0.0000   0.9733   0.0006   0.0000   0.0215   0.0000
   0.0003   0.0000   0.0005   0.0000   0.0003   0.9559   0.0457   0.0143   0.0000
   0.0000   0.0000   0.0001   0.0000   0.0000   0.0005   0.7877   0.0015   0.0000
   0.0000   0.0004   0.0002   0.0003   0.0009   0.0011   0.0114   0.8873   0.0000
   0.0006   0.0000   0.0016   0.0003   0.0000   0.0000   0.0000   0.0000   0.9502

eigenvalues of P_FN1=  0.787346  0.886865  0.949194  0.955864  0.971403  0.975076  0.981977  0.987671  0.999992
eigenvalues of H_FN1=  9.478988  4.503020  1.386581  1.053049  0.276098  0.092457 -0.252581 -0.537298 -1.153346

eigenval_p,eigenval_h=  0.999992 -1.153346
psiFN1_psiG =    0.8049   0.0111   0.1040   0.0459   0.0128   0.0080   0.0001   0.0005   0.0127
psiFN1      =    0.8964   0.1129   0.3227   0.2122   0.1115   0.0909   0.0101   0.0223   0.1155
overlap_G_FN1=    0.9999

E_0, E_G, E_FN1, E_G-E_0, E_FN1-E_0, rms fluctuation of E_L  -1.15374  -1.15290  -1.15335   0.00083   0.00039   0.03191
E_L     =  -1.1506  -1.3289  -1.1538  -1.1209  -1.1083  -1.2415  -2.7832  -0.7376  -1.2817
P_L     =   0.9999   1.0035   1.0000   0.9994   0.9991   1.0018   1.0326   0.9917   1.0026
P_abs_L =   1.0000   1.0171   1.0005   1.0019   1.0027   1.0178   1.2118   1.0663   1.0092

P_propos=
   0.9969   0.0144   0.0078   0.0141   0.0098   0.0361   0.0000   0.0000   0.0370
   0.0002   0.9752   0.0000   0.0018   0.0009   0.0000   0.0000   0.0062   0.0000
   0.0010   0.0000   0.9864   0.0035   0.0138   0.0070   0.1364   0.0355   0.0138
   0.0008   0.0088   0.0016   0.9801   0.0000   0.0000   0.0186   0.0212   0.0010
   0.0002   0.0012   0.0018   0.0000   0.9743   0.0005   0.0000   0.0202   0.0000
   0.0003   0.0000   0.0005   0.0000   0.0003   0.9549   0.0377   0.0134   0.0000
   0.0000   0.0000   0.0001   0.0000   0.0000   0.0004   0.7979   0.0014   0.0000
   0.0000   0.0004   0.0002   0.0003   0.0009   0.0010   0.0094   0.9021   0.0000
   0.0006   0.0000   0.0016   0.0003   0.0000   0.0000   0.0000   0.0000   0.9482
sum P_propos  1.000000  1.000000  1.000000  1.000000  1.000000  1.000000  1.000000  1.000000  1.000000
E_FN1= -1.153346 -1.153346
psiG**2=         0.8061   0.0096   0.1038   0.0468   0.0132   0.0077   0.0001   0.0006   0.0121
psiG**2 * P_L=   0.8061   0.0097   0.1038   0.0468   0.0132   0.0077   0.0001   0.0006   0.0121
psiG_psiFN=      0.8049   0.0111   0.1040   0.0459   0.0128   0.0080   0.0001   0.0005   0.0127
P_L=             0.9999   1.0035   1.0000   0.9994   0.9991   1.0018   1.0326   0.9917   1.0026
psiFN1_by_psiG=          0.9985   1.1500   1.0016   0.9812   0.9699   1.0386   1.1576   0.9330   1.0505

P_markov=
   0.9969   0.0144   0.0078   0.0141   0.0098   0.0361   0.0000   0.0000   0.0370
   0.0002   0.9752   0.0000   0.0018   0.0009   0.0000   0.0000   0.0062   0.0000
   0.0010   0.0000   0.9865   0.0035   0.0138   0.0070   0.1364   0.0355   0.0138
   0.0008   0.0088   0.0016   0.9801   0.0000   0.0000   0.0186   0.0212   0.0010
   0.0002   0.0012   0.0018   0.0000   0.9743   0.0005   0.0000   0.0202   0.0000
   0.0003   0.0000   0.0005   0.0000   0.0003   0.9551   0.0377   0.0134   0.0000
   0.0000   0.0000   0.0001   0.0000   0.0000   0.0004   0.7979   0.0012   0.0000
   0.0000   0.0004   0.0002   0.0003   0.0009   0.0010   0.0094   0.9023   0.0000
   0.0006   0.0000   0.0016   0.0003   0.0000   0.0000   0.0000   0.0000   0.9482

eigenvalues of P_markov=  0.797668  0.901749  0.947193  0.955037  0.971625  0.974168  0.981311  0.987794  1.000000
eigenvalues of H_markov=  8.962853  3.758794  1.486604  1.094413  0.264990  0.137873 -0.219262 -0.543417 -1.153737

eigenval_p,eigenval_h=  1.000000 -1.153346
psi for P_mar=   0.8061   0.0096   0.1038   0.0468   0.0132   0.0077   0.0001   0.0006   0.0121
psiG**2      =   0.8061   0.0096   0.1038   0.0468   0.0132   0.0077   0.0001   0.0006   0.0121
Above 2 lines should be equal since Markov matrix has dominant state psiG**2
The exception to this occurs when there is no sign problem, but some components of psiG have the wrong sign, in which case one has 2 decoupled spaces with degenerate dominant eigenvalues

P_FN3=
   0.9969   0.0144   0.0078   0.0140   0.0098   0.0361   0.0000   0.0000   0.0371
   0.0002   0.9786   0.0000   0.0018   0.0009   0.0000   0.0000   0.0061   0.0000
   0.0010   0.0000   0.9865   0.0035   0.0137   0.0070   0.1408   0.0352   0.0138
   0.0008   0.0088   0.0016   0.9795   0.0000   0.0000   0.0192   0.0211   0.0010
   0.0002   0.0013   0.0018   0.0000   0.9735   0.0005   0.0000   0.0200   0.0000
   0.0003   0.0000   0.0005   0.0000   0.0003   0.9567   0.0389   0.0133   0.0000
   0.0000   0.0000   0.0001   0.0000   0.0000   0.0004   0.8239   0.0012   0.0000
   0.0000   0.0004   0.0002   0.0003   0.0009   0.0010   0.0097   0.8948   0.0000
   0.0006   0.0000   0.0016   0.0003   0.0000   0.0000   0.0000   0.0000   0.9506
E_FN3= -1.153337 -1.153337

eigenvalues of P_FN3=  0.823595  0.894367  0.949561  0.956695  0.971597  0.975351  0.982151  0.987719  1.000000
eigenvalues of H_FN3=  7.666923  4.128303  1.368610  1.011914  0.266800  0.079091 -0.260887 -0.539302 -1.153337

eigenval_p,eigenval_h=  1.000000 -1.153337
psiFN3_psiG  =   0.8049   0.0111   0.1040   0.0459   0.0128   0.0079   0.0001   0.0005   0.0127
psiFN3      =    0.8964   0.1127   0.3227   0.2123   0.1116   0.0908   0.0100   0.0224   0.1152

P_FN4=
   0.9969   0.0144   0.0078   0.0140   0.0098   0.0361   0.0000   0.0000   0.0371
   0.0002   0.9786   0.0000   0.0018   0.0009   0.0000   0.0000   0.0061   0.0000
   0.0010   0.0000   0.9864   0.0035   0.0137   0.0070   0.1408   0.0352   0.0138
   0.0008   0.0088   0.0016   0.9794   0.0000   0.0000   0.0192   0.0211   0.0010
   0.0002   0.0013   0.0018   0.0000   0.9734   0.0005   0.0000   0.0200   0.0000
   0.0003   0.0000   0.0005   0.0000   0.0003   0.9566   0.0389   0.0133   0.0000
   0.0000   0.0000   0.0001   0.0000   0.0000   0.0004   0.8239   0.0014   0.0000
   0.0000   0.0004   0.0002   0.0003   0.0009   0.0011   0.0097   0.8946   0.0000
   0.0006   0.0000   0.0016   0.0003   0.0000   0.0000   0.0000   0.0000   0.9506
E_FN4= -1.153408 -1.153408

eigenvalues of P_FN4=  0.823535  0.894184  0.949549  0.956601  0.971529  0.975290  0.982143  0.987692  1.000001
eigenvalues of H_FN4=  7.669902  4.137475  1.369193  1.016598  0.270186  0.082152 -0.260496 -0.537960 -1.153408

eigenval_p,eigenval_h=  1.000001 -1.153408
psiFN4_psiG  =   0.8044   0.0113   0.1040   0.0460   0.0129   0.0081   0.0001   0.0006   0.0128
psiFN4      =    0.8957   0.1146   0.3227   0.2126   0.1118   0.0923   0.0122   0.0238   0.1162
FN5: sum_pos  0.002824
FN5: sum_pos  0.682215
FN5: sum_pos  0.026175
FN5: sum_pos  0.127859
FN5: sum_pos  0.181659
FN5: sum_pos  0.802070
FN5: sum_pos  8.959816
FN5: sum_pos  3.730181
FN5: sum_pos  0.334169

P_FN5=
   0.9969   0.0146   0.0078   0.0141   0.0098   0.0367   0.0000   0.0000   0.0374
   0.0002   0.9783   0.0000   0.0018   0.0009   0.0000   0.0000   0.0066   0.0000
   0.0010   0.0000   0.9864   0.0035   0.0138   0.0071   0.1652   0.0378   0.0139
   0.0008   0.0089   0.0016   0.9794   0.0000   0.0000   0.0225   0.0226   0.0010
   0.0002   0.0013   0.0018   0.0000   0.9733   0.0006   0.0000   0.0215   0.0000
   0.0003   0.0000   0.0005   0.0000   0.0003   0.9559   0.0457   0.0143   0.0000
   0.0000   0.0000   0.0001   0.0000   0.0000   0.0005   0.7893   0.0015   0.0000
   0.0000   0.0004   0.0002   0.0003   0.0009   0.0011   0.0114   0.8875   0.0000
   0.0006   0.0000   0.0016   0.0003   0.0000   0.0000   0.0000   0.0000   0.9502
E_FN5= -1.153364 -1.153347

eigenvalues of P_FN5=  0.788944  0.887009  0.949199  0.955870  0.971404  0.975076  0.981977  0.987672  0.999993
eigenvalues of H_FN5=  9.399068  4.495815  1.386298  1.052788  0.276063  0.092443 -0.252594 -0.537351 -1.153364

eigenval_p,eigenval_h=  0.999993 -1.153364
psiFN5_psiG  =   0.8049   0.0111   0.1040   0.0459   0.0128   0.0080   0.0001   0.0005   0.0127
psiFN5      =    0.8963   0.1129   0.3227   0.2122   0.1116   0.0909   0.0102   0.0223   0.1155

E_G, E_FN1, E_FN3, E_FN4, E_0, recover_FN1, recover_FN3, recover_FN4, 1-ovlp_FN1, 1-ovlp_FN3, 1-ovlp_FN4, sign_cond_num= -1.152903 -1.153346 -1.153337 -1.153408 -1.153737 0.532 0.520 0.606 4.E-04 4.E-04 3.E-04 0.932

P_propos2=
   0.9969   0.0146   0.0078   0.0141   0.0098   0.0367   0.0000   0.0000   0.0373
   0.0002   0.9749   0.0000   0.0018   0.0009   0.0000   0.0000   0.0066   0.0000
   0.0010   0.0000   0.9864   0.0035   0.0138   0.0071   0.1600   0.0381   0.0139
   0.0008   0.0089   0.0016   0.9800   0.0000   0.0000   0.0218   0.0228   0.0010
   0.0002   0.0013   0.0018   0.0000   0.9742   0.0006   0.0000   0.0217   0.0000
   0.0003   0.0000   0.0005   0.0000   0.0003   0.9542   0.0443   0.0144   0.0000
   0.0000   0.0000   0.0001   0.0000   0.0000   0.0005   0.7629   0.0015   0.0000
   0.0000   0.0004   0.0002   0.0003   0.0009   0.0011   0.0110   0.8948   0.0000
   0.0006   0.0000   0.0016   0.0003   0.0000   0.0000   0.0000   0.0000   0.9478

eigenvalues of P_FN1_propos=  0.762559  0.894206  0.946836  0.954213  0.971360  0.973930  0.981196  0.987753  1.000000
psi for P_FN1_propos=   0.8061   0.0097   0.1038   0.0468   0.0132   0.0077   0.0001   0.0006   0.0121
psiG**2 * P_L       =   0.8061   0.0097   0.1038   0.0468   0.0132   0.0077   0.0001   0.0006   0.0121
Above 2 lines should be equal since proposal part of P_FN1 has dominant state psiG**2 * P_L
The exception to this occurs when there is no sign problem, but some components of psiG have the wrong sign, in which case one has 2 decoupled spaces with degenerate dominant eigenvalues
 W_2der_by_W
 -0.119365      0.568362E-01  0.239173     -0.274276     -0.190794      0.325457      0.299235     -0.128569      0.783410    
  0.568362E-01 -0.264012E-01 -0.112817      0.126140      0.858682E-01 -0.148265     -0.148734      0.644478E-01 -0.355674    
  0.239173     -0.112817     -0.496198      0.529163      0.351524     -0.618781     -0.575575      0.263362      -1.47604    
 -0.274276      0.126140      0.529163     -0.540452     -0.407026      0.692966      0.697695     -0.322041       1.69760    
 -0.190794      0.858682E-01  0.351524     -0.407026     -0.172907      0.488315      0.452900     -0.247488       1.17738    
  0.325457     -0.148265     -0.618781      0.692966      0.488315      -1.01231     -0.735225      0.359336      -1.99887    
  0.299235     -0.148734     -0.575575      0.697695      0.452900     -0.735225      -2.21326      0.386835      -1.99477    
 -0.128569      0.644478E-01  0.263362     -0.322041     -0.247488      0.359336      0.386835      0.717561E-01  0.867675    
  0.783410     -0.355674      -1.47604       1.69760       1.17738      -1.99887      -1.99477      0.867675      -5.24393    
W_der_by_W      =  -0.002780   0.001288   0.005424  -0.006219  -0.004261   0.007312   0.007507  -0.003235   0.017786

