Input hamiltonian
hamiltonian=random                                                                          
Input ndim, E_T, tau_in
ndim, E_T, tau_in=    9-20.000000 0.020000
Input fraction_positive, off_diag_mag, psiG_noise
fraction_positive, off_diag_mag,psiG_noise= 0.500000 0.500000 0.000000
psiG_correct_sign
psiG_correct_sign= F
plot_deriv= F
Input irand_seed
irand_seed=1425565376542456

Data set    1

H=
  -1.0000   0.0800   0.1401  -0.1696   0.0630   0.1789  -0.0366  -0.0928  -0.2290
   0.0800  -0.7500   0.0859   0.2028  -0.0542   0.1379   0.1569  -0.0799  -0.2353
   0.1401   0.0859  -0.5000   0.1165  -0.2461  -0.0961  -0.2234  -0.1402   0.2370
  -0.1696   0.2028   0.1165  -0.2500  -0.0711  -0.2226   0.0454   0.1250  -0.0263
   0.0630  -0.0542  -0.2461  -0.0711   0.0000  -0.0210   0.1375  -0.2232  -0.0393
   0.1789   0.1379  -0.0961  -0.2226  -0.0210   0.2500  -0.2276  -0.1955  -0.0772
  -0.0366   0.1569  -0.2234   0.0454   0.1375  -0.2276   0.5000  -0.2075  -0.1275
  -0.0928  -0.0799  -0.1402   0.1250  -0.2232  -0.1955  -0.2075   0.7500  -0.0525
  -0.2290  -0.2353   0.2370  -0.0263  -0.0393  -0.0772  -0.1275  -0.0525   1.0000

eigenval_p,eigenval_h=  1.000000 -1.153737
psi for P    =   0.8957  -0.1375  -0.3155   0.2159  -0.1095  -0.0884  -0.0127  -0.0197   0.1112

eigenvalues of P=  0.953835  0.957765  0.963171  0.973933  0.976522  0.982440  0.989117  0.995544  1.000000
eigenvalues of H=  1.154489  0.958038  0.687698  0.149593  0.020158 -0.275736 -0.609584 -0.930919 -1.153737
tau, tau_max= 0.020000 0.433233
P=
   0.9969  -0.0016  -0.0028   0.0034  -0.0013  -0.0036   0.0007   0.0019   0.0046
  -0.0016   0.9919  -0.0017  -0.0041   0.0011  -0.0028  -0.0031   0.0016   0.0047
  -0.0028  -0.0017   0.9869  -0.0023   0.0049   0.0019   0.0045   0.0028  -0.0047
   0.0034  -0.0041  -0.0023   0.9819   0.0014   0.0045  -0.0009  -0.0025   0.0005
  -0.0013   0.0011   0.0049   0.0014   0.9769   0.0004  -0.0028   0.0045   0.0008
  -0.0036  -0.0028   0.0019   0.0045   0.0004   0.9719   0.0046   0.0039   0.0015
   0.0007  -0.0031   0.0045  -0.0009  -0.0028   0.0046   0.9669   0.0041   0.0026
   0.0019   0.0016   0.0028  -0.0025   0.0045   0.0039   0.0041   0.9619   0.0011
   0.0046   0.0047  -0.0047   0.0005   0.0008   0.0015   0.0026   0.0011   0.9569

sum_P_eig,sum_abs_P_eig,sign_condition_number=  1.905979  1.922966  0.641680

P after making eigenvec +ve =
   0.9969   0.0016   0.0028   0.0034   0.0013   0.0036  -0.0007  -0.0019   0.0046
   0.0016   0.9919  -0.0017   0.0041   0.0011  -0.0028  -0.0031   0.0016  -0.0047
   0.0028  -0.0017   0.9869   0.0023   0.0049   0.0019   0.0045   0.0028   0.0047
   0.0034   0.0041   0.0023   0.9819  -0.0014  -0.0045   0.0009   0.0025   0.0005
   0.0013   0.0011   0.0049  -0.0014   0.9769   0.0004  -0.0028   0.0045  -0.0008
   0.0036  -0.0028   0.0019  -0.0045   0.0004   0.9719   0.0046   0.0039  -0.0015
  -0.0007  -0.0031   0.0045   0.0009  -0.0028   0.0046   0.9669   0.0041  -0.0026
  -0.0019   0.0016   0.0028   0.0025   0.0045   0.0039   0.0041   0.9619  -0.0011
   0.0046  -0.0047   0.0047   0.0005  -0.0008  -0.0015  -0.0026  -0.0011   0.9569

1+(E_0*1-H) (i.e. P with tau=1) after making eigenvec +ve =
   0.8463  -0.0800  -0.1401  -0.1696  -0.0630  -0.1789   0.0366   0.0928  -0.2290
  -0.0800   0.5963   0.0859  -0.2028  -0.0542   0.1379   0.1569  -0.0799   0.2353
  -0.1401   0.0859   0.3463  -0.1165  -0.2461  -0.0961  -0.2234  -0.1402  -0.2370
  -0.1696  -0.2028  -0.1165   0.0963   0.0711   0.2226  -0.0454  -0.1250  -0.0263
  -0.0630  -0.0542  -0.2461   0.0711  -0.1537  -0.0210   0.1375  -0.2232   0.0393
  -0.1789   0.1379  -0.0961   0.2226  -0.0210  -0.4037  -0.2276  -0.1955   0.0772
   0.0366   0.1569  -0.2234  -0.0454   0.1375  -0.2276  -0.6537  -0.2075   0.1275
   0.0928  -0.0799  -0.1402  -0.1250  -0.2232  -0.1955  -0.2075  -0.9037   0.0525
  -0.2290   0.2353  -0.2370  -0.0263   0.0393   0.0772   0.1275   0.0525  -1.1537
psi0         =   0.8957   0.1375   0.3155   0.2159   0.1095   0.0884   0.0127   0.0197   0.1112
psiG         =   0.8957   0.1375   0.3155   0.2159   0.1095   0.0884   0.0127   0.0197   0.1112
1-overlap_G  =   0.0000

E_G= -1.153737

H_imp=
  -1.0000  -0.5210  -0.3978  -0.7038  -0.5153  -1.8138   2.5865   4.2118  -1.8449
  -0.0123  -0.7500   0.0374  -0.1291  -0.0681   0.2145   1.7037  -0.5564   0.2910
  -0.0494   0.1971  -0.5000  -0.1703  -0.7090  -0.3431  -5.5671  -2.2412  -0.6726
  -0.0409  -0.3185  -0.0797  -0.2500   0.1401   0.5439  -0.7743  -1.3672  -0.0512
  -0.0077  -0.0432  -0.0854   0.0361   0.0000  -0.0261   1.1895  -1.2384   0.0387
  -0.0177   0.0886  -0.0269   0.0911  -0.0170   0.2500  -1.5883  -0.8754   0.0614
   0.0005   0.0144  -0.0090  -0.0027   0.0159  -0.0326   0.5000  -0.1331   0.0145
   0.0020  -0.0115  -0.0088  -0.0114  -0.0402  -0.0437  -0.3234   0.7500   0.0093
  -0.0284   0.1903  -0.0835  -0.0136   0.0399   0.0972   1.1197   0.2960   1.0000

P_imp=
   0.9969   0.0104   0.0080   0.0141   0.0103   0.0363  -0.0517  -0.0842   0.0369
   0.0002   0.9919  -0.0007   0.0026   0.0014  -0.0043  -0.0341   0.0111  -0.0058
   0.0010  -0.0039   0.9869   0.0034   0.0142   0.0069   0.1113   0.0448   0.0135
   0.0008   0.0064   0.0016   0.9819  -0.0028  -0.0109   0.0155   0.0273   0.0010
   0.0002   0.0009   0.0017  -0.0007   0.9769   0.0005  -0.0238   0.0248  -0.0008
   0.0004  -0.0018   0.0005  -0.0018   0.0003   0.9719   0.0318   0.0175  -0.0012
  -0.0000  -0.0003   0.0002   0.0001  -0.0003   0.0007   0.9669   0.0027  -0.0003
  -0.0000   0.0002   0.0002   0.0002   0.0008   0.0009   0.0065   0.9619  -0.0002
   0.0006  -0.0038   0.0017   0.0003  -0.0008  -0.0019  -0.0224  -0.0059   0.9569
tau_av_expon_proj    = 6.294819 0.722224 1.372498 0.863478 0.647029 0.321041 0.067329 0.091581 0.335162
tau_av_expon_proj_new= 6.504622 2.476861 1.529668 1.106517 0.866749 0.712384 0.604691 0.525283 0.464309
factor=                1.032780 2.030763 1.108212 1.245632 1.288526 1.732115 2.431857 2.283374 1.320683
factor2=                 1.0333   3.4295   1.1145   1.2815   1.3396   2.2190   8.9811   5.7357   1.3853

eigenvalues of P_imp=  0.953835  0.957765  0.963171  0.973933  0.976522  0.982440  0.989117  0.995544  1.000000
eigenvalues of H_imp=  1.154489  0.958038  0.687698  0.149593  0.020158 -0.275736 -0.609584 -0.930919 -1.153737

eigenval_p,eigenval_h=  1.000000 -1.153737
psi0_psiG    =   0.8022   0.0189   0.0995   0.0466   0.0120   0.0078   0.0002   0.0004   0.0124

imp-sampled: sum_P_eig,sum_abs_P_eig,sign_condition_number=  1.000000  1.001518  0.926964

P_FN1=
   0.9969   0.0104   0.0080   0.0141   0.0103   0.0363   0.0000   0.0000   0.0369
   0.0002   0.9821   0.0000   0.0026   0.0014   0.0000   0.0000   0.0111   0.0000
   0.0010   0.0000   0.9862   0.0034   0.0142   0.0069   0.1113   0.0448   0.0135
   0.0008   0.0064   0.0016   0.9794   0.0000   0.0000   0.0155   0.0273   0.0010
   0.0002   0.0009   0.0017   0.0000   0.9730   0.0005   0.0000   0.0248   0.0000
   0.0004   0.0000   0.0005   0.0000   0.0003   0.9548   0.0318   0.0175   0.0000
   0.0000   0.0000   0.0002   0.0001   0.0000   0.0007   0.8349   0.0027   0.0000
   0.0000   0.0002   0.0002   0.0002   0.0008   0.0009   0.0065   0.8718   0.0000
   0.0006   0.0000   0.0017   0.0003   0.0000   0.0000   0.0000   0.0000   0.9486

eigenvalues of P_FN1=  0.834223  0.871653  0.947618  0.954809  0.971298  0.976420  0.984201  0.987483  1.000000
eigenvalues of H_FN1=  7.135131  5.263617  1.465356  1.105805  0.281345  0.025272 -0.363772 -0.527883 -1.153737

eigenval_p,eigenval_h=  1.000000 -1.153737
psiFN1_psiG =    0.8022   0.0189   0.0995   0.0466   0.0120   0.0078   0.0002   0.0004   0.0124
psiFN1      =    0.8957   0.1375   0.3155   0.2159   0.1095   0.0884   0.0127   0.0197   0.1112
overlap_G_FN1=    1.0000

E_0, E_G, E_FN1, E_G-E_0, E_FN1-E_0, rms fluctuation of E_L  -1.15374  -1.15374  -1.15374   0.00000  -0.00000   0.00000
E_L     =  -1.1537  -1.1537  -1.1537  -1.1537  -1.1537  -1.1537  -1.1537  -1.1537  -1.1537
P_L     =   1.0000   1.0000   1.0000   1.0000   1.0000   1.0000   1.0000   1.0000   1.0000
P_abs_L =   1.0001   1.0098   1.0007   1.0025   1.0039   1.0171   1.1320   1.0902   1.0083

P_propos=
   0.9969   0.0103   0.0080   0.0140   0.0103   0.0357   0.0000   0.0000   0.0366
   0.0002   0.9823   0.0000   0.0026   0.0014   0.0000   0.0000   0.0102   0.0000
   0.0010   0.0000   0.9862   0.0034   0.0141   0.0067   0.0984   0.0411   0.0133
   0.0008   0.0063   0.0016   0.9794   0.0000   0.0000   0.0137   0.0251   0.0010
   0.0002   0.0009   0.0017   0.0000   0.9731   0.0005   0.0000   0.0227   0.0000
   0.0004   0.0000   0.0005   0.0000   0.0003   0.9556   0.0281   0.0161   0.0000
   0.0000   0.0000   0.0002   0.0001   0.0000   0.0006   0.8542   0.0024   0.0000
   0.0000   0.0002   0.0002   0.0002   0.0008   0.0009   0.0057   0.8824   0.0000
   0.0006   0.0000   0.0017   0.0003   0.0000   0.0000   0.0000   0.0000   0.9490
sum P_propos  1.000000  1.000000  1.000000  1.000000  1.000000  1.000000  1.000000  1.000000  1.000000
E_FN1= -1.153737 -1.153737
psiG**2=         0.8022   0.0189   0.0995   0.0466   0.0120   0.0078   0.0002   0.0004   0.0124
psiG**2 * P_L=   0.8022   0.0189   0.0995   0.0466   0.0120   0.0078   0.0002   0.0004   0.0124
psiG_psiFN=      0.8022   0.0189   0.0995   0.0466   0.0120   0.0078   0.0002   0.0004   0.0124
P_L=             1.0000   1.0000   1.0000   1.0000   1.0000   1.0000   1.0000   1.0000   1.0000
psiFN1_by_psiG=          1.0000   1.0000   1.0000   1.0000   1.0000   1.0000   1.0000   1.0000   1.0000

P_markov=
   0.9969   0.0103   0.0080   0.0140   0.0103   0.0357   0.0000   0.0000   0.0366
   0.0002   0.9823   0.0000   0.0026   0.0013   0.0000   0.0000   0.0102   0.0000
   0.0010   0.0000   0.9863   0.0034   0.0141   0.0067   0.0984   0.0411   0.0133
   0.0008   0.0063   0.0016   0.9795   0.0000   0.0000   0.0137   0.0251   0.0010
   0.0002   0.0009   0.0017   0.0000   0.9732   0.0005   0.0000   0.0227   0.0000
   0.0003   0.0000   0.0005   0.0000   0.0003   0.9557   0.0281   0.0161   0.0000
   0.0000   0.0000   0.0002   0.0000   0.0000   0.0006   0.8542   0.0024   0.0000
   0.0000   0.0002   0.0002   0.0002   0.0007   0.0008   0.0057   0.8825   0.0000
   0.0006   0.0000   0.0017   0.0003   0.0000   0.0000   0.0000   0.0000   0.9490

eigenvalues of P_markov=  0.853494  0.882383  0.948052  0.955673  0.971476  0.976576  0.984331  0.987526  1.000000
eigenvalues of H_markov=  6.171569  4.727116  1.443647  1.062624  0.272486  0.017482 -0.370301 -0.530036 -1.153737

eigenval_p,eigenval_h=  1.000000 -1.153737
psi for P_mar=   0.8022   0.0189   0.0995   0.0466   0.0120   0.0078   0.0002   0.0004   0.0124
psiG**2      =   0.8022   0.0189   0.0995   0.0466   0.0120   0.0078   0.0002   0.0004   0.0124
Above 2 lines should be equal since Markov matrix has dominant state psiG**2
The exception to this occurs when there is no sign problem, but some components of psiG have the wrong sign, in which case one has 2 decoupled spaces with degenerate dominant eigenvalues

P_FN3=
   0.9969   0.0103   0.0080   0.0140   0.0103   0.0357   0.0000   0.0000   0.0366
   0.0002   0.9823   0.0000   0.0026   0.0013   0.0000   0.0000   0.0102   0.0000
   0.0010   0.0000   0.9863   0.0034   0.0141   0.0067   0.0984   0.0411   0.0133
   0.0008   0.0063   0.0016   0.9795   0.0000   0.0000   0.0137   0.0251   0.0010
   0.0002   0.0009   0.0017   0.0000   0.9732   0.0005   0.0000   0.0227   0.0000
   0.0003   0.0000   0.0005   0.0000   0.0003   0.9557   0.0281   0.0161   0.0000
   0.0000   0.0000   0.0002   0.0000   0.0000   0.0006   0.8542   0.0024   0.0000
   0.0000   0.0002   0.0002   0.0002   0.0007   0.0008   0.0057   0.8825   0.0000
   0.0006   0.0000   0.0017   0.0003   0.0000   0.0000   0.0000   0.0000   0.9490
E_FN3= -1.153737 -1.153737

eigenvalues of P_FN3=  0.853494  0.882383  0.948052  0.955673  0.971476  0.976576  0.984331  0.987526  1.000000
eigenvalues of H_FN3=  6.171563  4.727119  1.443646  1.062624  0.272486  0.017482 -0.370301 -0.530036 -1.153737

eigenval_p,eigenval_h=  1.000000 -1.153737
psiFN3_psiG  =   0.8022   0.0189   0.0995   0.0466   0.0120   0.0078   0.0002   0.0004   0.0124
psiFN3      =    0.8957   0.1375   0.3155   0.2159   0.1095   0.0884   0.0127   0.0197   0.1112

P_FN4=
   0.9969   0.0103   0.0080   0.0140   0.0103   0.0357   0.0000   0.0000   0.0366
   0.0002   0.9823   0.0000   0.0026   0.0014   0.0000   0.0000   0.0102   0.0000
   0.0010   0.0000   0.9862   0.0034   0.0141   0.0067   0.0984   0.0411   0.0133
   0.0008   0.0063   0.0016   0.9794   0.0000   0.0000   0.0137   0.0251   0.0010
   0.0002   0.0009   0.0017   0.0000   0.9731   0.0005   0.0000   0.0227   0.0000
   0.0004   0.0000   0.0005   0.0000   0.0003   0.9556   0.0281   0.0161   0.0000
   0.0000   0.0000   0.0002   0.0001   0.0000   0.0006   0.8542   0.0024   0.0000
   0.0000   0.0002   0.0002   0.0002   0.0008   0.0009   0.0057   0.8824   0.0000
   0.0006   0.0000   0.0017   0.0003   0.0000   0.0000   0.0000   0.0000   0.9490
E_FN4= -1.153737 -1.153737

eigenvalues of P_FN4=  0.853448  0.882265  0.948042  0.955575  0.971408  0.976526  0.984318  0.987498  1.000000
eigenvalues of H_FN4=  6.173870  4.733026  1.444147  1.067510  0.275850  0.019984 -0.369645 -0.528631 -1.153737

eigenval_p,eigenval_h=  1.000000 -1.153737
psiFN4_psiG  =   0.8017   0.0191   0.0995   0.0467   0.0120   0.0079   0.0002   0.0004   0.0125
psiFN4      =    0.8950   0.1387   0.3155   0.2163   0.1099   0.0898   0.0143   0.0215   0.1120
FN5: sum_pos  0.002562
FN5: sum_pos  0.490438
FN5: sum_pos  0.037431
FN5: sum_pos  0.127185
FN5: sum_pos  0.195895
FN5: sum_pos  0.855566
FN5: sum_pos  6.599315
FN5: sum_pos  4.507797
FN5: sum_pos  0.414947

P_FN5=
   0.9969   0.0104   0.0080   0.0141   0.0103   0.0363   0.0000   0.0000   0.0369
   0.0002   0.9821   0.0000   0.0026   0.0014   0.0000   0.0000   0.0111   0.0000
   0.0010   0.0000   0.9862   0.0034   0.0142   0.0069   0.1113   0.0448   0.0135
   0.0008   0.0064   0.0016   0.9794   0.0000   0.0000   0.0155   0.0273   0.0010
   0.0002   0.0009   0.0017   0.0000   0.9730   0.0005   0.0000   0.0248   0.0000
   0.0004   0.0000   0.0005   0.0000   0.0003   0.9548   0.0318   0.0175   0.0000
   0.0000   0.0000   0.0002   0.0001   0.0000   0.0007   0.8356   0.0027   0.0000
   0.0000   0.0002   0.0002   0.0002   0.0008   0.0009   0.0065   0.8720   0.0000
   0.0006   0.0000   0.0017   0.0003   0.0000   0.0000   0.0000   0.0000   0.9486
E_FN5= -1.153753 -1.153737

eigenvalues of P_FN5=  0.834837  0.871891  0.947625  0.954815  0.971299  0.976420  0.984201  0.987484  1.000000
eigenvalues of H_FN5=  7.104391  5.251694  1.465034  1.105538  0.281306  0.025263 -0.363781 -0.527928 -1.153753

eigenval_p,eigenval_h=  1.000000 -1.153753
psiFN5_psiG  =   0.8022   0.0189   0.0995   0.0466   0.0120   0.0078   0.0002   0.0004   0.0124
psiFN5      =    0.8957   0.1375   0.3155   0.2159   0.1095   0.0884   0.0127   0.0198   0.1112

E_G, E_FN1, E_FN3, E_FN4, E_0, recover_FN1, recover_FN3, recover_FN4, 1-ovlp_FN1, 1-ovlp_FN3, 1-ovlp_FN4, sign_cond_num= -1.153737 -1.153737 -1.153737 -1.153737 -1.153737 4.846 2.923****** 1.E-15 1.E-15 5.E-06 0.927

P_propos2=
   0.9969   0.0104   0.0080   0.0141   0.0103   0.0363   0.0000   0.0000   0.0369
   0.0002   0.9821   0.0000   0.0026   0.0014   0.0000   0.0000   0.0111   0.0000
   0.0010   0.0000   0.9862   0.0034   0.0142   0.0069   0.1113   0.0448   0.0135
   0.0008   0.0064   0.0016   0.9794   0.0000   0.0000   0.0155   0.0273   0.0010
   0.0002   0.0009   0.0017   0.0000   0.9730   0.0005   0.0000   0.0248   0.0000
   0.0004   0.0000   0.0005   0.0000   0.0003   0.9548   0.0318   0.0175   0.0000
   0.0000   0.0000   0.0002   0.0001   0.0000   0.0007   0.8349   0.0027   0.0000
   0.0000   0.0002   0.0002   0.0002   0.0008   0.0009   0.0065   0.8718   0.0000
   0.0006   0.0000   0.0017   0.0003   0.0000   0.0000   0.0000   0.0000   0.9486

eigenvalues of P_FN1_propos=  0.834223  0.871653  0.947618  0.954809  0.971298  0.976420  0.984201  0.987483  1.000000
psi for P_FN1_propos=   0.8022   0.0189   0.0995   0.0466   0.0120   0.0078   0.0002   0.0004   0.0124
psiG**2 * P_L       =   0.8022   0.0189   0.0995   0.0466   0.0120   0.0078   0.0002   0.0004   0.0124
Above 2 lines should be equal since proposal part of P_FN1 has dominant state psiG**2 * P_L
The exception to this occurs when there is no sign problem, but some components of psiG have the wrong sign, in which case one has 2 decoupled spaces with degenerate dominant eigenvalues

P_L=              1.0000   1.0000   1.0000   1.0000   1.0000   1.0000   1.0000   1.0000   1.0000
P_L_der=          0.0002  -0.0081  -0.0007   0.0026   0.0014  -0.0043  -0.0341   0.0111  -0.0058
P_L_der_by_P_L=   0.0002  -0.0081  -0.0007   0.0026   0.0014  -0.0043  -0.0341   0.0111  -0.0058

P_L_der_by_P_L=   0.0002  -0.0081  -0.0007   0.0026   0.0014  -0.0043  -0.0341   0.0111  -0.0058
psiG_psiFN    =   0.8022   0.0189   0.0995   0.0466   0.0120   0.0078   0.0002   0.0004   0.0124
tmp_vec1      =   0.0002  -0.0002  -0.0001   0.0001   0.0000  -0.0000  -0.0000   0.0000  -0.0001

PP_FN1=
   1.9969   0.0104   0.0080   0.0141   0.0103   0.0363   0.0000   0.0000   0.0369
   0.0002   1.9821   0.0000   0.0026   0.0014   0.0000   0.0000   0.0111   0.0000
   0.0010   0.0000   1.9862   0.0034   0.0142   0.0069   0.1113   0.0448   0.0135
   0.0008   0.0064   0.0016   1.9794   0.0000   0.0000   0.0155   0.0273   0.0010
   0.0002   0.0009   0.0017   0.0000   1.9730   0.0005   0.0000   0.0248   0.0000
   0.0004   0.0000   0.0005   0.0000   0.0003   1.9548   0.0318   0.0175   0.0000
   0.0000   0.0000   0.0002   0.0001   0.0000   0.0007   1.8349   0.0027   0.0000
   0.0000   0.0002   0.0002   0.0002   0.0008   0.0009   0.0065   1.8718   0.0000
   0.0006   0.0000   0.0017   0.0003   0.0000   0.0000   0.0000   0.0000   1.9486
iter, W_der_by_W, change=    1  0.000000  2.5E-10

PP_FN1=
   2.9907   0.0311   0.0239   0.0420   0.0307   0.1071   0.0023   0.0017   0.1088
   0.0007   2.9467   0.0000   0.0077   0.0040   0.0000   0.0001   0.0319   0.0000
   0.0030   0.0001   2.9588   0.0101   0.0420   0.0203   0.3147   0.1290   0.0395
   0.0024   0.0189   0.0047   2.9386   0.0001   0.0001   0.0439   0.0781   0.0030
   0.0005   0.0026   0.0051   0.0000   2.9198   0.0016   0.0004   0.0706   0.0000
   0.0010   0.0000   0.0016   0.0000   0.0010   2.8665   0.0888   0.0496   0.0000
   0.0000   0.0000   0.0005   0.0002   0.0000   0.0018   2.5321   0.0072   0.0000
   0.0000   0.0007   0.0005   0.0007   0.0023   0.0025   0.0176   2.6318   0.0000
   0.0017   0.0000   0.0049   0.0008   0.0000   0.0000   0.0002   0.0001   2.8486
iter, W_der_by_W, change=    2  0.000000  1.1E-10
iter, W_der_by_W, change=    3  0.000000  9.9E-11
iter, W_der_by_W, change=    4  0.000000  9.1E-11
iter, W_der_by_W, change=    5  0.000000  8.4E-11
iter, W_der_by_W, change=    6  0.000000  7.8E-11
iter, W_der_by_W, change=    7  0.000000  7.3E-11
iter, W_der_by_W, change=    8  0.000000  6.8E-11
iter, W_der_by_W, change=    9  0.000000  6.4E-11
iter, W_der_by_W, change=   10  0.000000  6.0E-11
iter, W_der_by_W, change=   20  0.000000  3.6E-11
iter, W_der_by_W, change=   30  0.000000  2.4E-11
iter, W_der_by_W, change=   40  0.000000  1.6E-11
iter, W_der_by_W, change=   50  0.000000  1.1E-11
iter, W_der_by_W, change=   60  0.000000  8.2E-12
iter, W_der_by_W, change=   70  0.000000  6.0E-12
iter, W_der_by_W, change=   80  0.000000  4.4E-12
iter, W_der_by_W, change=   90  0.000000  3.2E-12
iter, W_der_by_W, change=  100  0.000000  2.4E-12
iter, W_der_by_W, change=  200  0.000000  5.7E-14
Final iter, W_der_by_W, change=  214  0.000000  9.3E-15

PP_FN1=
 185.9510 117.0866 108.5501 125.4492 111.6414 153.2336 114.3812 113.8250 149.0773
   2.7584  58.4787   2.4020   8.4812   4.8155   2.4583   3.1225   8.8759   2.4315
  13.4679  12.6499  83.1316  20.4656  45.8015  23.4782  63.5035  46.8651  29.6997
   7.2878  20.9141   9.5826  55.1406   7.7189   6.9526  13.4256  19.2281   7.9401
   1.6691   3.0560   5.5191   1.9865  40.3853   2.6439   4.7410  10.7526   2.4300
   1.4914   1.0156   1.8417   1.1648   1.7212  23.6284   6.0300   4.6019   1.4227
   0.0229   0.0265   0.1023   0.0462   0.0634   0.1238   6.1622   0.2034   0.0407
   0.0553   0.1829   0.1834   0.1607   0.3492   0.2296   0.4942   8.0179   0.0829
   2.2963   1.5898   3.6872   2.1053   2.5036   2.2517   3.1399   2.6300  21.8751

gradient_vmc_FD, gradient_vmc= -0.000000 -0.000000
E_L_der =         -0.0123   0.4037   0.0374  -0.1291  -0.0681   0.2145   1.7037  -0.5564   0.2910
E_L_der_increm =  -0.0123   0.4037   0.0374  -0.1291  -0.0681   0.2145   1.7037  -0.5564   0.2910
The above 2 lines should be equal
psiFN1_psiG  =   0.8022   0.0189   0.0995   0.0466   0.0120   0.0078   0.0002   0.0004   0.0124
psiG_increm**2=                 0.8022    0.0189    0.0995    0.0466    0.0120    0.0078    0.0002    0.0004    0.0124
psiG_increm**2 * P_L_increm=    0.8022    0.0189    0.0995    0.0466    0.0120    0.0078    0.0002    0.0004    0.0124
psiG_psiFN1_increm=              0.8022    0.0189    0.0995    0.0466    0.0120    0.0078    0.0002    0.0004    0.0124
psiFN1_by_psiG_increm                   1.0000    1.0000    1.0000    1.0000    1.0000    1.0000    1.0000    1.0000    1.0000
psiFN1_by_psiG                          1.0000    1.0000    1.0000    1.0000    1.0000    1.0000    1.0000    1.0000    1.0000
psiFN1_by_psiG_increm                  1.000000013   1.000000182   0.999999856   1.000000022   0.999999705   1.000000113   1.000000703   0.999999394   1.000000160
psiFN1_by_psiG                         1.000000012   1.000000223   0.999999862   1.000000014   0.999999705   1.000000123   1.000000729   0.999999391   1.000000172
psiFN1_by_psiG_der=                     0.0153   -0.4162   -0.0570    0.0723    0.0050   -0.0943   -0.2551    0.0290   -0.1157
 W_2der_by_W
 -0.612523E-08  0.582089E-08 -0.368766E-07  0.851713E-08 -0.541346E-07  0.647586E-07 -0.923963E-08  0.752052E-07  0.129674E-06
  0.582089E-08 -0.262596E-08 -0.671590E-08  0.966644E-08 -0.284888E-08 -0.131429E-07 -0.313624E-07 -0.365253E-08 -0.291389E-07
 -0.368766E-07 -0.671590E-08  0.290498E-06  0.712665E-09 -0.217742E-06 -0.504130E-07  0.429361E-08 -0.164018E-06 -0.819026E-07
  0.851713E-08  0.966644E-08  0.712665E-09 -0.534076E-07  0.490525E-07 -0.542489E-07  0.632530E-07 -0.909774E-07  0.315767E-07
 -0.541346E-07 -0.284888E-08 -0.217742E-06  0.490525E-07  0.123816E-05 -0.276957E-08 -0.211512E-07 -0.330934E-06  0.199953E-07
  0.647586E-07 -0.131429E-07 -0.504130E-07 -0.542489E-07 -0.276957E-08 -0.557075E-06  0.252927E-06 -0.957255E-07 -0.631878E-07
 -0.923963E-08 -0.313624E-07  0.429361E-08  0.632530E-07 -0.211512E-07  0.252927E-06 -0.278060E-05  0.164169E-07 -0.179641E-06
  0.752052E-07 -0.365253E-08 -0.164018E-06 -0.909774E-07 -0.330934E-06 -0.957255E-07  0.164169E-07  0.289720E-05  0.519641E-07
  0.129674E-06 -0.291389E-07 -0.819026E-07  0.315767E-07  0.199953E-07 -0.631878E-07 -0.179641E-06  0.519641E-07 -0.133830E-05
W_der_by_W_v      =  -0.000000   0.000000  -0.000000   0.000000  -0.000000   0.000000   0.000000  -0.000000   0.000000

gradient_VMC_FD_v=      0.000000     -0.000000      0.000000      0.000000      0.000000      0.000000     -0.000000      0.000000      0.000000

gradient_FN1_FD=     -0.000000      0.000000      0.000000      0.000001      0.000000      0.000001      0.000001      0.000001      0.000000

gradient_FN1_exact=     -0.000000     -0.000000     -0.000000     -0.000000      0.000000     -0.000000     -0.000000      0.000000     -0.000000

gradient_FN1_approx=     -0.000000     -0.000000     -0.000000     -0.000000      0.000000     -0.000000     -0.000000      0.000000     -0.000000

gradient_FU=     -0.000000     -0.000000     -0.000000     -0.000000      0.000000     -0.000000     -0.000000      0.000000     -0.000000

gradient_VMC_v=     -0.000000     -0.000000      0.000000     -0.000000      0.000000     -0.000000     -0.000000      0.000000     -0.000000

gradient_VMC_v_in_dmc=     -0.000000     -0.000000      0.000000     -0.000000      0.000000     -0.000000     -0.000000      0.000000     -0.000000
 hessian_vmc_in_dmc
  0.307474     -0.219890E-01 -0.349963     -0.339285     -0.126025     -0.357882      0.731235E-01  0.185622     -0.457942    
 -0.219890E-01  0.152611E-01  0.719906E-01 -0.557613E-01 -0.149087E-01  0.379026E-01  0.431396E-01 -0.219619E-01  0.646935E-01
 -0.349963      0.719906E-01   1.61052     -0.409788     -0.539516     -0.720767E-01 -0.310083     -0.350024     -0.268928    
 -0.339285     -0.557613E-01 -0.409788       1.80747      0.142167      0.445259     -0.908194E-01 -0.249986     -0.526919E-01
 -0.126025     -0.149087E-01 -0.539516      0.142167       2.30747     -0.420521E-01  0.275021     -0.446351      0.785720E-01
 -0.357882      0.379026E-01 -0.720767E-01  0.445259     -0.420521E-01   2.80747     -0.455140     -0.391060      0.154494    
  0.731235E-01  0.431396E-01 -0.310083     -0.908194E-01  0.275021     -0.455140       3.30748     -0.414923      0.255047    
  0.185622     -0.219619E-01 -0.350024     -0.249986     -0.446351     -0.391060     -0.414923       3.80747      0.105095    
 -0.457942      0.646935E-01 -0.268928     -0.526919E-01  0.785720E-01  0.154494      0.255047      0.105095       4.30747    
 hessian_VMC_FD
  0.307481     -0.219891E-01 -0.349963     -0.339285     -0.126024     -0.357884      0.731232E-01  0.185623     -0.457941    
 -0.219891E-01  0.152678E-01  0.719896E-01 -0.557604E-01 -0.149092E-01  0.379019E-01  0.431405E-01 -0.219613E-01  0.646944E-01
 -0.349963      0.719896E-01   1.61052     -0.409787     -0.539516     -0.720779E-01 -0.310084     -0.350024     -0.268928    
 -0.339285     -0.557604E-01 -0.409787       1.80750      0.142167      0.445259     -0.908196E-01 -0.249986     -0.526923E-01
 -0.126024     -0.149092E-01 -0.539516      0.142167       2.30747     -0.420514E-01  0.275020     -0.446350      0.785727E-01
 -0.357884      0.379019E-01 -0.720779E-01  0.445259     -0.420514E-01   2.80749     -0.455139     -0.391062      0.154495    
  0.731232E-01  0.431405E-01 -0.310084     -0.908196E-01  0.275020     -0.455139       3.30748     -0.414924      0.255048    
  0.185623     -0.219613E-01 -0.350024     -0.249986     -0.446350     -0.391062     -0.414924       3.80749      0.105096    
 -0.457941      0.646944E-01 -0.268928     -0.526923E-01  0.785727E-01  0.154495      0.255048      0.105096       4.30749    
 hessian_vmc
  0.307474     -0.219890E-01 -0.349963     -0.339285     -0.126025     -0.357882      0.731235E-01  0.185622     -0.457942    
 -0.219890E-01  0.152611E-01  0.719906E-01 -0.557613E-01 -0.149087E-01  0.379026E-01  0.431396E-01 -0.219619E-01  0.646934E-01
 -0.349963      0.719906E-01   1.61052     -0.409788     -0.539517     -0.720767E-01 -0.310083     -0.350024     -0.268928    
 -0.339285     -0.557613E-01 -0.409788       1.80747      0.142167      0.445259     -0.908194E-01 -0.249986     -0.526918E-01
 -0.126025     -0.149087E-01 -0.539517      0.142167       2.30747     -0.420521E-01  0.275021     -0.446351      0.785720E-01
 -0.357882      0.379026E-01 -0.720767E-01  0.445259     -0.420521E-01   2.80747     -0.455139     -0.391060      0.154494    
  0.731235E-01  0.431396E-01 -0.310083     -0.908194E-01  0.275021     -0.455139       3.30747     -0.414923      0.255047    
  0.185622     -0.219619E-01 -0.350024     -0.249986     -0.446351     -0.391060     -0.414923       3.80747      0.105095    
 -0.457942      0.646934E-01 -0.268928     -0.526918E-01  0.785720E-01  0.154494      0.255047      0.105095       4.30747    
 hessian_FN_FD
  0.321965E-02 -0.249800E-03 -0.999201E-03 -0.416334E-04 -0.208167E-03  0.144329E-02 -0.796585E-02 -0.495159E-01 -0.346945E-02
 -0.249800E-03  0.710543E-02  0.101308E-01 -0.760503E-02  0.208167E-03  0.298372E-02  0.226208E-01 -0.376088E-02 -0.182354E-01
 -0.999201E-03  0.101308E-01  0.618394E-01 -0.185268E-01 -0.341394E-02 -0.258682E-01  0.229955E-01 -0.128647E-01 -0.107150    
 -0.416334E-04 -0.760503E-02 -0.185268E-01  0.171085     -0.103043     -0.210956      0.253964E-01  0.235645E-01 -0.960343E-02
 -0.208167E-03  0.208167E-03 -0.341394E-02 -0.103043      0.318023     -0.361378E-01 -0.275613E-01 -0.391076E-01 -0.616451E-01
  0.144329E-02  0.298372E-02 -0.258682E-01 -0.210956     -0.361378E-01  0.884015     -0.196898     -0.413558E-01 -0.165951    
 -0.796585E-02  0.226208E-01  0.229955E-01  0.253964E-01 -0.275613E-01 -0.196898       2.43044     -0.286368     -0.927730E-01
 -0.495159E-01 -0.376088E-02 -0.128647E-01  0.235645E-01 -0.391076E-01 -0.413558E-01 -0.286368       2.50927      0.498906E-01
 -0.346945E-02 -0.182354E-01 -0.107150     -0.960343E-02 -0.616451E-01 -0.165951     -0.927730E-01  0.498906E-01  0.549172    
 hessian_FN1
  0.195023E-02 -0.200369E-03 -0.498384E-03 -0.670804E-03 -0.385574E-03  0.145305E-02 -0.803503E-02 -0.496015E-01 -0.404979E-02
 -0.200369E-03  0.600371E-02  0.105448E-01 -0.760490E-02  0.104173E-03  0.345289E-02  0.225457E-01 -0.395845E-02 -0.182561E-01
 -0.498384E-03  0.105448E-01  0.601958E-01 -0.187626E-01 -0.319553E-02 -0.256392E-01  0.231921E-01 -0.131528E-01 -0.107166    
 -0.670804E-03 -0.760490E-02 -0.187626E-01  0.169670     -0.102882     -0.210792      0.255307E-01  0.236626E-01 -0.904370E-02
 -0.385574E-03  0.104173E-03 -0.319553E-02 -0.102882      0.317400     -0.359874E-01 -0.277669E-01 -0.392590E-01 -0.619856E-01
  0.145305E-02  0.345289E-02 -0.256392E-01 -0.210792     -0.359874E-01  0.882661     -0.196916     -0.412871E-01 -0.165984    
 -0.803503E-02  0.225457E-01  0.231921E-01  0.255307E-01 -0.277669E-01 -0.196916       2.43037     -0.286354     -0.927417E-01
 -0.496015E-01 -0.395845E-02 -0.131528E-01  0.236626E-01 -0.392590E-01 -0.412871E-01 -0.286354       2.50850      0.497572E-01
 -0.404979E-02 -0.182561E-01 -0.107166     -0.904370E-02 -0.619856E-01 -0.165984     -0.927417E-01  0.497572E-01  0.549081    
 hessian_FN_err
 -0.126941E-02  0.494307E-04  0.500816E-03 -0.629171E-03 -0.177407E-03  0.975651E-05 -0.691776E-04 -0.855372E-04 -0.580344E-03
  0.494307E-04 -0.110171E-02  0.414020E-03  0.129064E-06 -0.103994E-03  0.469161E-03 -0.751429E-04 -0.197570E-03 -0.207025E-04
  0.500816E-03  0.414020E-03 -0.164360E-02 -0.235783E-03  0.218407E-03  0.229036E-03  0.196633E-03 -0.288109E-03 -0.158273E-04
 -0.629171E-03  0.129064E-06 -0.235783E-03 -0.141518E-02  0.160399E-03  0.164070E-03  0.134345E-03  0.981237E-04  0.559733E-03
 -0.177407E-03 -0.103994E-03  0.218407E-03  0.160399E-03 -0.623348E-03  0.150366E-03 -0.205612E-03 -0.151397E-03 -0.340463E-03
  0.975651E-05  0.469161E-03  0.229036E-03  0.164070E-03  0.150366E-03 -0.135367E-02 -0.175418E-04  0.686610E-04 -0.336279E-04
 -0.691776E-04 -0.751429E-04  0.196633E-03  0.134345E-03 -0.205612E-03 -0.175418E-04 -0.743836E-04  0.144180E-04  0.312823E-04
 -0.855372E-04 -0.197570E-03 -0.288109E-03  0.981237E-04 -0.151397E-03  0.686610E-04  0.144180E-04 -0.769335E-03 -0.133432E-03
 -0.580344E-03 -0.207025E-04 -0.158273E-04  0.559733E-03 -0.340463E-03 -0.336279E-04  0.312823E-04 -0.133432E-03 -0.912594E-04

gradient_FN1_1= -0.000000 -0.000000  0.000000 -0.000000  0.000000 -0.000000 -0.000000  0.000000 -0.000000

gradient_FN1_2= -0.000000  0.000000 -0.000000 -0.000000  0.000000 -0.000000  0.000000  0.000000  0.000000

gradient_FN1_3= -0.009848  0.007631  0.003726 -0.006019 -0.000816  0.001675  0.000273 -0.000217  0.003596

E_FN1, E_FN1_increm, gradient_FN1_FD, gradient_FN1= -1.153737 -1.153737  0.000000 -0.000000

gradient_FN1_FD, gradient_FN1, 1st+2*2nd terms, gradient_FU2000, gradient_FN1_1, gradient_FN1_2, gradient_FN1_3, W_der_by_W=  0.000000 -0.000000 -0.000000 -0.000000 -0.000000  0.000000  0.000000  0.000000

  1  1 gradient_vmc, gradient_vmc_eval_in_dmc, gradient_FN1, gradient_FN1_1+2*gradient_FN1_3, gradient_FN1_1+W_der_by_W+gradient_FN1_3= -0.000000 -0.000000 -0.000000 -0.000000 -0.000000 <psi_FNi(H-e)psi>, <psi_i(H-e)psiFN>= -0.000000 -0.000000 -0.000000  0.000000

 1 Ratio: Error replace 2nd by 3rd term  to  Error replace 2nd by W_der_by_W= -0.005974
FN1*G=  0.8022494376  0.0188997892  0.0995357162  0.0466058035  0.0119941542  0.0078080375  0.0001602980  0.0003895527  0.0123572112  1.0000000000
FN1_G=  0.8022494376  0.0188997892  0.0995357162  0.0466058035  0.0119941542  0.0078080375  0.0001602980  0.0003895527  0.0123572112  1.0000000000
test=  0.007631  0.007631
test2=  0.000000 -0.021805 -0.021805  0.000000 -0.021805  0.000000  0.000000000000  0.000000000000 -0.000000000000
test3=  1.000000  0.007086  1.000000  0.018900  0.018900 -0.000000
test4=  0.000000 -0.000000
test5=  0.006004  0.003002 -0.000000  0.000000  0.007631  0.011393  0.007631  0.003002
test6a=  0.000000  0.137476  0.000000  0.000000  0.000000  0.000000  0.000000  0.000000  0.000000
test6b=  0.000000  0.137477  0.000000  0.000000  0.000000  0.000000  0.000000  0.000000  0.000000
test6c= -0.003195  0.077659 -0.023933  0.011535 -0.001517 -0.010006 -0.003469  0.000200 -0.014967

  1  1 <psi_FNi(H-e)psi>, <psi_i(H-e)psiFN>, gradient_FN1 = -0.000000 -0.000000 -0.000000 -0.000000  0.000000  0.000000  0.006165
test7= -0.000000  0.006165
test8= -0.000000 -0.000000  0.000000 -0.000000 -0.000000 -0.000000 -0.000000 -0.000000
test99= -0.000000
test9=  0.127230  0.000000  0.063615
------------------------------------------------------------

Data set    2

H=
  -1.0000   0.2078   0.2465  -0.1774   0.1550   0.0818   0.1172   0.0597   0.0351
   0.2078  -0.7500   0.0317   0.1078  -0.1529   0.2204  -0.0884   0.0460  -0.1722
   0.2465   0.0317  -0.5000  -0.0188   0.1205   0.0786   0.1065   0.0542  -0.2134
  -0.1774   0.1078  -0.0188  -0.2500   0.1196   0.2078   0.0252   0.1955   0.1204
   0.1550  -0.1529   0.1205   0.1196   0.0000  -0.1889   0.1373  -0.1491  -0.1836
   0.0818   0.2204   0.0786   0.2078  -0.1889   0.2500   0.0471   0.2473  -0.0761
   0.1172  -0.0884   0.1065   0.0252   0.1373   0.0471   0.5000  -0.0512   0.1073
   0.0597   0.0460   0.0542   0.1955  -0.1491   0.2473  -0.0512   0.7500  -0.1677
   0.0351  -0.1722  -0.2134   0.1204  -0.1836  -0.0761   0.1073  -0.1677   1.0000

eigenval_p,eigenval_h=  1.000000 -1.275242
psi for P    =   0.8174  -0.4330  -0.2248   0.2275  -0.1681  -0.0167  -0.0476  -0.0495  -0.0940

eigenvalues of P=  0.950560  0.956825  0.962966  0.969652  0.974931  0.980377  0.985440  0.989706  1.000000
eigenvalues of H=  1.196769  0.883489  0.576467  0.242178 -0.021770 -0.294090 -0.547235 -0.760567 -1.275242
tau, tau_max= 0.020000 0.404529
P=
   0.9945  -0.0042  -0.0049   0.0035  -0.0031  -0.0016  -0.0023  -0.0012  -0.0007
  -0.0042   0.9895  -0.0006  -0.0022   0.0031  -0.0044   0.0018  -0.0009   0.0034
  -0.0049  -0.0006   0.9845   0.0004  -0.0024  -0.0016  -0.0021  -0.0011   0.0043
   0.0035  -0.0022   0.0004   0.9795  -0.0024  -0.0042  -0.0005  -0.0039  -0.0024
  -0.0031   0.0031  -0.0024  -0.0024   0.9745   0.0038  -0.0027   0.0030   0.0037
  -0.0016  -0.0044  -0.0016  -0.0042   0.0038   0.9695  -0.0009  -0.0049   0.0015
  -0.0023   0.0018  -0.0021  -0.0005  -0.0027  -0.0009   0.9645   0.0010  -0.0021
  -0.0012  -0.0009  -0.0011  -0.0039   0.0030  -0.0049   0.0010   0.9595   0.0034
  -0.0007   0.0034   0.0043  -0.0024   0.0037   0.0015  -0.0021   0.0034   0.9545

sum_P_eig,sum_abs_P_eig,sign_condition_number=  2.078525  2.091526  0.732144

P after making eigenvec +ve =
   0.9945   0.0042   0.0049   0.0035   0.0031   0.0016   0.0023   0.0012   0.0007
   0.0042   0.9895  -0.0006   0.0022   0.0031  -0.0044   0.0018  -0.0009   0.0034
   0.0049  -0.0006   0.9845  -0.0004  -0.0024  -0.0016  -0.0021  -0.0011   0.0043
   0.0035   0.0022  -0.0004   0.9795   0.0024   0.0042   0.0005   0.0039   0.0024
   0.0031   0.0031  -0.0024   0.0024   0.9745   0.0038  -0.0027   0.0030   0.0037
   0.0016  -0.0044  -0.0016   0.0042   0.0038   0.9695  -0.0009  -0.0049   0.0015
   0.0023   0.0018  -0.0021   0.0005  -0.0027  -0.0009   0.9645   0.0010  -0.0021
   0.0012  -0.0009  -0.0011   0.0039   0.0030  -0.0049   0.0010   0.9595   0.0034
   0.0007   0.0034   0.0043   0.0024   0.0037   0.0015  -0.0021   0.0034   0.9545

1+(E_0*1-H) (i.e. P with tau=1) after making eigenvec +ve =
   0.7248  -0.2078  -0.2465  -0.1774  -0.1550  -0.0818  -0.1172  -0.0597  -0.0351
  -0.2078   0.4748   0.0317  -0.1078  -0.1529   0.2204  -0.0884   0.0460  -0.1722
  -0.2465   0.0317   0.2248   0.0188   0.1205   0.0786   0.1065   0.0542  -0.2134
  -0.1774  -0.1078   0.0188  -0.0252  -0.1196  -0.2078  -0.0252  -0.1955  -0.1204
  -0.1550  -0.1529   0.1205  -0.1196  -0.2752  -0.1889   0.1373  -0.1491  -0.1836
  -0.0818   0.2204   0.0786  -0.2078  -0.1889  -0.5252   0.0471   0.2473  -0.0761
  -0.1172  -0.0884   0.1065  -0.0252   0.1373   0.0471  -0.7752  -0.0512   0.1073
  -0.0597   0.0460   0.0542  -0.1955  -0.1491   0.2473  -0.0512  -1.0252  -0.1677
  -0.0351  -0.1722  -0.2134  -0.1204  -0.1836  -0.0761   0.1073  -0.1677  -1.2752
psi0         =   0.8174   0.4330   0.2248   0.2275   0.1681   0.0167   0.0476   0.0495   0.0940
psiG         =   0.8174   0.4330   0.2248   0.2275   0.1681   0.0167   0.0476   0.0495   0.0940
1-overlap_G  =   0.0000

E_G= -1.275242

H_imp=
  -1.0000  -0.3923  -0.8964  -0.6374  -0.7540  -4.0094  -2.0135  -0.9851  -0.3054
  -0.1101  -0.7500   0.0610  -0.2052  -0.3940   5.7252  -0.8045   0.4025  -0.7927
  -0.0678   0.0165  -0.5000   0.0186   0.1612   1.0597   0.5031   0.2463  -0.5102
  -0.0494  -0.0567   0.0190  -0.2500  -0.1619  -2.8357  -0.1205  -0.8983  -0.2912
  -0.0319  -0.0594   0.0900  -0.0884   0.0000  -1.9045   0.4850  -0.5062  -0.3282
  -0.0017   0.0085   0.0058  -0.0152  -0.0187   0.2500   0.0165   0.0833  -0.0135
  -0.0068  -0.0097   0.0225  -0.0053   0.0389   0.1344   0.5000  -0.0492   0.0543
  -0.0036   0.0053   0.0119  -0.0426  -0.0439   0.7345  -0.0533   0.7500  -0.0883
  -0.0040  -0.0374  -0.0892  -0.0498  -0.1027  -0.4294   0.2119  -0.3184   1.0000

P_imp=
   0.9945   0.0078   0.0179   0.0127   0.0151   0.0802   0.0403   0.0197   0.0061
   0.0022   0.9895  -0.0012   0.0041   0.0079  -0.1145   0.0161  -0.0081   0.0159
   0.0014  -0.0003   0.9845  -0.0004  -0.0032  -0.0212  -0.0101  -0.0049   0.0102
   0.0010   0.0011  -0.0004   0.9795   0.0032   0.0567   0.0024   0.0180   0.0058
   0.0006   0.0012  -0.0018   0.0018   0.9745   0.0381  -0.0097   0.0101   0.0066
   0.0000  -0.0002  -0.0001   0.0003   0.0004   0.9695  -0.0003  -0.0017   0.0003
   0.0001   0.0002  -0.0005   0.0001  -0.0008  -0.0027   0.9645   0.0010  -0.0011
   0.0001  -0.0001  -0.0002   0.0009   0.0009  -0.0147   0.0011   0.9595   0.0018
   0.0001   0.0007   0.0018   0.0010   0.0021   0.0086  -0.0042   0.0064   0.9545
tau_av_expon_proj    = 3.633167 1.707518 0.836135 0.941300 0.596895 0.059408 0.237631 0.286592 0.419493
tau_av_expon_proj_new= 3.633167 1.903884 1.289920 0.975379 0.784165 0.655634 0.563303 0.493768 0.439514
factor=                1.000000 1.108647 1.421614 1.035558 1.269743 2.482804 1.782733 1.521324 1.046605
factor2=                 1.0000   1.1150   1.5427   1.0362   1.3137  11.0361   2.3705   1.7229   1.0477

eigenvalues of P_imp=  0.950560  0.956825  0.962966  0.969652  0.974931  0.980377  0.985440  0.989706  1.000000
eigenvalues of H_imp=  1.196769  0.883489  0.576467  0.242178 -0.021770 -0.294090 -0.547235 -0.760567 -1.275242

eigenval_p,eigenval_h=  1.000000 -1.275242
psi0_psiG    =   0.6682   0.1874   0.0505   0.0517   0.0282   0.0003   0.0023   0.0025   0.0088

imp-sampled: sum_P_eig,sum_abs_P_eig,sign_condition_number=  1.000000  1.001202  0.941684

P_FN1=
   0.9945   0.0078   0.0179   0.0127   0.0151   0.0802   0.0403   0.0197   0.0061
   0.0022   0.9889   0.0000   0.0041   0.0079   0.0000   0.0161   0.0000   0.0159
   0.0014   0.0000   0.9803   0.0000   0.0000   0.0000   0.0000   0.0000   0.0102
   0.0010   0.0011   0.0000   0.9791   0.0032   0.0567   0.0024   0.0180   0.0058
   0.0006   0.0012   0.0000   0.0018   0.9705   0.0381   0.0000   0.0101   0.0066
   0.0000   0.0000   0.0000   0.0003   0.0004   0.8164   0.0000   0.0000   0.0003
