Input hamiltonian
hamiltonian=random                                                                          
Input ndim, E_T, tau_in
ndim, E_T, tau_in=    9-20.000000 0.020000
Input fraction_positive, off_diag_mag, psiG_noise
fraction_positive, off_diag_mag,psiG_noise= 0.500000 0.500000 0.000100
psiG_correct_sign
psiG_correct_sign= F
plot_deriv= F
Input irand_seed
irand_seed=1425565376542456

Data set    1

H=
  -1.0000   0.0800   0.1401  -0.1696   0.0630   0.1789  -0.0366  -0.0928  -0.2290
   0.0800  -0.7500   0.0859   0.2028  -0.0542   0.1379   0.1569  -0.0799  -0.2353
   0.1401   0.0859  -0.5000   0.1165  -0.2461  -0.0961  -0.2234  -0.1402   0.2370
  -0.1696   0.2028   0.1165  -0.2500  -0.0711  -0.2226   0.0454   0.1250  -0.0263
   0.0630  -0.0542  -0.2461  -0.0711   0.0000  -0.0210   0.1375  -0.2232  -0.0393
   0.1789   0.1379  -0.0961  -0.2226  -0.0210   0.2500  -0.2276  -0.1955  -0.0772
  -0.0366   0.1569  -0.2234   0.0454   0.1375  -0.2276   0.5000  -0.2075  -0.1275
  -0.0928  -0.0799  -0.1402   0.1250  -0.2232  -0.1955  -0.2075   0.7500  -0.0525
  -0.2290  -0.2353   0.2370  -0.0263  -0.0393  -0.0772  -0.1275  -0.0525   1.0000

eigenval_p,eigenval_h=  1.000000 -1.153737
psi for P    =   0.8957  -0.1375  -0.3155   0.2159  -0.1095  -0.0884  -0.0127  -0.0197   0.1112

eigenvalues of P=  0.953835  0.957765  0.963171  0.973933  0.976522  0.982440  0.989117  0.995544  1.000000
eigenvalues of H=  1.154489  0.958038  0.687698  0.149593  0.020158 -0.275736 -0.609584 -0.930919 -1.153737
tau, tau_max= 0.020000 0.433233
P=
   0.9969  -0.0016  -0.0028   0.0034  -0.0013  -0.0036   0.0007   0.0019   0.0046
  -0.0016   0.9919  -0.0017  -0.0041   0.0011  -0.0028  -0.0031   0.0016   0.0047
  -0.0028  -0.0017   0.9869  -0.0023   0.0049   0.0019   0.0045   0.0028  -0.0047
   0.0034  -0.0041  -0.0023   0.9819   0.0014   0.0045  -0.0009  -0.0025   0.0005
  -0.0013   0.0011   0.0049   0.0014   0.9769   0.0004  -0.0028   0.0045   0.0008
  -0.0036  -0.0028   0.0019   0.0045   0.0004   0.9719   0.0046   0.0039   0.0015
   0.0007  -0.0031   0.0045  -0.0009  -0.0028   0.0046   0.9669   0.0041   0.0026
   0.0019   0.0016   0.0028  -0.0025   0.0045   0.0039   0.0041   0.9619   0.0011
   0.0046   0.0047  -0.0047   0.0005   0.0008   0.0015   0.0026   0.0011   0.9569

sum_P_eig,sum_abs_P_eig,sign_condition_number=  1.905979  1.922966  0.641680

P after making eigenvec +ve =
   0.9969   0.0016   0.0028   0.0034   0.0013   0.0036  -0.0007  -0.0019   0.0046
   0.0016   0.9919  -0.0017   0.0041   0.0011  -0.0028  -0.0031   0.0016  -0.0047
   0.0028  -0.0017   0.9869   0.0023   0.0049   0.0019   0.0045   0.0028   0.0047
   0.0034   0.0041   0.0023   0.9819  -0.0014  -0.0045   0.0009   0.0025   0.0005
   0.0013   0.0011   0.0049  -0.0014   0.9769   0.0004  -0.0028   0.0045  -0.0008
   0.0036  -0.0028   0.0019  -0.0045   0.0004   0.9719   0.0046   0.0039  -0.0015
  -0.0007  -0.0031   0.0045   0.0009  -0.0028   0.0046   0.9669   0.0041  -0.0026
  -0.0019   0.0016   0.0028   0.0025   0.0045   0.0039   0.0041   0.9619  -0.0011
   0.0046  -0.0047   0.0047   0.0005  -0.0008  -0.0015  -0.0026  -0.0011   0.9569

1+(E_0*1-H) (i.e. P with tau=1) after making eigenvec +ve =
   0.8463  -0.0800  -0.1401  -0.1696  -0.0630  -0.1789   0.0366   0.0928  -0.2290
  -0.0800   0.5963   0.0859  -0.2028  -0.0542   0.1379   0.1569  -0.0799   0.2353
  -0.1401   0.0859   0.3463  -0.1165  -0.2461  -0.0961  -0.2234  -0.1402  -0.2370
  -0.1696  -0.2028  -0.1165   0.0963   0.0711   0.2226  -0.0454  -0.1250  -0.0263
  -0.0630  -0.0542  -0.2461   0.0711  -0.1537  -0.0210   0.1375  -0.2232   0.0393
  -0.1789   0.1379  -0.0961   0.2226  -0.0210  -0.4037  -0.2276  -0.1955   0.0772
   0.0366   0.1569  -0.2234  -0.0454   0.1375  -0.2276  -0.6537  -0.2075   0.1275
   0.0928  -0.0799  -0.1402  -0.1250  -0.2232  -0.1955  -0.2075  -0.9037   0.0525
  -0.2290   0.2353  -0.2370  -0.0263   0.0393   0.0772   0.1275   0.0525  -1.1537
psi0         =   0.8957   0.1375   0.3155   0.2159   0.1095   0.0884   0.0127   0.0197   0.1112
psiG         =   0.8957   0.1374   0.3155   0.2159   0.1096   0.0884   0.0126   0.0198   0.1111
1-overlap_G  =   0.0000

E_G= -1.153737

H_imp=
  -1.0000  -0.5212  -0.3978  -0.7038  -0.5151  -1.8140   2.5946   4.2032  -1.8452
  -0.0123  -0.7500   0.0374  -0.1291  -0.0680   0.2144   1.7085  -0.5550   0.2909
  -0.0494   0.1972  -0.5000  -0.1703  -0.7088  -0.3432  -5.5855  -2.2370  -0.6728
  -0.0409  -0.3186  -0.0797  -0.2500   0.1401   0.5440  -0.7767  -1.3644  -0.0512
  -0.0077  -0.0432  -0.0855   0.0361   0.0000  -0.0261   1.1938  -1.2364   0.0387
  -0.0177   0.0886  -0.0269   0.0911  -0.0170   0.2500  -1.5930  -0.8735   0.0614
   0.0005   0.0144  -0.0089  -0.0027   0.0158  -0.0325   0.5000  -0.1324   0.0145
   0.0020  -0.0115  -0.0088  -0.0115  -0.0403  -0.0438  -0.3251   0.7500   0.0094
  -0.0284   0.1903  -0.0835  -0.0136   0.0399   0.0972   1.1230   0.2953   1.0000

P_imp=
   0.9969   0.0104   0.0080   0.0141   0.0103   0.0363  -0.0519  -0.0841   0.0369
   0.0002   0.9919  -0.0007   0.0026   0.0014  -0.0043  -0.0342   0.0111  -0.0058
   0.0010  -0.0039   0.9869   0.0034   0.0142   0.0069   0.1117   0.0447   0.0135
   0.0008   0.0064   0.0016   0.9819  -0.0028  -0.0109   0.0155   0.0273   0.0010
   0.0002   0.0009   0.0017  -0.0007   0.9769   0.0005  -0.0239   0.0247  -0.0008
   0.0004  -0.0018   0.0005  -0.0018   0.0003   0.9719   0.0319   0.0175  -0.0012
  -0.0000  -0.0003   0.0002   0.0001  -0.0003   0.0007   0.9669   0.0026  -0.0003
  -0.0000   0.0002   0.0002   0.0002   0.0008   0.0009   0.0065   0.9619  -0.0002
   0.0006  -0.0038   0.0017   0.0003  -0.0008  -0.0019  -0.0225  -0.0059   0.9569
tau_av_expon_proj    = 6.294590 0.722006 1.372746 0.863465 0.647278 0.321004 0.067113 0.091767 0.335116
tau_av_expon_proj_new= 6.504622 2.476861 1.529668 1.106517 0.866749 0.712384 0.604691 0.525283 0.464309
factor=                1.032817 2.030942 1.108032 1.245646 1.288155 1.732205 2.432727 2.282564 1.320815
factor2=                 1.0334   3.4305   1.1143   1.2815   1.3391   2.2192   9.0100   5.7241   1.3855

eigenvalues of P_imp=  0.953835  0.957765  0.963171  0.973933  0.976522  0.982440  0.989117  0.995544  1.000000
eigenvalues of H_imp=  1.154489  0.958038  0.687698  0.149593  0.020158 -0.275736 -0.609584 -0.930919 -1.153737

eigenval_p,eigenval_h=  1.000000 -1.153737
psi0_psiG    =   0.8022   0.0189   0.0996   0.0466   0.0120   0.0078   0.0002   0.0004   0.0124

imp-sampled: sum_P_eig,sum_abs_P_eig,sign_condition_number=  1.000000  1.001518  0.926969

P_FN1=
   0.9969   0.0104   0.0080   0.0141   0.0103   0.0363   0.0000   0.0000   0.0369
   0.0002   0.9821   0.0000   0.0026   0.0014   0.0000   0.0000   0.0111   0.0000
   0.0010   0.0000   0.9862   0.0034   0.0142   0.0069   0.1117   0.0447   0.0135
   0.0008   0.0064   0.0016   0.9794   0.0000   0.0000   0.0155   0.0273   0.0010
   0.0002   0.0009   0.0017   0.0000   0.9730   0.0005   0.0000   0.0247   0.0000
   0.0004   0.0000   0.0005   0.0000   0.0003   0.9548   0.0319   0.0175   0.0000
   0.0000   0.0000   0.0002   0.0001   0.0000   0.0007   0.8345   0.0026   0.0000
   0.0000   0.0002   0.0002   0.0002   0.0008   0.0009   0.0065   0.8720   0.0000
   0.0006   0.0000   0.0017   0.0003   0.0000   0.0000   0.0000   0.0000   0.9486

eigenvalues of P_FN1=  0.833819  0.871832  0.947619  0.954809  0.971301  0.976419  0.984199  0.987483  1.000000
eigenvalues of H_FN1=  7.155304  5.254661  1.465309  1.105835  0.281212  0.025295 -0.363701 -0.527905 -1.153737

eigenval_p,eigenval_h=  1.000000 -1.153737
psiFN1_psiG =    0.8022   0.0189   0.0996   0.0466   0.0120   0.0078   0.0002   0.0004   0.0124
psiFN1      =    0.8957   0.1375   0.3155   0.2159   0.1095   0.0884   0.0126   0.0198   0.1112

E_0, E_G, E_FN1, E_G-E_0, E_FN1-E_0, rms fluctuation of E_L  -1.15374  -1.15374  -1.15374   0.00000   0.00000   0.00014
E_L     =  -1.1537  -1.1539  -1.1536  -1.1537  -1.1534  -1.1541  -1.1605  -1.1502  -1.1542
P_L     =   1.0000   1.0000   1.0000   1.0000   1.0000   1.0000   1.0001   0.9999   1.0000
P_abs_L =   1.0001   1.0098   1.0007   1.0025   1.0039   1.0171   1.1325   1.0899   1.0083

P_propos=
   0.9969   0.0103   0.0079   0.0140   0.0103   0.0357   0.0000   0.0000   0.0366
   0.0002   0.9823   0.0000   0.0026   0.0014   0.0000   0.0000   0.0102   0.0000
   0.0010   0.0000   0.9862   0.0034   0.0141   0.0067   0.0986   0.0410   0.0133
   0.0008   0.0063   0.0016   0.9794   0.0000   0.0000   0.0137   0.0250   0.0010
   0.0002   0.0009   0.0017   0.0000   0.9731   0.0005   0.0000   0.0227   0.0000
   0.0004   0.0000   0.0005   0.0000   0.0003   0.9556   0.0281   0.0160   0.0000
   0.0000   0.0000   0.0002   0.0001   0.0000   0.0006   0.8538   0.0024   0.0000
   0.0000   0.0002   0.0002   0.0002   0.0008   0.0009   0.0057   0.8826   0.0000
   0.0006   0.0000   0.0017   0.0003   0.0000   0.0000   0.0000   0.0000   0.9490
sum P_propos  1.000000  1.000000  1.000000  1.000000  1.000000  1.000000  1.000000  1.000000  1.000000
E_FN1= -1.153737 -1.153737
psiG**2=         0.8022   0.0189   0.0996   0.0466   0.0120   0.0078   0.0002   0.0004   0.0124
psiG**2 * P_L=   0.8022   0.0189   0.0996   0.0466   0.0120   0.0078   0.0002   0.0004   0.0124
psiG_psiFN=      0.8022   0.0189   0.0996   0.0466   0.0120   0.0078   0.0002   0.0004   0.0124
P_L=             1.0000   1.0000   1.0000   1.0000   1.0000   1.0000   1.0001   0.9999   1.0000
psiFN_by_psi=          1.0000   1.0002   0.9999   1.0000   0.9997   1.0001   1.0007   0.9994   1.0002

P_markov=
   0.9969   0.0103   0.0079   0.0140   0.0103   0.0357   0.0000   0.0000   0.0366
   0.0002   0.9823   0.0000   0.0026   0.0013   0.0000   0.0000   0.0102   0.0000
   0.0010   0.0000   0.9863   0.0034   0.0141   0.0067   0.0986   0.0410   0.0133
   0.0008   0.0063   0.0016   0.9795   0.0000   0.0000   0.0137   0.0250   0.0010
   0.0002   0.0009   0.0017   0.0000   0.9732   0.0005   0.0000   0.0227   0.0000
   0.0003   0.0000   0.0005   0.0000   0.0003   0.9557   0.0281   0.0160   0.0000
   0.0000   0.0000   0.0002   0.0000   0.0000   0.0006   0.8538   0.0023   0.0000
   0.0000   0.0002   0.0002   0.0002   0.0007   0.0008   0.0057   0.8827   0.0000
   0.0006   0.0000   0.0017   0.0003   0.0000   0.0000   0.0000   0.0000   0.9490

eigenvalues of P_markov=  0.853092  0.882583  0.948044  0.955666  0.971483  0.976574  0.984327  0.987528  1.000000
eigenvalues of H_markov=  6.191669  4.717135  1.444068  1.062947  0.272109  0.017539 -0.370091 -0.530147 -1.153737

eigenval_p,eigenval_h=  1.000000 -1.153737
psi for P_mar=   0.8022   0.0189   0.0996   0.0466   0.0120   0.0078   0.0002   0.0004   0.0124
psiG**2      =   0.8022   0.0189   0.0996   0.0466   0.0120   0.0078   0.0002   0.0004   0.0124
Above 2 lines should be equal since Markov matrix has dominant state psiG**2
The exception to this occurs when there is no sign problem, but some components of psiG have the wrong sign, in which case one has 2 decoupled spaces with degenerate dominant eigenvalues

P_FN3=
   0.9969   0.0103   0.0079   0.0140   0.0103   0.0357   0.0000   0.0000   0.0366
   0.0002   0.9823   0.0000   0.0026   0.0013   0.0000   0.0000   0.0102   0.0000
   0.0010   0.0000   0.9863   0.0034   0.0141   0.0067   0.0987   0.0410   0.0133
   0.0008   0.0063   0.0016   0.9795   0.0000   0.0000   0.0137   0.0250   0.0010
   0.0002   0.0009   0.0017   0.0000   0.9732   0.0005   0.0000   0.0227   0.0000
   0.0003   0.0000   0.0005   0.0000   0.0003   0.9557   0.0281   0.0160   0.0000
   0.0000   0.0000   0.0002   0.0000   0.0000   0.0006   0.8539   0.0023   0.0000
   0.0000   0.0002   0.0002   0.0002   0.0007   0.0008   0.0057   0.8826   0.0000
   0.0006   0.0000   0.0017   0.0003   0.0000   0.0000   0.0000   0.0000   0.9491
E_FN3= -1.153737 -1.153737

eigenvalues of P_FN3=  0.853205  0.882522  0.948053  0.955672  0.971478  0.976575  0.984330  0.987526  1.000000
eigenvalues of H_FN3=  6.186005  4.720146  1.443597  1.062648  0.272360  0.017503 -0.370232 -0.530057 -1.153737

eigenval_p,eigenval_h=  1.000000 -1.153737
psiFN3_psiG  =   0.8022   0.0189   0.0996   0.0466   0.0120   0.0078   0.0002   0.0004   0.0124
psiFN3      =    0.8957   0.1375   0.3155   0.2159   0.1095   0.0884   0.0126   0.0198   0.1112

P_FN4=
   0.9969   0.0103   0.0079   0.0140   0.0103   0.0357   0.0000   0.0000   0.0366
   0.0002   0.9823   0.0000   0.0026   0.0014   0.0000   0.0000   0.0102   0.0000
   0.0010   0.0000   0.9862   0.0034   0.0141   0.0067   0.0987   0.0410   0.0133
   0.0008   0.0063   0.0016   0.9794   0.0000   0.0000   0.0137   0.0250   0.0010
   0.0002   0.0009   0.0017   0.0000   0.9731   0.0005   0.0000   0.0227   0.0000
   0.0004   0.0000   0.0005   0.0000   0.0003   0.9556   0.0281   0.0160   0.0000
   0.0000   0.0000   0.0002   0.0001   0.0000   0.0006   0.8539   0.0024   0.0000
   0.0000   0.0002   0.0002   0.0002   0.0008   0.0009   0.0057   0.8825   0.0000
   0.0006   0.0000   0.0017   0.0003   0.0000   0.0000   0.0000   0.0000   0.9491
E_FN4= -1.153737 -1.153737

eigenvalues of P_FN4=  0.853159  0.882403  0.948043  0.955575  0.971411  0.976525  0.984317  0.987498  1.000000
eigenvalues of H_FN4=  6.188319  4.726105  1.444099  1.067534  0.275722  0.020005 -0.369577 -0.528652 -1.153737

eigenval_p,eigenval_h=  1.000000 -1.153737
psiFN4_psiG  =   0.8017   0.0191   0.0996   0.0467   0.0120   0.0079   0.0002   0.0004   0.0124
psiFN4      =    0.8950   0.1387   0.3155   0.2163   0.1099   0.0898   0.0143   0.0215   0.1120
FN5: sum_pos  0.002565
FN5: sum_pos  0.490542
FN5: sum_pos  0.037413
FN5: sum_pos  0.127192
FN5: sum_pos  0.195746
FN5: sum_pos  0.855589
FN5: sum_pos  6.619848
FN5: sum_pos  4.498481
FN5: sum_pos  0.414898

P_FN5=
   0.9969   0.0104   0.0080   0.0141   0.0103   0.0363   0.0000   0.0000   0.0369
   0.0002   0.9821   0.0000   0.0026   0.0014   0.0000   0.0000   0.0111   0.0000
   0.0010   0.0000   0.9862   0.0034   0.0142   0.0069   0.1117   0.0447   0.0135
   0.0008   0.0064   0.0016   0.9794   0.0000   0.0000   0.0155   0.0273   0.0010
   0.0002   0.0009   0.0017   0.0000   0.9730   0.0005   0.0000   0.0247   0.0000
   0.0004   0.0000   0.0005   0.0000   0.0003   0.9548   0.0319   0.0175   0.0000
   0.0000   0.0000   0.0002   0.0001   0.0000   0.0007   0.8352   0.0026   0.0000
   0.0000   0.0002   0.0002   0.0002   0.0008   0.0009   0.0065   0.8722   0.0000
   0.0006   0.0000   0.0017   0.0003   0.0000   0.0000   0.0000   0.0000   0.9486
E_FN5= -1.153753 -1.153737

eigenvalues of P_FN5=  0.834440  0.872069  0.947626  0.954814  0.971302  0.976420  0.984199  0.987484  1.000000
eigenvalues of H_FN5=  7.124267  5.242806  1.464987  1.105568  0.281173  0.025285 -0.363711 -0.527949 -1.153753

eigenval_p,eigenval_h=  1.000000 -1.153753
psiFN5_psiG  =   0.8022   0.0189   0.0996   0.0466   0.0120   0.0078   0.0002   0.0004   0.0124
psiFN5      =    0.8957   0.1375   0.3155   0.2159   0.1095   0.0884   0.0127   0.0198   0.1112

E_G, E_FN1, E_FN3, E_FN4, E_0, recover_FN1, recover_FN3, recover_FN4, 1-ovlp_FN1, 1-ovlp_FN3, 1-ovlp_FN4, sign_cond_num= -1.153737 -1.153737 -1.153737 -1.153737 -1.153737 0.521 0.50811.334 1.E-09 1.E-09 5.E-06 0.927

P_propos2=
   0.9969   0.0104   0.0080   0.0141   0.0103   0.0363   0.0000   0.0000   0.0369
   0.0002   0.9821   0.0000   0.0026   0.0014   0.0000   0.0000   0.0111   0.0000
   0.0010   0.0000   0.9862   0.0034   0.0142   0.0069   0.1117   0.0447   0.0135
   0.0008   0.0064   0.0016   0.9794   0.0000   0.0000   0.0155   0.0273   0.0010
   0.0002   0.0009   0.0017   0.0000   0.9730   0.0005   0.0000   0.0247   0.0000
   0.0004   0.0000   0.0005   0.0000   0.0003   0.9548   0.0319   0.0175   0.0000
   0.0000   0.0000   0.0002   0.0001   0.0000   0.0007   0.8344   0.0026   0.0000
   0.0000   0.0002   0.0002   0.0002   0.0008   0.0009   0.0065   0.8720   0.0000
   0.0006   0.0000   0.0017   0.0003   0.0000   0.0000   0.0000   0.0000   0.9486

eigenvalues of P_FN1_propos=  0.833708  0.871892  0.947610  0.954803  0.971306  0.976419  0.984196  0.987485  1.000000
psi for P_FN1_propos=   0.8022   0.0189   0.0996   0.0466   0.0120   0.0078   0.0002   0.0004   0.0124
psiG**2 * P_L       =   0.8022   0.0189   0.0996   0.0466   0.0120   0.0078   0.0002   0.0004   0.0124
Above 2 lines should be equal since proposal part of P_FN1 has dominant state psiG**2 * P_L
The exception to this occurs when there is no sign problem, but some components of psiG have the wrong sign, in which case one has 2 decoupled spaces with degenerate dominant eigenvalues

P_L=              1.0000   1.0000   1.0000   1.0000   1.0000   1.0000   1.0001   0.9999   1.0000
P_L_der=          0.0018  -0.0588  -0.0054   0.0188   0.0099  -0.0312  -0.2486   0.0808  -0.0423
P_L_der_by_P_L=   0.0018  -0.0588  -0.0054   0.0188   0.0099  -0.0312  -0.2486   0.0808  -0.0423

P_L_der_by_P_L=   0.0018  -0.0588  -0.0054   0.0188   0.0099  -0.0312  -0.2486   0.0808  -0.0423
psiG_psiFN    =   0.8022   0.0189   0.0996   0.0466   0.0120   0.0078   0.0002   0.0004   0.0124
tmp_vec1      =   0.0014  -0.0011  -0.0005   0.0009   0.0001  -0.0002  -0.0000   0.0000  -0.0005

PP_FN1=
   1.9969   0.0104   0.0080   0.0141   0.0103   0.0363   0.0000   0.0000   0.0369
   0.0002   1.9821   0.0000   0.0026   0.0014   0.0000   0.0000   0.0111   0.0000
   0.0010   0.0000   1.9862   0.0034   0.0142   0.0069   0.1117   0.0447   0.0135
   0.0008   0.0064   0.0016   1.9794   0.0000   0.0000   0.0155   0.0273   0.0010
   0.0002   0.0009   0.0017   0.0000   1.9730   0.0005   0.0000   0.0247   0.0000
   0.0004   0.0000   0.0005   0.0000   0.0003   1.9548   0.0319   0.0175   0.0000
   0.0000   0.0000   0.0002   0.0001   0.0000   0.0007   1.8345   0.0026   0.0000
   0.0000   0.0002   0.0002   0.0002   0.0008   0.0009   0.0065   1.8720   0.0000
   0.0006   0.0000   0.0017   0.0003   0.0000   0.0000   0.0000   0.0000   1.9486
iter, W_der_by_W, change=    1  0.000002  1.8E-06

PP_FN1=
   2.9907   0.0312   0.0239   0.0420   0.0307   0.1071   0.0023   0.0017   0.1088
   0.0007   2.9467   0.0000   0.0077   0.0040   0.0000   0.0001   0.0318   0.0000
   0.0030   0.0001   2.9588   0.0101   0.0420   0.0203   0.3157   0.1287   0.0395
   0.0024   0.0189   0.0047   2.9386   0.0001   0.0001   0.0441   0.0780   0.0030
   0.0005   0.0026   0.0051   0.0000   2.9198   0.0016   0.0004   0.0704   0.0000
   0.0010   0.0000   0.0016   0.0000   0.0010   2.8665   0.0890   0.0495   0.0000
   0.0000   0.0000   0.0005   0.0002   0.0000   0.0018   2.5310   0.0072   0.0000
   0.0000   0.0007   0.0005   0.0007   0.0023   0.0025   0.0176   2.6323   0.0000
   0.0017   0.0000   0.0049   0.0008   0.0000   0.0000   0.0002   0.0001   2.8486
iter, W_der_by_W, change=    2  0.000003  7.8E-07
iter, W_der_by_W, change=    3  0.000003  7.2E-07
iter, W_der_by_W, change=    4  0.000004  6.6E-07
iter, W_der_by_W, change=    5  0.000005  6.1E-07
iter, W_der_by_W, change=    6  0.000005  5.7E-07
iter, W_der_by_W, change=    7  0.000006  5.3E-07
iter, W_der_by_W, change=    8  0.000006  5.0E-07
iter, W_der_by_W, change=    9  0.000007  4.7E-07
iter, W_der_by_W, change=   10  0.000007  4.4E-07
iter, W_der_by_W, change=   20  0.000010  2.6E-07
iter, W_der_by_W, change=   30  0.000012  1.7E-07
iter, W_der_by_W, change=   40  0.000014  1.2E-07
iter, W_der_by_W, change=   50  0.000015  8.3E-08
iter, W_der_by_W, change=   60  0.000016  6.0E-08
iter, W_der_by_W, change=   70  0.000016  4.3E-08
iter, W_der_by_W, change=   80  0.000016  3.2E-08
iter, W_der_by_W, change=   90  0.000017  2.4E-08
iter, W_der_by_W, change=  100  0.000017  1.7E-08
iter, W_der_by_W, change=  200  0.000017  4.2E-10
iter, W_der_by_W, change=  300  0.000017 -4.0E-10
iter, W_der_by_W, change=  400  0.000017 -2.0E-10
iter, W_der_by_W, change=  500  0.000017 -7.3E-11
iter, W_der_by_W, change=  600  0.000017 -2.4E-11
iter, W_der_by_W, change=  700  0.000017 -7.4E-12
iter, W_der_by_W, change=  800  0.000017 -2.2E-12
iter, W_der_by_W, change=  900  0.000017 -6.6E-13
iter, W_der_by_W, change= 1000  0.000017 -1.9E-13
Final iter, W_der_by_W, change= 1239  0.000017 -9.9E-15

PP_FN1=
1009.1108 937.0911 925.8250 945.8671 929.0642 975.3312 933.3833 931.8313 970.6175
  22.0631  79.3444  21.7235  28.3325  24.2545  21.7525  22.5185  28.4771  21.7356
 114.9109 114.5186 189.2280 123.0892 151.4424 125.9197 168.8970 151.4188 132.6249
  54.9487  69.9081  57.6122 103.6675  55.7319  54.6745  61.5208  67.4139  55.7205
  13.9033  15.4163  18.2594  14.3565  53.1670  14.9881  17.4058  23.3548  14.8225
   9.4903   8.9899   9.8716   9.1577   9.7454  31.6364  14.0637  12.6084   9.4335
   0.1853   0.1899   0.2702   0.2103   0.2310   0.2870   6.3143   0.3688   0.2050
   0.4543   0.5897   0.5948   0.5658   0.7609   0.6318   0.9055   8.4382   0.4858
  14.9467  14.2162  16.4547  14.7702  15.2527  14.9293  15.8980  15.3443  34.5662

gradient_vmc_FD, gradient_vmc= -0.000057 -0.000057
E_L_der =         -0.0893   2.9392   0.2722  -0.9394  -0.4949   1.5603  12.4313  -4.0387   2.1169
E_L_der_increm =  -0.0893   2.9392   0.2722  -0.9394  -0.4949   1.5603  12.4313  -4.0387   2.1169
The above 2 lines should be equal
psiFN1_psiG  =   0.8022   0.0189   0.0996   0.0466   0.0120   0.0078   0.0002   0.0004   0.0124
psiG_increm**2=                 0.8022    0.0189    0.0996    0.0466    0.0120    0.0078    0.0002    0.0004    0.0124
psiG_increm**2 * P_L_increm=    0.8022    0.0189    0.0996    0.0466    0.0120    0.0078    0.0002    0.0004    0.0124
psiG_psiFN_increm=              0.8022    0.0189    0.0996    0.0466    0.0120    0.0078    0.0002    0.0004    0.0124
psiFN_by_psi_increm                   1.0000    1.0002    0.9999    1.0000    0.9997    1.0001    1.0007    0.9994    1.0002
psiFN_by_psi                          1.0000    1.0002    0.9999    1.0000    0.9997    1.0001    1.0007    0.9994    1.0002
psiFN_by_psi_increm                  1.000011820   1.000223063   0.999861574   1.000014487   0.999704905   1.000122584   1.000728743   0.999391336   1.000171648
psiFN_by_psi                         1.000011809   1.000223366   0.999861615   1.000014434   0.999704901   1.000122652   1.000728928   0.999391315   1.000171732
psiFN_by_psi_der=                     0.1114   -3.0289   -0.4143    0.5262    0.0367   -0.6864   -1.8578    0.2108   -0.8423

gradient_FN1_1= -0.000000 -0.000057  0.000000 -0.000000  0.000000 -0.000000 -0.000000  0.000000 -0.000000

gradient_FN1_2= -0.000000  0.000012 -0.000004 -0.000000  0.000000  0.000002  0.000002  0.000000  0.000005

gradient_FN1_3= -0.071631  0.055528  0.027102 -0.043782 -0.005939  0.012181  0.001982 -0.001579  0.026156

E_FN1, E_FN1_increm, gradient_FN1_FD, gradient_FN1= -1.153737 -1.153737 -0.000023 -0.000023

gradient_FN1_FD, gradient_FN1, 1st+2*2nd terms, gradient_FU2000, gradient_FN1_1, gradient_FN1_2, gradient_FN1_3, W_der_by_W= -0.000023 -0.000023 -0.000023 -0.000023 -0.000057  0.000017  0.000017  0.000017

  1  1 gradient_vmc, gradient_vmc_eval_in_dmc, gradient_FN1, gradient_FN1_1+2*gradient_FN1_3, gradient_FN1_1+W_der_by_W+gradient_FN1_3= -0.000057 -0.000057 -0.000023 -0.000023 -0.000023

 1 Ratio: Error replace 2nd by 3rd term  to  Error replace 2nd by W_der_by_W=  0.175070
FN1*G=  0.8022329320  0.0188919731  0.0995560280  0.0466045757  0.0120016098  0.0078068663  0.0001594113  0.0003909107  0.0123556908  0.9999999976
FN1_G=  0.8022329338  0.0188919732  0.0995560282  0.0466045759  0.0120016098  0.0078068664  0.0001594113  0.0003909107  0.0123556908  1.0000000000
test=  0.404036  0.404036
test2=  0.000014 -0.158608 -0.158608  0.000014 -0.158597  0.000026 -0.000000000828
test3=  1.000000  0.375103  1.000000  1.000000  0.137463 -0.000022
------------------------------------------------------------

Data set    2

H=
  -1.0000   0.2078   0.2465  -0.1774   0.1550   0.0818   0.1172   0.0597   0.0351
   0.2078  -0.7500   0.0317   0.1078  -0.1529   0.2204  -0.0884   0.0460  -0.1722
   0.2465   0.0317  -0.5000  -0.0188   0.1205   0.0786   0.1065   0.0542  -0.2134
  -0.1774   0.1078  -0.0188  -0.2500   0.1196   0.2078   0.0252   0.1955   0.1204
   0.1550  -0.1529   0.1205   0.1196   0.0000  -0.1889   0.1373  -0.1491  -0.1836
   0.0818   0.2204   0.0786   0.2078  -0.1889   0.2500   0.0471   0.2473  -0.0761
   0.1172  -0.0884   0.1065   0.0252   0.1373   0.0471   0.5000  -0.0512   0.1073
   0.0597   0.0460   0.0542   0.1955  -0.1491   0.2473  -0.0512   0.7500  -0.1677
   0.0351  -0.1722  -0.2134   0.1204  -0.1836  -0.0761   0.1073  -0.1677   1.0000

eigenval_p,eigenval_h=  1.000000 -1.275242
psi for P    =   0.8174  -0.4330  -0.2248   0.2275  -0.1681  -0.0167  -0.0476  -0.0495  -0.0940

eigenvalues of P=  0.950560  0.956825  0.962966  0.969652  0.974931  0.980377  0.985440  0.989706  1.000000
eigenvalues of H=  1.196769  0.883489  0.576467  0.242178 -0.021770 -0.294090 -0.547235 -0.760567 -1.275242
tau, tau_max= 0.020000 0.404529
P=
   0.9945  -0.0042  -0.0049   0.0035  -0.0031  -0.0016  -0.0023  -0.0012  -0.0007
  -0.0042   0.9895  -0.0006  -0.0022   0.0031  -0.0044   0.0018  -0.0009   0.0034
  -0.0049  -0.0006   0.9845   0.0004  -0.0024  -0.0016  -0.0021  -0.0011   0.0043
   0.0035  -0.0022   0.0004   0.9795  -0.0024  -0.0042  -0.0005  -0.0039  -0.0024
  -0.0031   0.0031  -0.0024  -0.0024   0.9745   0.0038  -0.0027   0.0030   0.0037
  -0.0016  -0.0044  -0.0016  -0.0042   0.0038   0.9695  -0.0009  -0.0049   0.0015
  -0.0023   0.0018  -0.0021  -0.0005  -0.0027  -0.0009   0.9645   0.0010  -0.0021
  -0.0012  -0.0009  -0.0011  -0.0039   0.0030  -0.0049   0.0010   0.9595   0.0034
  -0.0007   0.0034   0.0043  -0.0024   0.0037   0.0015  -0.0021   0.0034   0.9545

sum_P_eig,sum_abs_P_eig,sign_condition_number=  2.078525  2.091526  0.732144

P after making eigenvec +ve =
   0.9945   0.0042   0.0049   0.0035   0.0031   0.0016   0.0023   0.0012   0.0007
   0.0042   0.9895  -0.0006   0.0022   0.0031  -0.0044   0.0018  -0.0009   0.0034
   0.0049  -0.0006   0.9845  -0.0004  -0.0024  -0.0016  -0.0021  -0.0011   0.0043
   0.0035   0.0022  -0.0004   0.9795   0.0024   0.0042   0.0005   0.0039   0.0024
   0.0031   0.0031  -0.0024   0.0024   0.9745   0.0038  -0.0027   0.0030   0.0037
   0.0016  -0.0044  -0.0016   0.0042   0.0038   0.9695  -0.0009  -0.0049   0.0015
   0.0023   0.0018  -0.0021   0.0005  -0.0027  -0.0009   0.9645   0.0010  -0.0021
   0.0012  -0.0009  -0.0011   0.0039   0.0030  -0.0049   0.0010   0.9595   0.0034
   0.0007   0.0034   0.0043   0.0024   0.0037   0.0015  -0.0021   0.0034   0.9545

1+(E_0*1-H) (i.e. P with tau=1) after making eigenvec +ve =
   0.7248  -0.2078  -0.2465  -0.1774  -0.1550  -0.0818  -0.1172  -0.0597  -0.0351
  -0.2078   0.4748   0.0317  -0.1078  -0.1529   0.2204  -0.0884   0.0460  -0.1722
  -0.2465   0.0317   0.2248   0.0188   0.1205   0.0786   0.1065   0.0542  -0.2134
  -0.1774  -0.1078   0.0188  -0.0252  -0.1196  -0.2078  -0.0252  -0.1955  -0.1204
  -0.1550  -0.1529   0.1205  -0.1196  -0.2752  -0.1889   0.1373  -0.1491  -0.1836
  -0.0818   0.2204   0.0786  -0.2078  -0.1889  -0.5252   0.0471   0.2473  -0.0761
  -0.1172  -0.0884   0.1065  -0.0252   0.1373   0.0471  -0.7752  -0.0512   0.1073
  -0.0597   0.0460   0.0542  -0.1955  -0.1491   0.2473  -0.0512  -1.0252  -0.1677
  -0.0351  -0.1722  -0.2134  -0.1204  -0.1836  -0.0761   0.1073  -0.1677  -1.2752
psi0         =   0.8174   0.4330   0.2248   0.2275   0.1681   0.0167   0.0476   0.0495   0.0940
psiG         =   0.8174   0.4330   0.2249   0.2275   0.1680   0.0167   0.0476   0.0495   0.0940
1-overlap_G  =   0.0000

E_G= -1.275242

H_imp=
  -1.0000  -0.3923  -0.8962  -0.6374  -0.7541  -4.0018  -2.0140  -0.9856  -0.3055
  -0.1101  -0.7500   0.0610  -0.2052  -0.3941   5.7143  -0.8047   0.4027  -0.7929
  -0.0678   0.0165  -0.5000   0.0186   0.1612   1.0578   0.5033   0.2464  -0.5104
  -0.0494  -0.0567   0.0190  -0.2500  -0.1619  -2.8304  -0.1205  -0.8988  -0.2913
  -0.0319  -0.0594   0.0900  -0.0883   0.0000  -1.9006   0.4850  -0.5064  -0.3282
  -0.0017   0.0085   0.0058  -0.0153  -0.0188   0.2500   0.0165   0.0835  -0.0135
  -0.0068  -0.0097   0.0225  -0.0053   0.0389   0.1341   0.5000  -0.0492   0.0543
  -0.0036   0.0053   0.0119  -0.0425  -0.0439   0.7327  -0.0532   0.7500  -0.0883
  -0.0040  -0.0374  -0.0892  -0.0497  -0.1027  -0.4284   0.2119  -0.3185   1.0000

P_imp=
   0.9945   0.0078   0.0179   0.0127   0.0151   0.0800   0.0403   0.0197   0.0061
   0.0022   0.9895  -0.0012   0.0041   0.0079  -0.1143   0.0161  -0.0081   0.0159
   0.0014  -0.0003   0.9845  -0.0004  -0.0032  -0.0212  -0.0101  -0.0049   0.0102
   0.0010   0.0011  -0.0004   0.9795   0.0032   0.0566   0.0024   0.0180   0.0058
   0.0006   0.0012  -0.0018   0.0018   0.9745   0.0380  -0.0097   0.0101   0.0066
   0.0000  -0.0002  -0.0001   0.0003   0.0004   0.9695  -0.0003  -0.0017   0.0003
   0.0001   0.0002  -0.0005   0.0001  -0.0008  -0.0027   0.9645   0.0010  -0.0011
   0.0001  -0.0001  -0.0002   0.0009   0.0009  -0.0147   0.0011   0.9595   0.0018
   0.0001   0.0007   0.0018   0.0010   0.0021   0.0086  -0.0042   0.0064   0.9545
tau_av_expon_proj    = 3.633140 1.707519 0.836295 0.941334 0.596787 0.059524 0.237581 0.286436 0.419370
tau_av_expon_proj_new= 3.633167 1.903884 1.289920 0.975379 0.784165 0.655634 0.563303 0.493768 0.439514
factor=                1.000007 1.108646 1.421438 1.035522 1.269917 2.482366 1.782892 1.521805 1.046899
factor2=                 1.0000   1.1150   1.5424   1.0362   1.3140  11.0147   2.3710   1.7238   1.0480

eigenvalues of P_imp=  0.950560  0.956825  0.962966  0.969652  0.974931  0.980377  0.985440  0.989706  1.000000
eigenvalues of H_imp=  1.196769  0.883489  0.576467  0.242178 -0.021770 -0.294090 -0.547235 -0.760567 -1.275242

eigenval_p,eigenval_h=  1.000000 -1.275242
psi0_psiG    =   0.6682   0.1874   0.0506   0.0517   0.0282   0.0003   0.0023   0.0024   0.0088

imp-sampled: sum_P_eig,sum_abs_P_eig,sign_condition_number=  1.000000  1.001203  0.941679

P_FN1=
   0.9945   0.0078   0.0179   0.0127   0.0151   0.0800   0.0403   0.0197   0.0061
   0.0022   0.9889   0.0000   0.0041   0.0079   0.0000   0.0161   0.0000   0.0159
   0.0014   0.0000   0.9803   0.0000   0.0000   0.0000   0.0000   0.0000   0.0102
   0.0010   0.0011   0.0000   0.9791   0.0032   0.0566   0.0024   0.0180   0.0058
   0.0006   0.0012   0.0000   0.0018   0.9705   0.0380   0.0000   0.0101   0.0066
   0.0000   0.0000   0.0000   0.0003   0.0004   0.8167   0.0000   0.0000   0.0003
   0.0001   0.0002   0.0000   0.0001   0.0000   0.0000   0.9402   0.0010   0.0000
   0.0001   0.0000   0.0000   0.0009   0.0009   0.0000   0.0011   0.9448   0.0018
   0.0001   0.0007   0.0018   0.0010   0.0021   0.0086   0.0000   0.0064   0.9534

eigenvalues of P_FN1=  0.816494  0.939744  0.943522  0.952403  0.970073  0.978690  0.979867  0.987628  1.000000
eigenvalues of H_FN1=  7.900040  1.737569  1.548682  1.104602  0.221106 -0.209747 -0.268606 -0.656664 -1.275242

eigenval_p,eigenval_h=  1.000000 -1.275242
psiFN1_psiG =    0.6682   0.1874   0.0506   0.0517   0.0282   0.0003   0.0023   0.0024   0.0088
psiFN1      =    0.8174   0.4329   0.2248   0.2275   0.1680   0.0167   0.0476   0.0495   0.0940

E_0, E_G, E_FN1, E_G-E_0, E_FN1-E_0, rms fluctuation of E_L  -1.27524  -1.27524  -1.27524   0.00000   0.00000   0.00010
E_L     =  -1.2752  -1.2752  -1.2751  -1.2752  -1.2754  -1.2722  -1.2757  -1.2760  -1.2759
P_L     =   1.0000   1.0000   1.0000   1.0000   1.0000   0.9999   1.0000   1.0000   1.0000
P_abs_L =   1.0000   1.0006   1.0042   1.0004   1.0040   1.1527   1.0243   1.0147   1.0011

P_propos=
   0.9945   0.0078   0.0178   0.0127   0.0150   0.0694   0.0393   0.0194   0.0061
   0.0022   0.9889   0.0000   0.0041   0.0079   0.0000   0.0157   0.0000   0.0158
   0.0014   0.0000   0.9804   0.0000   0.0000   0.0000   0.0000   0.0000   0.0102
   0.0010   0.0011   0.0000   0.9791   0.0032   0.0491   0.0024   0.0177   0.0058
   0.0006   0.0012   0.0000   0.0018   0.9706   0.0330   0.0000   0.0100   0.0066
   0.0000   0.0000   0.0000   0.0003   0.0004   0.8411   0.0000   0.0000   0.0003
   0.0001   0.0002   0.0000   0.0001   0.0000   0.0000   0.9416   0.0010   0.0000
   0.0001   0.0000   0.0000   0.0009   0.0009   0.0000   0.0010   0.9456   0.0018
   0.0001   0.0007   0.0018   0.0010   0.0020   0.0074   0.0000   0.0063   0.9534
sum P_propos  1.000000  1.000000  1.000000  1.000000  1.000000  1.000000  1.000000  1.000000  1.000000
E_FN1= -1.275242 -1.275242
psiG**2=         0.6682   0.1874   0.0506   0.0517   0.0282   0.0003   0.0023   0.0024   0.0088
psiG**2 * P_L=   0.6682   0.1874   0.0506   0.0517   0.0282   0.0003   0.0023   0.0024   0.0088
psiG_psiFN=      0.6682   0.1874   0.0506   0.0517   0.0282   0.0003   0.0023   0.0024   0.0088
P_L=             1.0000   1.0000   1.0000   1.0000   1.0000   0.9999   1.0000   1.0000   1.0000
psiFN_by_psi=          1.0000   1.0000   0.9999   1.0000   1.0002   0.9997   1.0001   1.0003   1.0003

P_markov=
   0.9945   0.0078   0.0178   0.0127   0.0150   0.0694   0.0393   0.0194   0.0061
   0.0022   0.9889   0.0000   0.0041   0.0079   0.0000   0.0157   0.0000   0.0158
   0.0014   0.0000   0.9804   0.0000   0.0000   0.0000   0.0000   0.0000   0.0102
   0.0010   0.0011   0.0000   0.9792   0.0032   0.0491   0.0024   0.0177   0.0058
   0.0006   0.0012   0.0000   0.0018   0.9707   0.0330   0.0000   0.0100   0.0065
   0.0000   0.0000   0.0000   0.0003   0.0003   0.8411   0.0000   0.0000   0.0002
   0.0001   0.0002   0.0000   0.0001   0.0000   0.0000   0.9416   0.0010   0.0000
   0.0001   0.0000   0.0000   0.0008   0.0009   0.0000   0.0010   0.9456   0.0017
   0.0001   0.0007   0.0018   0.0010   0.0020   0.0074   0.0000   0.0063   0.9536

eigenvalues of P_markov=  0.840855  0.941122  0.944324  0.952595  0.970233  0.978760  0.979935  0.987648  1.000000
eigenvalues of H_markov=  6.682031  1.668637  1.508557  1.095030  0.213096 -0.213257 -0.271975 -0.657641 -1.275242

eigenval_p,eigenval_h=  1.000000 -1.275242
psi for P_mar=   0.6682   0.1874   0.0506   0.0517   0.0282   0.0003   0.0023   0.0024   0.0088
psiG**2      =   0.6682   0.1874   0.0506   0.0517   0.0282   0.0003   0.0023   0.0024   0.0088
Above 2 lines should be equal since Markov matrix has dominant state psiG**2
The exception to this occurs when there is no sign problem, but some components of psiG have the wrong sign, in which case one has 2 decoupled spaces with degenerate dominant eigenvalues

P_FN3=
   0.9945   0.0078   0.0178   0.0127   0.0150   0.0694   0.0393   0.0194   0.0061
   0.0022   0.9889   0.0000   0.0041   0.0079   0.0000   0.0157   0.0000   0.0158
   0.0014   0.0000   0.9804   0.0000   0.0000   0.0000   0.0000   0.0000   0.0102
   0.0010   0.0011   0.0000   0.9792   0.0032   0.0491   0.0024   0.0177   0.0058
   0.0006   0.0012   0.0000   0.0018   0.9707   0.0330   0.0000   0.0100   0.0065
   0.0000   0.0000   0.0000   0.0003   0.0003   0.8410   0.0000   0.0000   0.0002
   0.0001   0.0002   0.0000   0.0001   0.0000   0.0000   0.9416   0.0010   0.0000
   0.0001   0.0000   0.0000   0.0008   0.0009   0.0000   0.0010   0.9456   0.0017
   0.0001   0.0007   0.0018   0.0010   0.0020   0.0074   0.0000   0.0063   0.9536
E_FN3= -1.275242 -1.275242

eigenvalues of P_FN3=  0.840804  0.941131  0.944337  0.952607  0.970237  0.978760  0.979933  0.987647  1.000000
eigenvalues of H_FN3=  6.684549  1.668219  1.507911  1.094415  0.212915 -0.213221 -0.271904 -0.657614 -1.275242

eigenval_p,eigenval_h=  1.000000 -1.275242
psiFN3_psiG  =   0.6682   0.1874   0.0506   0.0517   0.0282   0.0003   0.0023   0.0024   0.0088
psiFN3      =    0.8174   0.4329   0.2248   0.2275   0.1680   0.0167   0.0476   0.0495   0.0940

P_FN4=
   0.9945   0.0078   0.0178   0.0127   0.0150   0.0694   0.0393   0.0194   0.0061
   0.0022   0.9889   0.0000   0.0041   0.0079   0.0000   0.0157   0.0000   0.0158
   0.0014   0.0000   0.9804   0.0000   0.0000   0.0000   0.0000   0.0000   0.0102
   0.0010   0.0011   0.0000   0.9791   0.0032   0.0491   0.0024   0.0177   0.0058
   0.0006   0.0012   0.0000   0.0018   0.9706   0.0330   0.0000   0.0100   0.0066
   0.0000   0.0000   0.0000   0.0003   0.0004   0.8410   0.0000   0.0000   0.0003
   0.0001   0.0002   0.0000   0.0001   0.0000   0.0000   0.9416   0.0010   0.0000
   0.0001   0.0000   0.0000   0.0009   0.0009   0.0000   0.0010   0.9456   0.0018
   0.0001   0.0007   0.0018   0.0010   0.0020   0.0074   0.0000   0.0063   0.9535
E_FN4= -1.275242 -1.275242

eigenvalues of P_FN4=  0.840775  0.941122  0.944304  0.952516  0.970184  0.978734  0.979916  0.987638  1.000000
eigenvalues of H_FN4=  6.686031  1.668657  1.509547  1.098943  0.215574 -0.211947 -0.271064 -0.657137 -1.275242

eigenval_p,eigenval_h=  1.000000 -1.275242
psiFN4_psiG  =   0.6678   0.1874   0.0507   0.0517   0.0283   0.0003   0.0023   0.0025   0.0088
psiFN4      =    0.8169   0.4329   0.2256   0.2274   0.1686   0.0192   0.0487   0.0502   0.0941
FN5: sum_pos  0.000000
FN5: sum_pos  0.030218
FN5: sum_pos  0.210319
FN5: sum_pos  0.018562
FN5: sum_pos  0.200100
FN5: sum_pos  7.638920
FN5: sum_pos  1.216719
FN5: sum_pos  0.732607
FN5: sum_pos  0.054297

P_FN5=
   0.9945   0.0078   0.0179   0.0127   0.0151   0.0800   0.0403   0.0197   0.0061
   0.0022   0.9889   0.0000   0.0041   0.0079   0.0000   0.0161   0.0000   0.0159
   0.0014   0.0000   0.9803   0.0000   0.0000   0.0000   0.0000   0.0000   0.0102
   0.0010   0.0011   0.0000   0.9791   0.0032   0.0566   0.0024   0.0180   0.0058
   0.0006   0.0012   0.0000   0.0018   0.9705   0.0380   0.0000   0.0101   0.0066
   0.0000   0.0000   0.0000   0.0003   0.0004   0.8176   0.0000   0.0000   0.0003
   0.0001   0.0002   0.0000   0.0001   0.0000   0.0000   0.9402   0.0010   0.0000
   0.0001   0.0000   0.0000   0.0009   0.0009   0.0000   0.0011   0.9449   0.0018
   0.0001   0.0007   0.0018   0.0010   0.0021   0.0086   0.0000   0.0064   0.9534
E_FN5= -1.275261 -1.275242

eigenvalues of P_FN5=  0.817416  0.939756  0.943530  0.952408  0.970074  0.978691  0.979868  0.987628  1.000000
eigenvalues of H_FN5=  7.853969  1.736980  1.548254  1.104377  0.221053 -0.209780 -0.268638 -0.656666 -1.275261

eigenval_p,eigenval_h=  1.000000 -1.275261
psiFN5_psiG  =   0.6682   0.1874   0.0506   0.0517   0.0282   0.0003   0.0023   0.0024   0.0088
psiFN5      =    0.8174   0.4329   0.2248   0.2275   0.1681   0.0168   0.0476   0.0495   0.0940

E_G, E_FN1, E_FN3, E_FN4, E_0, recover_FN1, recover_FN3, recover_FN4, 1-ovlp_FN1, 1-ovlp_FN3, 1-ovlp_FN4, sign_cond_num= -1.275242 -1.275242 -1.275242 -1.275242 -1.275242 0.674 0.652****** 6.E-10 6.E-10 5.E-06 0.942

P_propos2=
   0.9945   0.0078   0.0179   0.0127   0.0151   0.0800   0.0403   0.0197   0.0061
   0.0022   0.9889   0.0000   0.0041   0.0079   0.0000   0.0161   0.0000   0.0159
   0.0014   0.0000   0.9803   0.0000   0.0000   0.0000   0.0000   0.0000   0.0102
   0.0010   0.0011   0.0000   0.9791   0.0032   0.0566   0.0024   0.0180   0.0058
   0.0006   0.0012   0.0000   0.0018   0.9705   0.0380   0.0000   0.0101   0.0066
   0.0000   0.0000   0.0000   0.0003   0.0004   0.8168   0.0000   0.0000   0.0003
   0.0001   0.0002   0.0000   0.0001   0.0000   0.0000   0.9402   0.0010   0.0000
   0.0001   0.0000   0.0000   0.0009   0.0009   0.0000   0.0011   0.9448   0.0018
   0.0001   0.0007   0.0018   0.0010   0.0021   0.0086   0.0000   0.0064   0.9534

eigenvalues of P_FN1_propos=  0.816543  0.939736  0.943508  0.952391  0.970069  0.978691  0.979869  0.987629  1.000000
psi for P_FN1_propos=   0.6682   0.1874   0.0506   0.0517   0.0282   0.0003   0.0023   0.0024   0.0088
psiG**2 * P_L       =   0.6682   0.1874   0.0506   0.0517   0.0282   0.0003   0.0023   0.0024   0.0088
Above 2 lines should be equal since proposal part of P_FN1 has dominant state psiG**2 * P_L
The exception to this occurs when there is no sign problem, but some components of psiG have the wrong sign, in which case one has 2 decoupled spaces with degenerate dominant eigenvalues

P_L=              1.0000   1.0000   1.0000   1.0000   1.0000   0.9999   1.0000   1.0000   1.0000
P_L_der=          0.0051  -0.0243  -0.0028   0.0095   0.0182  -0.2640   0.0372  -0.0186   0.0366
P_L_der_by_P_L=   0.0051  -0.0243  -0.0028   0.0095   0.0182  -0.2640   0.0372  -0.0186   0.0366

