Input hamiltonian
hamiltonian=random                                                                          
Input ndim, E_T, tau_in
ndim, E_T, tau_in=    9-20.000000 0.020000
Input fraction_positive, off_diag_mag, psiG_noise
fraction_positive, off_diag_mag,psiG_noise= 0.500000 0.500000 0.000200
psiG_correct_sign
psiG_correct_sign= F
plot_deriv= F
Input irand_seed
irand_seed=1425565376542456

Data set    1

H=
  -1.0000   0.0800   0.1401  -0.1696   0.0630   0.1789  -0.0366  -0.0928  -0.2290
   0.0800  -0.7500   0.0859   0.2028  -0.0542   0.1379   0.1569  -0.0799  -0.2353
   0.1401   0.0859  -0.5000   0.1165  -0.2461  -0.0961  -0.2234  -0.1402   0.2370
  -0.1696   0.2028   0.1165  -0.2500  -0.0711  -0.2226   0.0454   0.1250  -0.0263
   0.0630  -0.0542  -0.2461  -0.0711   0.0000  -0.0210   0.1375  -0.2232  -0.0393
   0.1789   0.1379  -0.0961  -0.2226  -0.0210   0.2500  -0.2276  -0.1955  -0.0772
  -0.0366   0.1569  -0.2234   0.0454   0.1375  -0.2276   0.5000  -0.2075  -0.1275
  -0.0928  -0.0799  -0.1402   0.1250  -0.2232  -0.1955  -0.2075   0.7500  -0.0525
  -0.2290  -0.2353   0.2370  -0.0263  -0.0393  -0.0772  -0.1275  -0.0525   1.0000

eigenval_p,eigenval_h=  1.000000 -1.153737
psi for P    =   0.8957  -0.1375  -0.3155   0.2159  -0.1095  -0.0884  -0.0127  -0.0197   0.1112

eigenvalues of P=  0.953835  0.957765  0.963171  0.973933  0.976522  0.982440  0.989117  0.995544  1.000000
eigenvalues of H=  1.154489  0.958038  0.687698  0.149593  0.020158 -0.275736 -0.609584 -0.930919 -1.153737
tau, tau_max= 0.020000 0.433233
P=
   0.9969  -0.0016  -0.0028   0.0034  -0.0013  -0.0036   0.0007   0.0019   0.0046
  -0.0016   0.9919  -0.0017  -0.0041   0.0011  -0.0028  -0.0031   0.0016   0.0047
  -0.0028  -0.0017   0.9869  -0.0023   0.0049   0.0019   0.0045   0.0028  -0.0047
   0.0034  -0.0041  -0.0023   0.9819   0.0014   0.0045  -0.0009  -0.0025   0.0005
  -0.0013   0.0011   0.0049   0.0014   0.9769   0.0004  -0.0028   0.0045   0.0008
  -0.0036  -0.0028   0.0019   0.0045   0.0004   0.9719   0.0046   0.0039   0.0015
   0.0007  -0.0031   0.0045  -0.0009  -0.0028   0.0046   0.9669   0.0041   0.0026
   0.0019   0.0016   0.0028  -0.0025   0.0045   0.0039   0.0041   0.9619   0.0011
   0.0046   0.0047  -0.0047   0.0005   0.0008   0.0015   0.0026   0.0011   0.9569

sum_P_eig,sum_abs_P_eig,sign_condition_number=  1.905979  1.922966  0.641680

P after making eigenvec +ve =
   0.9969   0.0016   0.0028   0.0034   0.0013   0.0036  -0.0007  -0.0019   0.0046
   0.0016   0.9919  -0.0017   0.0041   0.0011  -0.0028  -0.0031   0.0016  -0.0047
   0.0028  -0.0017   0.9869   0.0023   0.0049   0.0019   0.0045   0.0028   0.0047
   0.0034   0.0041   0.0023   0.9819  -0.0014  -0.0045   0.0009   0.0025   0.0005
   0.0013   0.0011   0.0049  -0.0014   0.9769   0.0004  -0.0028   0.0045  -0.0008
   0.0036  -0.0028   0.0019  -0.0045   0.0004   0.9719   0.0046   0.0039  -0.0015
  -0.0007  -0.0031   0.0045   0.0009  -0.0028   0.0046   0.9669   0.0041  -0.0026
  -0.0019   0.0016   0.0028   0.0025   0.0045   0.0039   0.0041   0.9619  -0.0011
   0.0046  -0.0047   0.0047   0.0005  -0.0008  -0.0015  -0.0026  -0.0011   0.9569

1+(E_0*1-H) (i.e. P with tau=1) after making eigenvec +ve =
   0.8463  -0.0800  -0.1401  -0.1696  -0.0630  -0.1789   0.0366   0.0928  -0.2290
  -0.0800   0.5963   0.0859  -0.2028  -0.0542   0.1379   0.1569  -0.0799   0.2353
  -0.1401   0.0859   0.3463  -0.1165  -0.2461  -0.0961  -0.2234  -0.1402  -0.2370
  -0.1696  -0.2028  -0.1165   0.0963   0.0711   0.2226  -0.0454  -0.1250  -0.0263
  -0.0630  -0.0542  -0.2461   0.0711  -0.1537  -0.0210   0.1375  -0.2232   0.0393
  -0.1789   0.1379  -0.0961   0.2226  -0.0210  -0.4037  -0.2276  -0.1955   0.0772
   0.0366   0.1569  -0.2234  -0.0454   0.1375  -0.2276  -0.6537  -0.2075   0.1275
   0.0928  -0.0799  -0.1402  -0.1250  -0.2232  -0.1955  -0.2075  -0.9037   0.0525
  -0.2290   0.2353  -0.2370  -0.0263   0.0393   0.0772   0.1275   0.0525  -1.1537
psi0         =   0.8957   0.1375   0.3155   0.2159   0.1095   0.0884   0.0127   0.0197   0.1112
psiG         =   0.8957   0.1374   0.3156   0.2159   0.1096   0.0883   0.0126   0.0198   0.1111
1-overlap_G  =   0.0000

E_G= -1.153737

H_imp=
  -1.0000  -0.5214  -0.3977  -0.7038  -0.5149  -1.8143   2.6028   4.1945  -1.8454
  -0.0123  -0.7500   0.0374  -0.1291  -0.0680   0.2144   1.7133  -0.5537   0.2909
  -0.0494   0.1973  -0.5000  -0.1704  -0.7086  -0.3434  -5.6041  -2.2328  -0.6730
  -0.0409  -0.3187  -0.0797  -0.2500   0.1400   0.5440  -0.7791  -1.3615  -0.0512
  -0.0077  -0.0433  -0.0855   0.0361   0.0000  -0.0261   1.1981  -1.2344   0.0388
  -0.0176   0.0886  -0.0269   0.0911  -0.0169   0.2500  -1.5978  -0.8716   0.0614
   0.0005   0.0144  -0.0089  -0.0026   0.0158  -0.0324   0.5000  -0.1317   0.0144
   0.0021  -0.0115  -0.0088  -0.0115  -0.0403  -0.0439  -0.3268   0.7500   0.0094
  -0.0284   0.1903  -0.0835  -0.0136   0.0398   0.0972   1.1264   0.2947   1.0000

P_imp=
   0.9969   0.0104   0.0080   0.0141   0.0103   0.0363  -0.0521  -0.0839   0.0369
   0.0002   0.9919  -0.0007   0.0026   0.0014  -0.0043  -0.0343   0.0111  -0.0058
   0.0010  -0.0039   0.9869   0.0034   0.0142   0.0069   0.1121   0.0447   0.0135
   0.0008   0.0064   0.0016   0.9819  -0.0028  -0.0109   0.0156   0.0272   0.0010
   0.0002   0.0009   0.0017  -0.0007   0.9769   0.0005  -0.0240   0.0247  -0.0008
   0.0004  -0.0018   0.0005  -0.0018   0.0003   0.9719   0.0320   0.0174  -0.0012
  -0.0000  -0.0003   0.0002   0.0001  -0.0003   0.0006   0.9669   0.0026  -0.0003
  -0.0000   0.0002   0.0002   0.0002   0.0008   0.0009   0.0065   0.9619  -0.0002
   0.0006  -0.0038   0.0017   0.0003  -0.0008  -0.0019  -0.0225  -0.0059   0.9569
tau_av_expon_proj    = 6.294360 0.721788 1.372994 0.863452 0.647528 0.320967 0.066897 0.091954 0.335069
tau_av_expon_proj_new= 6.504622 2.476861 1.529668 1.106517 0.866749 0.712384 0.604691 0.525283 0.464309
factor=                1.032853 2.031121 1.107852 1.245661 1.287785 1.732295 2.433597 2.281752 1.320948
factor2=                 1.0334   3.4316   1.1141   1.2815   1.3386   2.2195   9.0392   5.7124   1.3857

eigenvalues of P_imp=  0.953835  0.957765  0.963171  0.973933  0.976522  0.982440  0.989117  0.995544  1.000000
eigenvalues of H_imp=  1.154489  0.958038  0.687698  0.149593  0.020158 -0.275736 -0.609584 -0.930919 -1.153737

eigenval_p,eigenval_h=  1.000000 -1.153737
psi0_psiG    =   0.8022   0.0189   0.0996   0.0466   0.0120   0.0078   0.0002   0.0004   0.0124

imp-sampled: sum_P_eig,sum_abs_P_eig,sign_condition_number=  1.000000  1.001518  0.926974

P_FN1=
   0.9969   0.0104   0.0080   0.0141   0.0103   0.0363   0.0000   0.0000   0.0369
   0.0002   0.9821   0.0000   0.0026   0.0014   0.0000   0.0000   0.0111   0.0000
   0.0010   0.0000   0.9862   0.0034   0.0142   0.0069   0.1121   0.0447   0.0135
   0.0008   0.0064   0.0016   0.9794   0.0000   0.0000   0.0156   0.0272   0.0010
   0.0002   0.0009   0.0017   0.0000   0.9730   0.0005   0.0000   0.0247   0.0000
   0.0004   0.0000   0.0005   0.0000   0.0003   0.9548   0.0320   0.0174   0.0000
   0.0000   0.0000   0.0002   0.0001   0.0000   0.0006   0.8341   0.0026   0.0000
   0.0000   0.0002   0.0002   0.0002   0.0008   0.0009   0.0065   0.8721   0.0000
   0.0006   0.0000   0.0017   0.0003   0.0000   0.0000   0.0000   0.0000   0.9486

eigenvalues of P_FN1=  0.833413  0.872011  0.947620  0.954808  0.971304  0.976419  0.984198  0.987484  1.000000
eigenvalues of H_FN1=  7.175637  5.245724  1.465262  1.105866  0.281078  0.025317 -0.363630 -0.527926 -1.153737

eigenval_p,eigenval_h=  1.000000 -1.153737
psiFN1_psiG =    0.8022   0.0189   0.0996   0.0466   0.0120   0.0078   0.0002   0.0004   0.0124
psiFN1      =    0.8957   0.1375   0.3155   0.2159   0.1096   0.0884   0.0126   0.0198   0.1112

E_0, E_G, E_FN1, E_G-E_0, E_FN1-E_0, rms fluctuation of E_L  -1.15374  -1.15374  -1.15374   0.00000   0.00000   0.00028
E_L     =  -1.1537  -1.1542  -1.1535  -1.1537  -1.1531  -1.1544  -1.1674  -1.1466  -1.1548
P_L     =   1.0000   1.0000   1.0000   1.0000   1.0000   1.0000   1.0003   0.9999   1.0000
P_abs_L =   1.0001   1.0098   1.0007   1.0025   1.0039   1.0171   1.1331   1.0896   1.0083

P_propos=
   0.9969   0.0103   0.0079   0.0140   0.0103   0.0357   0.0000   0.0000   0.0366
   0.0002   0.9823   0.0000   0.0026   0.0014   0.0000   0.0000   0.0102   0.0000
   0.0010   0.0000   0.9862   0.0034   0.0141   0.0068   0.0989   0.0410   0.0133
   0.0008   0.0063   0.0016   0.9794   0.0000   0.0000   0.0138   0.0250   0.0010
   0.0002   0.0009   0.0017   0.0000   0.9731   0.0005   0.0000   0.0227   0.0000
   0.0004   0.0000   0.0005   0.0000   0.0003   0.9556   0.0282   0.0160   0.0000
   0.0000   0.0000   0.0002   0.0001   0.0000   0.0006   0.8534   0.0024   0.0000
   0.0000   0.0002   0.0002   0.0002   0.0008   0.0009   0.0058   0.8828   0.0000
   0.0006   0.0000   0.0017   0.0003   0.0000   0.0000   0.0000   0.0000   0.9490
sum P_propos  1.000000  1.000000  1.000000  1.000000  1.000000  1.000000  1.000000  1.000000  1.000000
E_FN1= -1.153737 -1.153737
psiG**2=         0.8022   0.0189   0.0996   0.0466   0.0120   0.0078   0.0002   0.0004   0.0123
psiG**2 * P_L=   0.8022   0.0189   0.0996   0.0466   0.0120   0.0078   0.0002   0.0004   0.0124
psiG_psiFN=      0.8022   0.0189   0.0996   0.0466   0.0120   0.0078   0.0002   0.0004   0.0124
P_L=             1.0000   1.0000   1.0000   1.0000   1.0000   1.0000   1.0003   0.9999   1.0000
psiFN_by_psi=          1.0000   1.0004   0.9997   1.0000   0.9994   1.0002   1.0015   0.9988   1.0003

P_markov=
   0.9969   0.0103   0.0079   0.0140   0.0103   0.0357   0.0000   0.0000   0.0366
   0.0002   0.9823   0.0000   0.0026   0.0013   0.0000   0.0000   0.0102   0.0000
   0.0010   0.0000   0.9863   0.0034   0.0141   0.0068   0.0989   0.0410   0.0133
   0.0008   0.0063   0.0016   0.9795   0.0000   0.0000   0.0138   0.0250   0.0010
   0.0002   0.0009   0.0017   0.0000   0.9732   0.0005   0.0000   0.0227   0.0000
   0.0003   0.0000   0.0005   0.0000   0.0003   0.9557   0.0282   0.0160   0.0000
   0.0000   0.0000   0.0002   0.0000   0.0000   0.0006   0.8534   0.0023   0.0000
   0.0000   0.0002   0.0002   0.0002   0.0007   0.0008   0.0058   0.8829   0.0000
   0.0006   0.0000   0.0017   0.0003   0.0000   0.0000   0.0000   0.0000   0.9490

eigenvalues of P_markov=  0.852687  0.882782  0.948035  0.955660  0.971491  0.976573  0.984323  0.987530  1.000000
eigenvalues of H_markov=  6.211917  4.707164  1.444491  1.063270  0.271733  0.017596 -0.369881 -0.530258 -1.153737

eigenval_p,eigenval_h=  1.000000 -1.153737
psi for P_mar=   0.8022   0.0189   0.0996   0.0466   0.0120   0.0078   0.0002   0.0004   0.0123
psiG**2      =   0.8022   0.0189   0.0996   0.0466   0.0120   0.0078   0.0002   0.0004   0.0123
Above 2 lines should be equal since Markov matrix has dominant state psiG**2
The exception to this occurs when there is no sign problem, but some components of psiG have the wrong sign, in which case one has 2 decoupled spaces with degenerate dominant eigenvalues

P_FN3=
   0.9969   0.0103   0.0079   0.0140   0.0103   0.0357   0.0000   0.0000   0.0366
   0.0002   0.9823   0.0000   0.0026   0.0013   0.0000   0.0000   0.0102   0.0000
   0.0010   0.0000   0.9863   0.0034   0.0141   0.0068   0.0989   0.0410   0.0133
   0.0008   0.0063   0.0016   0.9795   0.0000   0.0000   0.0138   0.0250   0.0010
   0.0002   0.0009   0.0017   0.0000   0.9732   0.0005   0.0000   0.0227   0.0000
   0.0003   0.0000   0.0005   0.0000   0.0003   0.9557   0.0282   0.0160   0.0000
   0.0000   0.0000   0.0002   0.0000   0.0000   0.0006   0.8536   0.0023   0.0000
   0.0000   0.0002   0.0002   0.0002   0.0007   0.0008   0.0058   0.8828   0.0000
   0.0006   0.0000   0.0017   0.0003   0.0000   0.0000   0.0000   0.0000   0.9491
E_FN3= -1.153737 -1.153737

eigenvalues of P_FN3=  0.852914  0.882662  0.948054  0.955672  0.971481  0.976575  0.984329  0.987527  1.000000
eigenvalues of H_FN3=  6.200549  4.713183  1.443548  1.062672  0.272234  0.017523 -0.370163 -0.530079 -1.153737

eigenval_p,eigenval_h=  1.000000 -1.153737
psiFN3_psiG  =   0.8022   0.0189   0.0996   0.0466   0.0120   0.0078   0.0002   0.0004   0.0124
psiFN3      =    0.8957   0.1374   0.3155   0.2159   0.1096   0.0884   0.0126   0.0198   0.1112

P_FN4=
   0.9969   0.0103   0.0079   0.0140   0.0103   0.0357   0.0000   0.0000   0.0366
   0.0002   0.9823   0.0000   0.0026   0.0014   0.0000   0.0000   0.0102   0.0000
   0.0010   0.0000   0.9862   0.0034   0.0141   0.0068   0.0989   0.0410   0.0133
   0.0008   0.0063   0.0016   0.9794   0.0000   0.0000   0.0138   0.0250   0.0010
   0.0002   0.0009   0.0017   0.0000   0.9731   0.0005   0.0000   0.0227   0.0000
   0.0004   0.0000   0.0005   0.0000   0.0003   0.9556   0.0282   0.0160   0.0000
   0.0000   0.0000   0.0002   0.0001   0.0000   0.0006   0.8536   0.0024   0.0000
   0.0000   0.0002   0.0002   0.0002   0.0008   0.0009   0.0058   0.8827   0.0000
   0.0006   0.0000   0.0017   0.0003   0.0000   0.0000   0.0000   0.0000   0.9491
E_FN4= -1.153737 -1.153737

eigenvalues of P_FN4=  0.852868  0.882541  0.948044  0.955574  0.971413  0.976525  0.984315  0.987499  1.000000
eigenvalues of H_FN4=  6.202872  4.719194  1.444050  1.067558  0.275594  0.020026 -0.369508 -0.528673 -1.153737

eigenval_p,eigenval_h=  1.000000 -1.153737
psiFN4_psiG  =   0.8016   0.0191   0.0996   0.0467   0.0120   0.0079   0.0002   0.0004   0.0124
psiFN4      =    0.8950   0.1387   0.3155   0.2163   0.1099   0.0898   0.0143   0.0216   0.1120
FN5: sum_pos  0.002567
FN5: sum_pos  0.490647
FN5: sum_pos  0.037394
FN5: sum_pos  0.127198
FN5: sum_pos  0.195598
FN5: sum_pos  0.855612
FN5: sum_pos  6.640533
FN5: sum_pos  4.489193
FN5: sum_pos  0.414850

P_FN5=
   0.9969   0.0104   0.0080   0.0141   0.0103   0.0363   0.0000   0.0000   0.0369
   0.0002   0.9821   0.0000   0.0026   0.0014   0.0000   0.0000   0.0111   0.0000
   0.0010   0.0000   0.9862   0.0034   0.0142   0.0069   0.1121   0.0447   0.0135
   0.0008   0.0064   0.0016   0.9794   0.0000   0.0000   0.0156   0.0272   0.0010
   0.0002   0.0009   0.0017   0.0000   0.9730   0.0005   0.0000   0.0247   0.0000
   0.0004   0.0000   0.0005   0.0000   0.0003   0.9548   0.0320   0.0174   0.0000
   0.0000   0.0000   0.0002   0.0001   0.0000   0.0006   0.8347   0.0026   0.0000
   0.0000   0.0002   0.0002   0.0002   0.0008   0.0009   0.0065   0.8724   0.0000
   0.0006   0.0000   0.0017   0.0003   0.0000   0.0000   0.0000   0.0000   0.9486
E_FN5= -1.153753 -1.153737

eigenvalues of P_FN5=  0.834039  0.872247  0.947626  0.954813  0.971304  0.976419  0.984198  0.987485  1.000000
eigenvalues of H_FN5=  7.144298  5.233937  1.464940  1.105599  0.281039  0.025308 -0.363640 -0.527971 -1.153753

eigenval_p,eigenval_h=  1.000000 -1.153753
psiFN5_psiG  =   0.8022   0.0189   0.0996   0.0466   0.0120   0.0078   0.0002   0.0004   0.0124
psiFN5      =    0.8957   0.1375   0.3155   0.2159   0.1096   0.0884   0.0127   0.0198   0.1112

E_G, E_FN1, E_FN3, E_FN4, E_0, recover_FN1, recover_FN3, recover_FN4, 1-ovlp_FN1, 1-ovlp_FN3, 1-ovlp_FN4, sign_cond_num= -1.153737 -1.153737 -1.153737 -1.153737 -1.153737 0.521 0.508 5.944 5.E-09 5.E-09 5.E-06 0.927

P_propos2=
   0.9969   0.0104   0.0080   0.0141   0.0103   0.0363   0.0000   0.0000   0.0369
   0.0002   0.9821   0.0000   0.0026   0.0014   0.0000   0.0000   0.0111   0.0000
   0.0010   0.0000   0.9862   0.0034   0.0142   0.0069   0.1121   0.0447   0.0135
   0.0008   0.0064   0.0016   0.9794   0.0000   0.0000   0.0156   0.0272   0.0010
   0.0002   0.0009   0.0017   0.0000   0.9730   0.0005   0.0000   0.0247   0.0000
   0.0004   0.0000   0.0005   0.0000   0.0003   0.9548   0.0319   0.0174   0.0000
   0.0000   0.0000   0.0002   0.0001   0.0000   0.0006   0.8339   0.0026   0.0000
   0.0000   0.0002   0.0002   0.0002   0.0008   0.0009   0.0065   0.8723   0.0000
   0.0006   0.0000   0.0017   0.0003   0.0000   0.0000   0.0000   0.0000   0.9486

eigenvalues of P_FN1_propos=  0.833189  0.872131  0.947601  0.954796  0.971314  0.976417  0.984192  0.987487  1.000000
psi for P_FN1_propos=   0.8022   0.0189   0.0996   0.0466   0.0120   0.0078   0.0002   0.0004   0.0124
psiG**2 * P_L       =   0.8022   0.0189   0.0996   0.0466   0.0120   0.0078   0.0002   0.0004   0.0124
Above 2 lines should be equal since proposal part of P_FN1 has dominant state psiG**2 * P_L
The exception to this occurs when there is no sign problem, but some components of psiG have the wrong sign, in which case one has 2 decoupled spaces with degenerate dominant eigenvalues

P_L=              1.0000   1.0000   1.0000   1.0000   1.0000   1.0000   1.0003   0.9999   1.0000
P_L_der=          0.0018  -0.0588  -0.0054   0.0188   0.0099  -0.0312  -0.2494   0.0806  -0.0423
P_L_der_by_P_L=   0.0018  -0.0588  -0.0054   0.0188   0.0099  -0.0312  -0.2493   0.0806  -0.0423

P_L_der_by_P_L=   0.0018  -0.0588  -0.0054   0.0188   0.0099  -0.0312  -0.2493   0.0806  -0.0423
psiG_psiFN    =   0.8022   0.0189   0.0996   0.0466   0.0120   0.0078   0.0002   0.0004   0.0124
tmp_vec1      =   0.0014  -0.0011  -0.0005   0.0009   0.0001  -0.0002  -0.0000   0.0000  -0.0005

PP_FN1=
   1.9969   0.0104   0.0080   0.0141   0.0103   0.0363   0.0000   0.0000   0.0369
   0.0002   1.9821   0.0000   0.0026   0.0014   0.0000   0.0000   0.0111   0.0000
   0.0010   0.0000   1.9862   0.0034   0.0142   0.0069   0.1121   0.0447   0.0135
   0.0008   0.0064   0.0016   1.9794   0.0000   0.0000   0.0156   0.0272   0.0010
   0.0002   0.0009   0.0017   0.0000   1.9730   0.0005   0.0000   0.0247   0.0000
   0.0004   0.0000   0.0005   0.0000   0.0003   1.9548   0.0320   0.0174   0.0000
   0.0000   0.0000   0.0002   0.0001   0.0000   0.0006   1.8341   0.0026   0.0000
   0.0000   0.0002   0.0002   0.0002   0.0008   0.0009   0.0065   1.8721   0.0000
   0.0006   0.0000   0.0017   0.0003   0.0000   0.0000   0.0000   0.0000   1.9486
iter, W_der_by_W, change=    1  0.000004  3.6E-06

PP_FN1=
   2.9907   0.0312   0.0238   0.0420   0.0307   0.1072   0.0023   0.0017   0.1088
   0.0007   2.9467   0.0000   0.0077   0.0040   0.0000   0.0001   0.0317   0.0000
   0.0030   0.0001   2.9588   0.0101   0.0420   0.0204   0.3167   0.1285   0.0395
   0.0024   0.0189   0.0047   2.9386   0.0001   0.0001   0.0442   0.0778   0.0030
   0.0005   0.0026   0.0051   0.0000   2.9198   0.0016   0.0004   0.0703   0.0000
   0.0010   0.0000   0.0016   0.0000   0.0010   2.8665   0.0893   0.0494   0.0000
   0.0000   0.0000   0.0005   0.0002   0.0000   0.0018   2.5299   0.0071   0.0000
   0.0000   0.0007   0.0005   0.0007   0.0023   0.0025   0.0177   2.6328   0.0000
   0.0017   0.0000   0.0049   0.0008   0.0000   0.0000   0.0002   0.0001   2.8486
iter, W_der_by_W, change=    2  0.000005  1.6E-06
iter, W_der_by_W, change=    3  0.000007  1.4E-06
iter, W_der_by_W, change=    4  0.000008  1.3E-06
iter, W_der_by_W, change=    5  0.000009  1.2E-06
iter, W_der_by_W, change=    6  0.000010  1.1E-06
iter, W_der_by_W, change=    7  0.000011  1.1E-06
iter, W_der_by_W, change=    8  0.000012  9.9E-07
iter, W_der_by_W, change=    9  0.000013  9.3E-07
iter, W_der_by_W, change=   10  0.000014  8.8E-07
iter, W_der_by_W, change=   20  0.000021  5.2E-07
iter, W_der_by_W, change=   30  0.000025  3.4E-07
iter, W_der_by_W, change=   40  0.000028  2.4E-07
iter, W_der_by_W, change=   50  0.000030  1.7E-07
iter, W_der_by_W, change=   60  0.000031  1.2E-07
iter, W_der_by_W, change=   70  0.000032  8.7E-08
iter, W_der_by_W, change=   80  0.000033  6.4E-08
iter, W_der_by_W, change=   90  0.000033  4.7E-08
iter, W_der_by_W, change=  100  0.000034  3.5E-08
iter, W_der_by_W, change=  200  0.000035  8.4E-10
iter, W_der_by_W, change=  300  0.000035 -8.0E-10
iter, W_der_by_W, change=  400  0.000035 -4.0E-10
iter, W_der_by_W, change=  500  0.000035 -1.5E-10
iter, W_der_by_W, change=  600  0.000035 -4.8E-11
iter, W_der_by_W, change=  700  0.000035 -1.5E-11
iter, W_der_by_W, change=  800  0.000035 -4.5E-12
iter, W_der_by_W, change=  900  0.000035 -1.3E-12
iter, W_der_by_W, change= 1000  0.000035 -3.9E-13
Final iter, W_der_by_W, change= 1294  0.000035 -1.0E-14

PP_FN1=
1053.2259 981.4271 969.7852 989.9851 972.86091019.5638 978.2407 975.30291014.9006
  23.0930  80.3728  22.7500  29.3599  25.2755  22.7854  23.5665  29.4853  22.7695
 120.4123 120.0479 194.7117 128.5929 156.9002 131.4376 174.5375 156.8246 138.1527
  57.5111  72.4864  60.1651 106.2298  58.2758  57.2438  64.1319  69.9306  58.2927
  14.5725  16.0902  18.9283  15.0262  53.8366  15.6599  18.0911  24.0143  15.4949
   9.9183   9.4201  10.2979   9.5858  10.1702  32.0653  14.5017  13.0274   9.8631
   0.1930   0.1976   0.2774   0.2178   0.2383   0.2942   6.3066   0.3752   0.2126
   0.4775   0.6135   0.6184   0.5894   0.7849   0.6556   0.9309   8.4728   0.5092
  15.6245  14.8975  17.1296  15.4481  15.9253  15.6089  16.5882  16.0115  35.2470

gradient_vmc_FD, gradient_vmc= -0.000115 -0.000115
E_L_der =         -0.0893   2.9417   0.2722  -0.9394  -0.4946   1.5605  12.4705  -4.0305   2.1172
E_L_der_increm =  -0.0893   2.9417   0.2722  -0.9394  -0.4946   1.5605  12.4705  -4.0305   2.1172
The above 2 lines should be equal
psiFN1_psiG  =   0.8022   0.0189   0.0996   0.0466   0.0120   0.0078   0.0002   0.0004   0.0124
psiG_increm**2=                 0.8022    0.0189    0.0996    0.0466    0.0120    0.0078    0.0002    0.0004    0.0123
psiG_increm**2 * P_L_increm=    0.8022    0.0189    0.0996    0.0466    0.0120    0.0078    0.0002    0.0004    0.0124
psiG_psiFN_increm=              0.8022    0.0189    0.0996    0.0466    0.0120    0.0078    0.0002    0.0004    0.0124
psiFN_by_psi_increm                   1.0000    1.0004    0.9997    1.0000    0.9994    1.0002    1.0015    0.9988    1.0003
psiFN_by_psi                          1.0000    1.0004    0.9997    1.0000    0.9994    1.0002    1.0015    0.9988    1.0003
psiFN_by_psi_increm                  1.000023661   1.000446527   0.999723163   1.000028906   0.999409919   1.000245202   1.001458536   0.998783185   1.000343458
psiFN_by_psi                         1.000023650   1.000446830   0.999723204   1.000028854   0.999409915   1.000245271   1.001458722   0.998783164   1.000343542
psiFN_by_psi_der=                     0.1114   -3.0302   -0.4142    0.5263    0.0368   -0.6866   -1.8601    0.2109   -0.8426

gradient_FN1_1= -0.000000 -0.000115  0.000000 -0.000000  0.000000 -0.000000 -0.000000  0.000000 -0.000000

gradient_FN1_2= -0.000000  0.000024 -0.000008 -0.000000  0.000000  0.000003  0.000004  0.000001  0.000011

gradient_FN1_3= -0.071631  0.055551  0.027103 -0.043781 -0.005940  0.012181  0.001977 -0.001581  0.026157

E_FN1, E_FN1_increm, gradient_FN1_FD, gradient_FN1= -1.153737 -1.153737 -0.000045 -0.000046

gradient_FN1_FD, gradient_FN1, 1st+2*2nd terms, gradient_FU2000, gradient_FN1_1, gradient_FN1_2, gradient_FN1_3, W_der_by_W= -0.000045 -0.000046 -0.000046 -0.000046 -0.000115  0.000035  0.000035  0.000035

  1  1 gradient_vmc, gradient_vmc_eval_in_dmc, gradient_FN1, gradient_FN1_1+2*gradient_FN1_3, gradient_FN1_1+W_der_by_W+gradient_FN1_3= -0.000115 -0.000115 -0.000046 -0.000046 -0.000046

 1 Ratio: Error replace 2nd by 3rd term  to  Error replace 2nd by W_der_by_W=  0.176696
FN1*G=  0.8022164124  0.0188841483  0.0995763533  0.0466033447  0.0120090731  0.0078056932  0.0001585254  0.0003922715  0.0123541685  0.9999999905
FN1_G=  0.8022164200  0.0188841484  0.0995763543  0.0466033451  0.0120090733  0.0078056933  0.0001585254  0.0003922716  0.0123541686  1.0000000000
test=  0.404335  0.404335
test2=  0.000028 -0.158604 -0.158604  0.000028 -0.158581  0.000051 -0.000000003366
test3=  1.000000  0.375305  1.000000  1.000000  0.137450 -0.000044
------------------------------------------------------------

Data set    2

H=
  -1.0000   0.2078   0.2465  -0.1774   0.1550   0.0818   0.1172   0.0597   0.0351
   0.2078  -0.7500   0.0317   0.1078  -0.1529   0.2204  -0.0884   0.0460  -0.1722
   0.2465   0.0317  -0.5000  -0.0188   0.1205   0.0786   0.1065   0.0542  -0.2134
  -0.1774   0.1078  -0.0188  -0.2500   0.1196   0.2078   0.0252   0.1955   0.1204
   0.1550  -0.1529   0.1205   0.1196   0.0000  -0.1889   0.1373  -0.1491  -0.1836
   0.0818   0.2204   0.0786   0.2078  -0.1889   0.2500   0.0471   0.2473  -0.0761
   0.1172  -0.0884   0.1065   0.0252   0.1373   0.0471   0.5000  -0.0512   0.1073
   0.0597   0.0460   0.0542   0.1955  -0.1491   0.2473  -0.0512   0.7500  -0.1677
   0.0351  -0.1722  -0.2134   0.1204  -0.1836  -0.0761   0.1073  -0.1677   1.0000

eigenval_p,eigenval_h=  1.000000 -1.275242
psi for P    =   0.8174  -0.4330  -0.2248   0.2275  -0.1681  -0.0167  -0.0476  -0.0495  -0.0940

eigenvalues of P=  0.950560  0.956825  0.962966  0.969652  0.974931  0.980377  0.985440  0.989706  1.000000
eigenvalues of H=  1.196769  0.883489  0.576467  0.242178 -0.021770 -0.294090 -0.547235 -0.760567 -1.275242
tau, tau_max= 0.020000 0.404529
P=
   0.9945  -0.0042  -0.0049   0.0035  -0.0031  -0.0016  -0.0023  -0.0012  -0.0007
  -0.0042   0.9895  -0.0006  -0.0022   0.0031  -0.0044   0.0018  -0.0009   0.0034
  -0.0049  -0.0006   0.9845   0.0004  -0.0024  -0.0016  -0.0021  -0.0011   0.0043
   0.0035  -0.0022   0.0004   0.9795  -0.0024  -0.0042  -0.0005  -0.0039  -0.0024
  -0.0031   0.0031  -0.0024  -0.0024   0.9745   0.0038  -0.0027   0.0030   0.0037
  -0.0016  -0.0044  -0.0016  -0.0042   0.0038   0.9695  -0.0009  -0.0049   0.0015
  -0.0023   0.0018  -0.0021  -0.0005  -0.0027  -0.0009   0.9645   0.0010  -0.0021
  -0.0012  -0.0009  -0.0011  -0.0039   0.0030  -0.0049   0.0010   0.9595   0.0034
  -0.0007   0.0034   0.0043  -0.0024   0.0037   0.0015  -0.0021   0.0034   0.9545

sum_P_eig,sum_abs_P_eig,sign_condition_number=  2.078525  2.091526  0.732144

P after making eigenvec +ve =
   0.9945   0.0042   0.0049   0.0035   0.0031   0.0016   0.0023   0.0012   0.0007
   0.0042   0.9895  -0.0006   0.0022   0.0031  -0.0044   0.0018  -0.0009   0.0034
   0.0049  -0.0006   0.9845  -0.0004  -0.0024  -0.0016  -0.0021  -0.0011   0.0043
   0.0035   0.0022  -0.0004   0.9795   0.0024   0.0042   0.0005   0.0039   0.0024
   0.0031   0.0031  -0.0024   0.0024   0.9745   0.0038  -0.0027   0.0030   0.0037
   0.0016  -0.0044  -0.0016   0.0042   0.0038   0.9695  -0.0009  -0.0049   0.0015
   0.0023   0.0018  -0.0021   0.0005  -0.0027  -0.0009   0.9645   0.0010  -0.0021
   0.0012  -0.0009  -0.0011   0.0039   0.0030  -0.0049   0.0010   0.9595   0.0034
   0.0007   0.0034   0.0043   0.0024   0.0037   0.0015  -0.0021   0.0034   0.9545

1+(E_0*1-H) (i.e. P with tau=1) after making eigenvec +ve =
   0.7248  -0.2078  -0.2465  -0.1774  -0.1550  -0.0818  -0.1172  -0.0597  -0.0351
  -0.2078   0.4748   0.0317  -0.1078  -0.1529   0.2204  -0.0884   0.0460  -0.1722
  -0.2465   0.0317   0.2248   0.0188   0.1205   0.0786   0.1065   0.0542  -0.2134
  -0.1774  -0.1078   0.0188  -0.0252  -0.1196  -0.2078  -0.0252  -0.1955  -0.1204
  -0.1550  -0.1529   0.1205  -0.1196  -0.2752  -0.1889   0.1373  -0.1491  -0.1836
  -0.0818   0.2204   0.0786  -0.2078  -0.1889  -0.5252   0.0471   0.2473  -0.0761
  -0.1172  -0.0884   0.1065  -0.0252   0.1373   0.0471  -0.7752  -0.0512   0.1073
  -0.0597   0.0460   0.0542  -0.1955  -0.1491   0.2473  -0.0512  -1.0252  -0.1677
  -0.0351  -0.1722  -0.2134  -0.1204  -0.1836  -0.0761   0.1073  -0.1677  -1.2752
psi0         =   0.8174   0.4330   0.2248   0.2275   0.1681   0.0167   0.0476   0.0495   0.0940
psiG         =   0.8174   0.4329   0.2249   0.2275   0.1680   0.0167   0.0476   0.0495   0.0940
1-overlap_G  =   0.0000

E_G= -1.275242

H_imp=
  -1.0000  -0.3923  -0.8961  -0.6374  -0.7543  -3.9942  -2.0144  -0.9862  -0.3056
  -0.1101  -0.7500   0.0610  -0.2052  -0.3941   5.7034  -0.8048   0.4029  -0.7932
  -0.0678   0.0165  -0.5000   0.0186   0.1613   1.0560   0.5035   0.2466  -0.5107
  -0.0494  -0.0567   0.0190  -0.2500  -0.1619  -2.8251  -0.1205  -0.8993  -0.2914
  -0.0319  -0.0593   0.0900  -0.0883   0.0000  -1.8966   0.4850  -0.5066  -0.3283
  -0.0017   0.0085   0.0058  -0.0153  -0.0188   0.2500   0.0166   0.0837  -0.0136
  -0.0068  -0.0097   0.0225  -0.0053   0.0389   0.1338   0.5000  -0.0492   0.0543
  -0.0036   0.0053   0.0119  -0.0425  -0.0439   0.7309  -0.0532   0.7500  -0.0882
  -0.0040  -0.0374  -0.0892  -0.0497  -0.1027  -0.4275   0.2119  -0.3186   1.0000

P_imp=
   0.9945   0.0078   0.0179   0.0127   0.0151   0.0799   0.0403   0.0197   0.0061
   0.0022   0.9895  -0.0012   0.0041   0.0079  -0.1141   0.0161  -0.0081   0.0159
   0.0014  -0.0003   0.9845  -0.0004  -0.0032  -0.0211  -0.0101  -0.0049   0.0102
   0.0010   0.0011  -0.0004   0.9795   0.0032   0.0565   0.0024   0.0180   0.0058
   0.0006   0.0012  -0.0018   0.0018   0.9745   0.0379  -0.0097   0.0101   0.0066
   0.0000  -0.0002  -0.0001   0.0003   0.0004   0.9695  -0.0003  -0.0017   0.0003
   0.0001   0.0002  -0.0005   0.0001  -0.0008  -0.0027   0.9645   0.0010  -0.0011
   0.0001  -0.0001  -0.0002   0.0009   0.0009  -0.0146   0.0011   0.9595   0.0018
   0.0001   0.0007   0.0018   0.0010   0.0021   0.0086  -0.0042   0.0064   0.9545
tau_av_expon_proj    = 3.633113 1.707520 0.836455 0.941367 0.596680 0.059639 0.237530 0.286280 0.419246
tau_av_expon_proj_new= 3.633167 1.903884 1.289920 0.975379 0.784165 0.655634 0.563303 0.493768 0.439514
factor=                1.000015 1.108645 1.421261 1.035486 1.270091 2.481928 1.783051 1.522286 1.047193
factor2=                 1.0000   1.1150   1.5421   1.0361   1.3142  10.9933   2.3715   1.7248   1.0483

eigenvalues of P_imp=  0.950560  0.956825  0.962966  0.969652  0.974931  0.980377  0.985440  0.989706  1.000000
eigenvalues of H_imp=  1.196769  0.883489  0.576467  0.242178 -0.021770 -0.294090 -0.547235 -0.760567 -1.275242

eigenval_p,eigenval_h=  1.000000 -1.275242
psi0_psiG    =   0.6682   0.1874   0.0506   0.0517   0.0282   0.0003   0.0023   0.0024   0.0088

imp-sampled: sum_P_eig,sum_abs_P_eig,sign_condition_number=  1.000000  1.001203  0.941673

P_FN1=
   0.9945   0.0078   0.0179   0.0127   0.0151   0.0799   0.0403   0.0197   0.0061
   0.0022   0.9889   0.0000   0.0041   0.0079   0.0000   0.0161   0.0000   0.0159
   0.0014   0.0000   0.9803   0.0000   0.0000   0.0000   0.0000   0.0000   0.0102
   0.0010   0.0011   0.0000   0.9791   0.0032   0.0565   0.0024   0.0180   0.0058
   0.0006   0.0012   0.0000   0.0018   0.9705   0.0379   0.0000   0.0101   0.0066
   0.0000   0.0000   0.0000   0.0003   0.0004   0.8170   0.0000   0.0000   0.0003
   0.0001   0.0002   0.0000   0.0001   0.0000   0.0000   0.9402   0.0010   0.0000
   0.0001   0.0000   0.0000   0.0009   0.0009   0.0000   0.0011   0.9448   0.0018
   0.0001   0.0007   0.0018   0.0010   0.0021   0.0086   0.0000   0.0064   0.9534

eigenvalues of P_FN1=  0.816790  0.939739  0.943511  0.952402  0.970072  0.978690  0.979868  0.987628  1.000000
eigenvalues of H_FN1=  7.885267  1.737826  1.549192  1.104652  0.221153 -0.209764 -0.268628 -0.656655 -1.275242

eigenval_p,eigenval_h=  1.000000 -1.275242
psiFN1_psiG =    0.6682   0.1874   0.0506   0.0517   0.0282   0.0003   0.0023   0.0024   0.0088
psiFN1      =    0.8174   0.4329   0.2248   0.2275   0.1680   0.0167   0.0476   0.0495   0.0940

E_0, E_G, E_FN1, E_G-E_0, E_FN1-E_0, rms fluctuation of E_L  -1.27524  -1.27524  -1.27524   0.00000   0.00000   0.00021
E_L     =  -1.2752  -1.2752  -1.2750  -1.2752  -1.2756  -1.2693  -1.2761  -1.2767  -1.2766
P_L     =   1.0000   1.0000   1.0000   1.0000   1.0000   0.9999   1.0000   1.0000   1.0000
P_abs_L =   1.0000   1.0006   1.0042   1.0004   1.0040   1.1524   1.0244   1.0147   1.0011

P_propos=
   0.9945   0.0078   0.0178   0.0127   0.0150   0.0693   0.0393   0.0194   0.0061
   0.0022   0.9889   0.0000   0.0041   0.0079   0.0000   0.0157   0.0000   0.0158
   0.0014   0.0000   0.9804   0.0000   0.0000   0.0000   0.0000   0.0000   0.0102
   0.0010   0.0011   0.0000   0.9791   0.0032   0.0490   0.0024   0.0177   0.0058
   0.0006   0.0012   0.0000   0.0018   0.9706   0.0329   0.0000   0.0100   0.0066
   0.0000   0.0000   0.0000   0.0003   0.0004   0.8413   0.0000   0.0000   0.0003
   0.0001   0.0002   0.0000   0.0001   0.0000   0.0000   0.9416   0.0010   0.0000
   0.0001   0.0000   0.0000   0.0008   0.0009   0.0000   0.0010   0.9456   0.0018
   0.0001   0.0007   0.0018   0.0010   0.0020   0.0074   0.0000   0.0063   0.9534
sum P_propos  1.000000  1.000000  1.000000  1.000000  1.000000  1.000000  1.000000  1.000000  1.000000
E_FN1= -1.275242 -1.275242
psiG**2=         0.6682   0.1874   0.0506   0.0517   0.0282   0.0003   0.0023   0.0024   0.0088
psiG**2 * P_L=   0.6682   0.1874   0.0506   0.0517   0.0282   0.0003   0.0023   0.0024   0.0088
psiG_psiFN=      0.6682   0.1874   0.0506   0.0517   0.0282   0.0003   0.0023   0.0024   0.0088
P_L=             1.0000   1.0000   1.0000   1.0000   1.0000   0.9999   1.0000   1.0000   1.0000
psiFN_by_psi=          1.0000   1.0000   0.9998   1.0000   1.0003   0.9994   1.0003   1.0007   1.0006

P_markov=
   0.9945   0.0078   0.0178   0.0127   0.0150   0.0693   0.0393   0.0194   0.0061
   0.0022   0.9889   0.0000   0.0041   0.0079   0.0000   0.0157   0.0000   0.0158
   0.0014   0.0000   0.9804   0.0000   0.0000   0.0000   0.0000   0.0000   0.0102
   0.0010   0.0011   0.0000   0.9792   0.0032   0.0490   0.0024   0.0177   0.0058
   0.0006   0.0012   0.0000   0.0018   0.9707   0.0329   0.0000   0.0100   0.0065
   0.0000   0.0000   0.0000   0.0003   0.0003   0.8413   0.0000   0.0000   0.0002
   0.0001   0.0002   0.0000   0.0001   0.0000   0.0000   0.9416   0.0010   0.0000
   0.0001   0.0000   0.0000   0.0008   0.0009   0.0000   0.0010   0.9456   0.0017
   0.0001   0.0007   0.0018   0.0010   0.0020   0.0074   0.0000   0.0063   0.9535

eigenvalues of P_markov=  0.841114  0.941109  0.944302  0.952581  0.970229  0.978761  0.979937  0.987648  1.000000
eigenvalues of H_markov=  6.669080  1.669289  1.509655  1.095705  0.213320 -0.213309 -0.272069 -0.657660 -1.275242

eigenval_p,eigenval_h=  1.000000 -1.275242
psi for P_mar=   0.6682   0.1874   0.0506   0.0517   0.0282   0.0003   0.0023   0.0024   0.0088
psiG**2      =   0.6682   0.1874   0.0506   0.0517   0.0282   0.0003   0.0023   0.0024   0.0088
Above 2 lines should be equal since Markov matrix has dominant state psiG**2
The exception to this occurs when there is no sign problem, but some components of psiG have the wrong sign, in which case one has 2 decoupled spaces with degenerate dominant eigenvalues

P_FN3=
   0.9945   0.0078   0.0178   0.0127   0.0150   0.0693   0.0393   0.0194   0.0061
   0.0022   0.9889   0.0000   0.0041   0.0079   0.0000   0.0157   0.0000   0.0158
   0.0014   0.0000   0.9804   0.0000   0.0000   0.0000   0.0000   0.0000   0.0102
   0.0010   0.0011   0.0000   0.9792   0.0032   0.0490   0.0024   0.0177   0.0058
   0.0006   0.0012   0.0000   0.0018   0.9707   0.0329   0.0000   0.0100   0.0065
   0.0000   0.0000   0.0000   0.0003   0.0003   0.8412   0.0000   0.0000   0.0002
   0.0001   0.0002   0.0000   0.0001   0.0000   0.0000   0.9416   0.0010   0.0000
   0.0001   0.0000   0.0000   0.0008   0.0009   0.0000   0.0010   0.9456   0.0017
   0.0001   0.0007   0.0018   0.0010   0.0020   0.0074   0.0000   0.0063   0.9536
E_FN3= -1.275242 -1.275242

eigenvalues of P_FN3=  0.841013  0.941126  0.944328  0.952606  0.970236  0.978760  0.979934  0.987647  1.000000
eigenvalues of H_FN3=  6.674107  1.668453  1.508364  1.094474  0.212959 -0.213237 -0.271927 -0.657606 -1.275242

eigenval_p,eigenval_h=  1.000000 -1.275242
psiFN3_psiG  =   0.6682   0.1874   0.0506   0.0517   0.0282   0.0003   0.0023   0.0024   0.0088
psiFN3      =    0.8174   0.4329   0.2248   0.2275   0.1680   0.0167   0.0476   0.0495   0.0940

P_FN4=
   0.9945   0.0078   0.0178   0.0127   0.0150   0.0693   0.0393   0.0194   0.0061
   0.0022   0.9889   0.0000   0.0041   0.0079   0.0000   0.0157   0.0000   0.0158
   0.0014   0.0000   0.9804   0.0000   0.0000   0.0000   0.0000   0.0000   0.0102
   0.0010   0.0011   0.0000   0.9791   0.0032   0.0490   0.0024   0.0177   0.0058
   0.0006   0.0012   0.0000   0.0018   0.9706   0.0329   0.0000   0.0100   0.0066
   0.0000   0.0000   0.0000   0.0003   0.0004   0.8412   0.0000   0.0000   0.0003
   0.0001   0.0002   0.0000   0.0001   0.0000   0.0000   0.9416   0.0010   0.0000
   0.0001   0.0000   0.0000   0.0008   0.0009   0.0000   0.0010   0.9456   0.0018
   0.0001   0.0007   0.0018   0.0010   0.0020   0.0074   0.0000   0.0063   0.9535
E_FN4= -1.275242 -1.275242

eigenvalues of P_FN4=  0.840983  0.941117  0.944295  0.952515  0.970183  0.978734  0.979917  0.987638  1.000000
eigenvalues of H_FN4=  6.675588  1.668892  1.509997  1.098995  0.215618 -0.211962 -0.271087 -0.657128 -1.275242

eigenval_p,eigenval_h=  1.000000 -1.275242
psiFN4_psiG  =   0.6678   0.1874   0.0507   0.0517   0.0283   0.0003   0.0023   0.0025   0.0088
psiFN4      =    0.8169   0.4329   0.2257   0.2274   0.1686   0.0193   0.0487   0.0502   0.0941
FN5: sum_pos  0.000000
FN5: sum_pos  0.030234
FN5: sum_pos  0.210268
FN5: sum_pos  0.018565
FN5: sum_pos  0.200153
FN5: sum_pos  7.624127
FN5: sum_pos  1.216955
FN5: sum_pos  0.733197
FN5: sum_pos  0.054301

P_FN5=
   0.9945   0.0078   0.0179   0.0127   0.0151   0.0799   0.0403   0.0197   0.0061
   0.0022   0.9889   0.0000   0.0041   0.0079   0.0000   0.0161   0.0000   0.0159
   0.0014   0.0000   0.9803   0.0000   0.0000   0.0000   0.0000   0.0000   0.0102
   0.0010   0.0011   0.0000   0.9791   0.0032   0.0565   0.0024   0.0180   0.0058
   0.0006   0.0012   0.0000   0.0018   0.9705   0.0379   0.0000   0.0101   0.0066
   0.0000   0.0000   0.0000   0.0003   0.0004   0.8179   0.0000   0.0000   0.0003
   0.0001   0.0002   0.0000   0.0001   0.0000   0.0000   0.9402   0.0010   0.0000
   0.0001   0.0000   0.0000   0.0009   0.0009   0.0000   0.0011   0.9448   0.0018
   0.0001   0.0007   0.0018   0.0010   0.0021   0.0086   0.0000   0.0064   0.9534
E_FN5= -1.275261 -1.275242

eigenvalues of P_FN5=  0.817706  0.939750  0.943520  0.952407  0.970073  0.978691  0.979868  0.987628  1.000000
eigenvalues of H_FN5=  7.839477  1.737237  1.548763  1.104427  0.221100 -0.209797 -0.268660 -0.656657 -1.275261

eigenval_p,eigenval_h=  1.000000 -1.275261
psiFN5_psiG  =   0.6682   0.1874   0.0506   0.0517   0.0282   0.0003   0.0023   0.0024   0.0088
psiFN5      =    0.8174   0.4329   0.2248   0.2275   0.1681   0.0168   0.0476   0.0495   0.0940

E_G, E_FN1, E_FN3, E_FN4, E_0, recover_FN1, recover_FN3, recover_FN4, 1-ovlp_FN1, 1-ovlp_FN3, 1-ovlp_FN4, sign_cond_num= -1.275242 -1.275242 -1.275242 -1.275242 -1.275242 0.674 0.652-5.515 2.E-09 2.E-09 5.E-06 0.942

P_propos2=
   0.9945   0.0078   0.0179   0.0127   0.0151   0.0799   0.0403   0.0197   0.0061
   0.0022   0.9889   0.0000   0.0041   0.0079   0.0000   0.0161   0.0000   0.0159
   0.0014   0.0000   0.9803   0.0000   0.0000   0.0000   0.0000   0.0000   0.0102
   0.0010   0.0011   0.0000   0.9791   0.0032   0.0565   0.0024   0.0180   0.0058
   0.0006   0.0012   0.0000   0.0018   0.9705   0.0379   0.0000   0.0101   0.0066
   0.0000   0.0000   0.0000   0.0003   0.0004   0.8171   0.0000   0.0000   0.0003
   0.0001   0.0002   0.0000   0.0001   0.0000   0.0000   0.9401   0.0010   0.0000
   0.0001   0.0000   0.0000   0.0009   0.0009   0.0000   0.0011   0.9448   0.0018
   0.0001   0.0007   0.0018   0.0010   0.0021   0.0086   0.0000   0.0064   0.9534

eigenvalues of P_FN1_propos=  0.816887  0.939722  0.943485  0.952378  0.970065  0.978692  0.979871  0.987629  1.000000
psi for P_FN1_propos=   0.6682   0.1874   0.0506   0.0517   0.0282   0.0003   0.0023   0.0024   0.0088
psiG**2 * P_L       =   0.6682   0.1874   0.0506   0.0517   0.0282   0.0003   0.0023   0.0024   0.0088
Above 2 lines should be equal since proposal part of P_FN1 has dominant state psiG**2 * P_L
The exception to this occurs when there is no sign problem, but some components of psiG have the wrong sign, in which case one has 2 decoupled spaces with degenerate dominant eigenvalues

P_L=              1.0000   1.0000   1.0000   1.0000   1.0000   0.9999   1.0000   1.0000   1.0000
P_L_der=          0.0051  -0.0243  -0.0028   0.0095   0.0182  -0.2635   0.0372  -0.0186   0.0366
P_L_der_by_P_L=   0.0051  -0.0243  -0.0028   0.0095   0.0182  -0.2635   0.0372  -0.0186   0.0366

