Input hamiltonian
hamiltonian=random                                                                          
Input ndim, E_T, tau
ndim, E_T, tau=    9-20.000000 0.000020
Input fraction_positive, off_diag_mag, psiG_noise
fraction_positive, off_diag_mag,psiG_noise= 1.000000 0.500000 0.200000
psiG_correct_sign
psiG_correct_sign= F
Input irand_seed
irand_seed=1425565376542456

Data set    1

H=
  -1.0000  -0.1700  -0.1099  -0.4196  -0.1870  -0.0711  -0.2866  -0.3428  -0.4790
  -0.1700  -0.7500  -0.1641  -0.0472  -0.3042  -0.1121  -0.0931  -0.3299  -0.4853
  -0.1099  -0.1641  -0.5000  -0.1335  -0.4961  -0.3461  -0.4734  -0.3902  -0.0130
  -0.4196  -0.0472  -0.1335  -0.2500  -0.3211  -0.4726  -0.2046  -0.1250  -0.2763
  -0.1870  -0.3042  -0.4961  -0.3211   0.0000  -0.2710  -0.1125  -0.4732  -0.2893
  -0.0711  -0.1121  -0.3461  -0.4726  -0.2710   0.2500  -0.4776  -0.4455  -0.3272
  -0.2866  -0.0931  -0.4734  -0.2046  -0.1125  -0.4776   0.5000  -0.4575  -0.3775
  -0.3428  -0.3299  -0.3902  -0.1250  -0.4732  -0.4455  -0.4575   0.7500  -0.3025
  -0.4790  -0.4853  -0.0130  -0.2763  -0.2893  -0.3272  -0.3775  -0.3025   1.0000

eigenval_p,eigenval_h=  1.000000 -2.370229
psi for P    =   0.4562   0.3342   0.3623   0.3185   0.3385   0.3031   0.2851   0.3050   0.2583

eigenvalues of P=  0.999925  0.999928  0.999934  0.999945  0.999948  0.999956  0.999966  0.999970  1.000000
eigenvalues of H=  1.384192  1.207773  0.918559  0.373842  0.224625 -0.190092 -0.680871 -0.867801 -2.370229
tau, tau_max= 0.000020 0.266353
P=
   1.0000   0.0000   0.0000   0.0000   0.0000   0.0000   0.0000   0.0000   0.0000
   0.0000   1.0000   0.0000   0.0000   0.0000   0.0000   0.0000   0.0000   0.0000
   0.0000   0.0000   1.0000   0.0000   0.0000   0.0000   0.0000   0.0000   0.0000
   0.0000   0.0000   0.0000   1.0000   0.0000   0.0000   0.0000   0.0000   0.0000
   0.0000   0.0000   0.0000   0.0000   1.0000   0.0000   0.0000   0.0000   0.0000
   0.0000   0.0000   0.0000   0.0000   0.0000   0.9999   0.0000   0.0000   0.0000
   0.0000   0.0000   0.0000   0.0000   0.0000   0.0000   0.9999   0.0000   0.0000
   0.0000   0.0000   0.0000   0.0000   0.0000   0.0000   0.0000   0.9999   0.0000
   0.0000   0.0000   0.0000   0.0000   0.0000   0.0000   0.0000   0.0000   0.9999

sum_P_eig,sum_abs_P_eig,sign_condition_number=  2.961211  2.961211  1.000000

P after making eigenvec +ve =
   1.0000   0.0000   0.0000   0.0000   0.0000   0.0000   0.0000   0.0000   0.0000
   0.0000   1.0000   0.0000   0.0000   0.0000   0.0000   0.0000   0.0000   0.0000
   0.0000   0.0000   1.0000   0.0000   0.0000   0.0000   0.0000   0.0000   0.0000
   0.0000   0.0000   0.0000   1.0000   0.0000   0.0000   0.0000   0.0000   0.0000
   0.0000   0.0000   0.0000   0.0000   1.0000   0.0000   0.0000   0.0000   0.0000
   0.0000   0.0000   0.0000   0.0000   0.0000   0.9999   0.0000   0.0000   0.0000
   0.0000   0.0000   0.0000   0.0000   0.0000   0.0000   0.9999   0.0000   0.0000
   0.0000   0.0000   0.0000   0.0000   0.0000   0.0000   0.0000   0.9999   0.0000
   0.0000   0.0000   0.0000   0.0000   0.0000   0.0000   0.0000   0.0000   0.9999

1+(E_0*1-H) (i.e. P with tau=1) after making eigenvec +ve =
  -0.3702  -0.1700  -0.1099  -0.4196  -0.1870  -0.0711  -0.2866  -0.3428  -0.4790
  -0.1700  -0.6202  -0.1641  -0.0472  -0.3042  -0.1121  -0.0931  -0.3299  -0.4853
  -0.1099  -0.1641  -0.8702  -0.1335  -0.4961  -0.3461  -0.4734  -0.3902  -0.0130
  -0.4196  -0.0472  -0.1335  -1.1202  -0.3211  -0.4726  -0.2046  -0.1250  -0.2763
  -0.1870  -0.3042  -0.4961  -0.3211  -1.3702  -0.2710  -0.1125  -0.4732  -0.2893
  -0.0711  -0.1121  -0.3461  -0.4726  -0.2710  -1.6202  -0.4776  -0.4455  -0.3272
  -0.2866  -0.0931  -0.4734  -0.2046  -0.1125  -0.4776  -1.8702  -0.4575  -0.3775
  -0.3428  -0.3299  -0.3902  -0.1250  -0.4732  -0.4455  -0.4575  -2.1202  -0.3025
  -0.4790  -0.4853  -0.0130  -0.2763  -0.2893  -0.3272  -0.3775  -0.3025  -2.3702
psi0         =   0.4562   0.3342   0.3623   0.3185   0.3385   0.3031   0.2851   0.3050   0.2583
psiG         =   0.3736   0.2399   0.4543   0.2985   0.4356   0.2757   0.2067   0.3878   0.2203

E_G= -2.258279

H_imp=
  -1.0000  -0.2648  -0.0904  -0.5251  -0.1603  -0.0963  -0.5180  -0.3302  -0.8122
  -0.1092  -0.7500  -0.0867  -0.0379  -0.1675  -0.0976  -0.1081  -0.2041  -0.5285
  -0.1336  -0.3107  -0.5000  -0.2031  -0.5173  -0.5703  -1.0406  -0.4571  -0.0268
  -0.3353  -0.0587  -0.0877  -0.2500  -0.2200  -0.5118  -0.2956  -0.0962  -0.3745
  -0.2181  -0.5524  -0.4758  -0.4685   0.0000  -0.4283  -0.2371  -0.5315  -0.5721
  -0.0524  -0.1289  -0.2100  -0.4365  -0.1715   0.2500  -0.6371  -0.3167  -0.4095
  -0.1585  -0.0802  -0.2154  -0.1416  -0.0534  -0.3580   0.5000  -0.2438  -0.3541
  -0.3559  -0.5333  -0.3331  -0.1624  -0.4212  -0.6267  -0.8585   0.7500  -0.5326
  -0.2824  -0.4456  -0.0063  -0.2039  -0.1463  -0.2615  -0.4025  -0.1719   1.0000

P_imp=
   1.0000   0.0000   0.0000   0.0000   0.0000   0.0000   0.0000   0.0000   0.0000
   0.0000   1.0000   0.0000   0.0000   0.0000   0.0000   0.0000   0.0000   0.0000
   0.0000   0.0000   1.0000   0.0000   0.0000   0.0000   0.0000   0.0000   0.0000
   0.0000   0.0000   0.0000   1.0000   0.0000   0.0000   0.0000   0.0000   0.0000
   0.0000   0.0000   0.0000   0.0000   1.0000   0.0000   0.0000   0.0000   0.0000
   0.0000   0.0000   0.0000   0.0000   0.0000   0.9999   0.0000   0.0000   0.0000
   0.0000   0.0000   0.0000   0.0000   0.0000   0.0000   0.9999   0.0000   0.0000
   0.0000   0.0000   0.0000   0.0000   0.0000   0.0000   0.0000   0.9999   0.0000
   0.0000   0.0000   0.0000   0.0000   0.0000   0.0000   0.0000   0.0000   0.9999
tau_av_expon_proj    = 0.607732 0.421123 0.664283 0.458902 0.538319 0.338930 0.244050 0.425269 0.276980
tau_av_expon_proj_new= 0.729805 0.617197 0.534694 0.471647 0.421900 0.381646 0.348404 0.320489 0.296716
factor=                1.182071 1.373943 0.784774 1.027391 0.758859 1.118429 1.349214 0.721130 1.068776
factor2=                 1.2009   1.4656   0.8049   1.0278   0.7837   1.1260   1.4276   0.7536   1.0713

eigenvalues of P_imp=  0.999925  0.999928  0.999934  0.999945  0.999948  0.999956  0.999966  0.999970  1.000000
eigenvalues of H_imp=  1.384192  1.207773  0.918559  0.373842  0.224625 -0.190092 -0.680871 -0.867801 -2.370229

eigenval_p,eigenval_h=  1.000000 -2.370229
psi0_psiG    =   0.1747   0.0822   0.1687   0.0975   0.1512   0.0857   0.0604   0.1213   0.0583

imp-sampled: sum_P_eig,sum_abs_P_eig,sign_condition_number=  1.000000  1.000000  1.000000

P_FN1=
   1.0000   0.0000   0.0000   0.0000   0.0000   0.0000   0.0000   0.0000   0.0000
   0.0000   1.0000   0.0000   0.0000   0.0000   0.0000   0.0000   0.0000   0.0000
   0.0000   0.0000   1.0000   0.0000   0.0000   0.0000   0.0000   0.0000   0.0000
   0.0000   0.0000   0.0000   1.0000   0.0000   0.0000   0.0000   0.0000   0.0000
   0.0000   0.0000   0.0000   0.0000   1.0000   0.0000   0.0000   0.0000   0.0000
   0.0000   0.0000   0.0000   0.0000   0.0000   0.9999   0.0000   0.0000   0.0000
   0.0000   0.0000   0.0000   0.0000   0.0000   0.0000   0.9999   0.0000   0.0000
   0.0000   0.0000   0.0000   0.0000   0.0000   0.0000   0.0000   0.9999   0.0000
   0.0000   0.0000   0.0000   0.0000   0.0000   0.0000   0.0000   0.0000   0.9999

eigenvalues of P_FN1=  0.999925  0.999928  0.999934  0.999945  0.999948  0.999956  0.999966  0.999970  1.000000
eigenvalues of H_FN1=  1.384192  1.207773  0.918559  0.373842  0.224625 -0.190092 -0.680871 -0.867801 -2.370229

eigenval_p,eigenval_h=  1.000000 -2.370229
psiFN1_psiG =    0.1747   0.0822   0.1687   0.0975   0.1512   0.0857   0.0604   0.1213   0.0583

E_0, E_G, E_FN1, E_G-E_0, E_FN1-E_0, rms fluctuation of E_L  -2.37023  -2.25828  -2.37023   0.11195   0.00000   0.54580
E_L     =  -2.6455  -3.1246  -2.0054  -2.4291  -1.8576  -2.7005  -3.5975  -1.6015  -2.6104
P_L     =   1.0000   1.0000   1.0000   1.0000   1.0000   1.0000   1.0000   1.0000   1.0000
P_abs_L =   1.0000   1.0000   1.0000   1.0000   1.0000   1.0000   1.0000   1.0000   1.0000

P_propos=
   1.0000   0.0000   0.0000   0.0000   0.0000   0.0000   0.0000   0.0000   0.0000
   0.0000   1.0000   0.0000   0.0000   0.0000   0.0000   0.0000   0.0000   0.0000
   0.0000   0.0000   1.0000   0.0000   0.0000   0.0000   0.0000   0.0000   0.0000
   0.0000   0.0000   0.0000   1.0000   0.0000   0.0000   0.0000   0.0000   0.0000
   0.0000   0.0000   0.0000   0.0000   1.0000   0.0000   0.0000   0.0000   0.0000
   0.0000   0.0000   0.0000   0.0000   0.0000   0.9999   0.0000   0.0000   0.0000
   0.0000   0.0000   0.0000   0.0000   0.0000   0.0000   0.9999   0.0000   0.0000
   0.0000   0.0000   0.0000   0.0000   0.0000   0.0000   0.0000   1.0000   0.0000
   0.0000   0.0000   0.0000   0.0000   0.0000   0.0000   0.0000   0.0000   0.9999
sum P_propos  1.000000  1.000000  1.000000  1.000000  1.000000  1.000000  1.000000  1.000000  1.000000
E_FN1= -2.370229 -2.370229
psiG**2=         0.1396   0.0576   0.2064   0.0891   0.1898   0.0760   0.0427   0.1504   0.0485
psiG**2 * P_L=   0.1396   0.0576   0.2063   0.0891   0.1898   0.0760   0.0427   0.1504   0.0485
psiFN_psiG=      0.1747   0.0822   0.1687   0.0975   0.1512   0.0857   0.0604   0.1213   0.0583
P_L=             1.0000   1.0000   1.0000   1.0000   1.0000   1.0000   1.0000   1.0000   1.0000
W_prod=          1.2520   1.4283   0.8178   1.0939   0.7966   1.1271   1.4146   0.8063   1.2020

P_markov=
   1.0000   0.0000   0.0000   0.0000   0.0000   0.0000   0.0000   0.0000   0.0000
   0.0000   1.0000   0.0000   0.0000   0.0000   0.0000   0.0000   0.0000   0.0000
   0.0000   0.0000   1.0000   0.0000   0.0000   0.0000   0.0000   0.0000   0.0000
   0.0000   0.0000   0.0000   1.0000   0.0000   0.0000   0.0000   0.0000   0.0000
   0.0000   0.0000   0.0000   0.0000   1.0000   0.0000   0.0000   0.0000   0.0000
   0.0000   0.0000   0.0000   0.0000   0.0000   0.9999   0.0000   0.0000   0.0000
   0.0000   0.0000   0.0000   0.0000   0.0000   0.0000   0.9999   0.0000   0.0000
   0.0000   0.0000   0.0000   0.0000   0.0000   0.0000   0.0000   1.0000   0.0000
   0.0000   0.0000   0.0000   0.0000   0.0000   0.0000   0.0000   0.0000   0.9999

eigenvalues of P_markov=  0.999911  0.999922  0.999934  0.999947  0.999951  0.999955  0.999958  0.999970  1.000000
eigenvalues of H_markov=  2.073058  1.520387  0.912154  0.282702  0.083370 -0.140332 -0.273044 -0.848342 -2.370229

eigenval_p,eigenval_h=  1.000000 -2.370229
psi for P_mar=   0.1396   0.0576   0.2064   0.0891   0.1898   0.0760   0.0427   0.1504   0.0485
psiG**2      =   0.1396   0.0576   0.2064   0.0891   0.1898   0.0760   0.0427   0.1504   0.0485
Above 2 lines should be equal since Markov matrix has dominant state psiG**2
The exception to this occurs when there is no sign problem, but some components of psiG have the wrong sign, in which case one has 2 decoupled spaces with degenerate dominant eigenvalues

P_FN3=
   1.0000   0.0000   0.0000   0.0000   0.0000   0.0000   0.0000   0.0000   0.0000
   0.0000   1.0000   0.0000   0.0000   0.0000   0.0000   0.0000   0.0000   0.0000
   0.0000   0.0000   1.0000   0.0000   0.0000   0.0000   0.0000   0.0000   0.0000
   0.0000   0.0000   0.0000   1.0000   0.0000   0.0000   0.0000   0.0000   0.0000
   0.0000   0.0000   0.0000   0.0000   1.0000   0.0000   0.0000   0.0000   0.0000
   0.0000   0.0000   0.0000   0.0000   0.0000   0.9999   0.0000   0.0000   0.0000
   0.0000   0.0000   0.0000   0.0000   0.0000   0.0000   0.9999   0.0000   0.0000
   0.0000   0.0000   0.0000   0.0000   0.0000   0.0000   0.0000   0.9999   0.0000
   0.0000   0.0000   0.0000   0.0000   0.0000   0.0000   0.0000   0.0000   0.9999
E_FN3= -2.370224 -2.370227

eigenvalues of P_FN3=  0.999925  0.999928  0.999934  0.999945  0.999948  0.999956  0.999966  0.999970  1.000000
eigenvalues of H_FN3=  1.384176  1.207733  0.918551  0.373825  0.224614 -0.190102 -0.680874 -0.867808 -2.370224

eigenval_p,eigenval_h=  1.000000 -2.370224
psiFN3_psiG  =   0.1747   0.0822   0.1687   0.0975   0.1512   0.0857   0.0604   0.1213   0.0583

P_FN4=
   1.0000   0.0000   0.0000   0.0000   0.0000   0.0000   0.0000   0.0000   0.0000
   0.0000   1.0000   0.0000   0.0000   0.0000   0.0000   0.0000   0.0000   0.0000
   0.0000   0.0000   1.0000   0.0000   0.0000   0.0000   0.0000   0.0000   0.0000
   0.0000   0.0000   0.0000   1.0000   0.0000   0.0000   0.0000   0.0000   0.0000
   0.0000   0.0000   0.0000   0.0000   1.0000   0.0000   0.0000   0.0000   0.0000
   0.0000   0.0000   0.0000   0.0000   0.0000   0.9999   0.0000   0.0000   0.0000
   0.0000   0.0000   0.0000   0.0000   0.0000   0.0000   0.9999   0.0000   0.0000
   0.0000   0.0000   0.0000   0.0000   0.0000   0.0000   0.0000   0.9999   0.0000
   0.0000   0.0000   0.0000   0.0000   0.0000   0.0000   0.0000   0.0000   0.9999
E_FN4= -2.370229 -2.370229

eigenvalues of P_FN4=  0.999925  0.999928  0.999934  0.999945  0.999948  0.999956  0.999966  0.999970  1.000000
eigenvalues of H_FN4=  1.384192  1.207773  0.918559  0.373842  0.224625 -0.190092 -0.680871 -0.867801 -2.370229

eigenval_p,eigenval_h=  1.000000 -2.370229
psiFN4_psiG  =   0.1747   0.0822   0.1687   0.0975   0.1512   0.0857   0.0604   0.1213   0.0583

P_FN5=
   1.0000   0.0000   0.0000   0.0000   0.0000   0.0000   0.0000   0.0000   0.0000
   0.0000   1.0000   0.0000   0.0000   0.0000   0.0000   0.0000   0.0000   0.0000
   0.0000   0.0000   1.0000   0.0000   0.0000   0.0000   0.0000   0.0000   0.0000
   0.0000   0.0000   0.0000   1.0000   0.0000   0.0000   0.0000   0.0000   0.0000
   0.0000   0.0000   0.0000   0.0000   1.0000   0.0000   0.0000   0.0000   0.0000
   0.0000   0.0000   0.0000   0.0000   0.0000   0.9999   0.0000   0.0000   0.0000
   0.0000   0.0000   0.0000   0.0000   0.0000   0.0000   0.9999   0.0000   0.0000
   0.0000   0.0000   0.0000   0.0000   0.0000   0.0000   0.0000   0.9999   0.0000
   0.0000   0.0000   0.0000   0.0000   0.0000   0.0000   0.0000   0.0000   0.9999
E_FN5= -2.370229 -2.370229

eigenvalues of P_FN5=  0.999925  0.999928  0.999934  0.999945  0.999948  0.999956  0.999966  0.999970  1.000000
eigenvalues of H_FN5=  1.384192  1.207773  0.918559  0.373842  0.224625 -0.190092 -0.680871 -0.867801 -2.370229

eigenval_p,eigenval_h=  1.000000 -2.370229
psiFN5_psiG  =   0.1747   0.0822   0.1687   0.0975   0.1512   0.0857   0.0604   0.1213   0.0583

E_G, E_FN1, E_FN3, E_FN4, E_0, recover_FN1, recover_FN3, recover_FN4, 1-ovlp_FN1, 1-ovlp_FN3, 1-ovlp_FN4, sign_cond_num= -2.258279 -2.370229 -2.370224 -2.370229 -2.370229 1.000 1.000 1.000 0.E+00 4.E-12-2.E-16 1.000

P_propos2=
   1.0000   0.0000   0.0000   0.0000   0.0000   0.0000   0.0000   0.0000   0.0000
   0.0000   1.0000   0.0000   0.0000   0.0000   0.0000   0.0000   0.0000   0.0000
   0.0000   0.0000   1.0000   0.0000   0.0000   0.0000   0.0000   0.0000   0.0000
   0.0000   0.0000   0.0000   1.0000   0.0000   0.0000   0.0000   0.0000   0.0000
   0.0000   0.0000   0.0000   0.0000   1.0000   0.0000   0.0000   0.0000   0.0000
   0.0000   0.0000   0.0000   0.0000   0.0000   0.9999   0.0000   0.0000   0.0000
   0.0000   0.0000   0.0000   0.0000   0.0000   0.0000   0.9999   0.0000   0.0000
   0.0000   0.0000   0.0000   0.0000   0.0000   0.0000   0.0000   1.0000   0.0000
   0.0000   0.0000   0.0000   0.0000   0.0000   0.0000   0.0000   0.0000   0.9999

eigenvalues of P_FN1_propos=  0.999911  0.999922  0.999934  0.999947  0.999951  0.999955  0.999958  0.999970  1.000000
psi for P_FN1_propos=   0.1396   0.0576   0.2063   0.0891   0.1898   0.0760   0.0427   0.1504   0.0485
psiG**2 * P_L       =   0.1396   0.0576   0.2063   0.0891   0.1898   0.0760   0.0427   0.1504   0.0485
Above 2 lines should be equal since proposal part of P_FN1 has dominant state psiG**2 * P_L
The exception to this occurs when there is no sign problem, but some components of psiG have the wrong sign, in which case one has 2 decoupled spaces with degenerate dominant eigenvalues

gradient_vmc_FD, gradient_vmc= -0.415669 -0.415669
E_L_der =         -0.4551   9.8982  -0.3612  -0.1581  -0.6983  -0.4068  -0.4505  -0.8506  -2.2029
E_L_der_increm =  -0.4551   9.8981  -0.3612  -0.1581  -0.6983  -0.4068  -0.4505  -0.8506  -2.2029
The above 2 lines should be equal
psiFN1_psiG  =   0.1747   0.0822   0.1687   0.0975   0.1512   0.0857   0.0604   0.1213   0.0583
psiG_increm**2=                 0.1396    0.0576    0.2064    0.0891    0.1898    0.0760    0.0427    0.1504    0.0485
psiG_increm**2 * P_L_increm=    0.1396    0.0576    0.2063    0.0891    0.1898    0.0760    0.0427    0.1504    0.0485
psiFN_psiG_increm=              0.1747    0.0822    0.1687    0.0975    0.1512    0.0857    0.0604    0.1213    0.0583
W_prod_increm                   1.2520    1.4283    0.8178    1.0939    0.7966    1.1271    1.4146    0.8063    1.2020
W_prod                          1.2520    1.4283    0.8178    1.0939    0.7966    1.1271    1.4146    0.8063    1.2020
W_prod_increm                  1.251971933   1.428284557   0.817776356   1.093877087   0.796563495   1.127123642   1.414581987   0.806257347   1.201980571
W_prod                         1.251971915   1.428285133   0.817776345   1.093877072   0.796563484   1.127123627   1.414581968   0.806257336   1.201980554
W_prod_der=                     0.1720   -5.7584    0.1123    0.1499    0.1093    0.1546    0.1940    0.1105    0.1647

E_FN1, E_FN1_increm, gradient_FN1_FD, gradient_FN1= -2.370229 -2.370229 -0.000222  0.000021

gradient_FN1_FD, gradient_FN1, 1st+2*2nd terms, gradient_FN1_1, gradient_FN1_2, gradient_FN1_3= -0.000222  0.000021  0.000000 -0.516975  0.258508  0.258487
------------------------------------------------------------

Data set    2

H=
  -1.0000  -0.0422  -0.0035  -0.4274  -0.0950  -0.1682  -0.1328  -0.1903  -0.2149
  -0.0422  -0.7500  -0.2183  -0.1422  -0.4029  -0.0296  -0.3384  -0.2040  -0.4222
  -0.0035  -0.2183  -0.5000  -0.2688  -0.1295  -0.1714  -0.1435  -0.1958  -0.4634
  -0.4274  -0.1422  -0.2688  -0.2500  -0.1304  -0.0422  -0.2248  -0.0545  -0.1296
  -0.0950  -0.4029  -0.1295  -0.1304   0.0000  -0.4389  -0.1127  -0.3991  -0.4336
  -0.1682  -0.0296  -0.1714  -0.0422  -0.4389   0.2500  -0.2029  -0.0027  -0.3261
  -0.1328  -0.3384  -0.1435  -0.2248  -0.1127  -0.2029   0.5000  -0.3012  -0.1427
  -0.1903  -0.2040  -0.1958  -0.0545  -0.3991  -0.0027  -0.3012   0.7500  -0.4177
  -0.2149  -0.4222  -0.4634  -0.1296  -0.4336  -0.3261  -0.1427  -0.4177   1.0000

eigenval_p,eigenval_h=  1.000000 -1.865285
psi for P    =   0.4188   0.4833   0.3583   0.3105   0.3554   0.2170   0.2267   0.2296   0.2979

eigenvalues of P=  0.999934  0.999942  0.999952  0.999953  0.999962  0.999967  0.999972  0.999983  1.000000
eigenvalues of H=  1.446192  1.036117  0.535291  0.481175  0.040080 -0.195512 -0.452860 -1.025199 -1.865285
tau, tau_max= 0.000020 0.301980
P=
   1.0000   0.0000   0.0000   0.0000   0.0000   0.0000   0.0000   0.0000   0.0000
   0.0000   1.0000   0.0000   0.0000   0.0000   0.0000   0.0000   0.0000   0.0000
   0.0000   0.0000   1.0000   0.0000   0.0000   0.0000   0.0000   0.0000   0.0000
   0.0000   0.0000   0.0000   1.0000   0.0000   0.0000   0.0000   0.0000   0.0000
   0.0000   0.0000   0.0000   0.0000   1.0000   0.0000   0.0000   0.0000   0.0000
   0.0000   0.0000   0.0000   0.0000   0.0000   1.0000   0.0000   0.0000   0.0000
   0.0000   0.0000   0.0000   0.0000   0.0000   0.0000   1.0000   0.0000   0.0000
   0.0000   0.0000   0.0000   0.0000   0.0000   0.0000   0.0000   0.9999   0.0000
   0.0000   0.0000   0.0000   0.0000   0.0000   0.0000   0.0000   0.0000   0.9999

sum_P_eig,sum_abs_P_eig,sign_condition_number=  2.897480  2.897480  1.000000

P after making eigenvec +ve =
   1.0000   0.0000   0.0000   0.0000   0.0000   0.0000   0.0000   0.0000   0.0000
   0.0000   1.0000   0.0000   0.0000   0.0000   0.0000   0.0000   0.0000   0.0000
   0.0000   0.0000   1.0000   0.0000   0.0000   0.0000   0.0000   0.0000   0.0000
   0.0000   0.0000   0.0000   1.0000   0.0000   0.0000   0.0000   0.0000   0.0000
   0.0000   0.0000   0.0000   0.0000   1.0000   0.0000   0.0000   0.0000   0.0000
   0.0000   0.0000   0.0000   0.0000   0.0000   1.0000   0.0000   0.0000   0.0000
   0.0000   0.0000   0.0000   0.0000   0.0000   0.0000   1.0000   0.0000   0.0000
   0.0000   0.0000   0.0000   0.0000   0.0000   0.0000   0.0000   0.9999   0.0000
   0.0000   0.0000   0.0000   0.0000   0.0000   0.0000   0.0000   0.0000   0.9999

1+(E_0*1-H) (i.e. P with tau=1) after making eigenvec +ve =
   0.1347  -0.0422  -0.0035  -0.4274  -0.0950  -0.1682  -0.1328  -0.1903  -0.2149
  -0.0422  -0.1153  -0.2183  -0.1422  -0.4029  -0.0296  -0.3384  -0.2040  -0.4222
  -0.0035  -0.2183  -0.3653  -0.2688  -0.1295  -0.1714  -0.1435  -0.1958  -0.4634
  -0.4274  -0.1422  -0.2688  -0.6153  -0.1304  -0.0422  -0.2248  -0.0545  -0.1296
  -0.0950  -0.4029  -0.1295  -0.1304  -0.8653  -0.4389  -0.1127  -0.3991  -0.4336
  -0.1682  -0.0296  -0.1714  -0.0422  -0.4389  -1.1153  -0.2029  -0.0027  -0.3261
  -0.1328  -0.3384  -0.1435  -0.2248  -0.1127  -0.2029  -1.3653  -0.3012  -0.1427
  -0.1903  -0.2040  -0.1958  -0.0545  -0.3991  -0.0027  -0.3012  -1.6153  -0.4177
  -0.2149  -0.4222  -0.4634  -0.1296  -0.4336  -0.3261  -0.1427  -0.4177  -1.8653
psi0         =   0.4188   0.4833   0.3583   0.3105   0.3554   0.2170   0.2267   0.2296   0.2979
psiG         =   0.4738   0.4813   0.4180   0.3150   0.2885   0.2600   0.1936   0.1671   0.2317

E_G= -1.819459

H_imp=
  -1.0000  -0.0415  -0.0039  -0.6428  -0.1560  -0.3066  -0.3249  -0.5397  -0.4394
  -0.0429  -0.7500  -0.2514  -0.2172  -0.6722  -0.0548  -0.8412  -0.5875  -0.8769
  -0.0031  -0.1896  -0.5000  -0.3567  -0.1877  -0.2756  -0.3098  -0.4898  -0.8360
  -0.2842  -0.0931  -0.2026  -0.2500  -0.1424  -0.0511  -0.3657  -0.1027  -0.1762
  -0.0578  -0.2415  -0.0894  -0.1194   0.0000  -0.4870  -0.1679  -0.6892  -0.5400
  -0.0923  -0.0160  -0.1066  -0.0348  -0.3956   0.2500  -0.2725  -0.0042  -0.3660
  -0.0543  -0.1362  -0.0665  -0.1382  -0.0756  -0.1511   0.5000  -0.3490  -0.1193
  -0.0671  -0.0708  -0.0782  -0.0289  -0.2312  -0.0017  -0.2599   0.7500  -0.3012
  -0.1051  -0.2032  -0.2568  -0.0953  -0.3482  -0.2906  -0.1708  -0.5792   1.0000

P_imp=
   1.0000   0.0000   0.0000   0.0000   0.0000   0.0000   0.0000   0.0000   0.0000
   0.0000   1.0000   0.0000   0.0000   0.0000   0.0000   0.0000   0.0000   0.0000
   0.0000   0.0000   1.0000   0.0000   0.0000   0.0000   0.0000   0.0000   0.0000
   0.0000   0.0000   0.0000   1.0000   0.0000   0.0000   0.0000   0.0000   0.0000
   0.0000   0.0000   0.0000   0.0000   1.0000   0.0000   0.0000   0.0000   0.0000
   0.0000   0.0000   0.0000   0.0000   0.0000   1.0000   0.0000   0.0000   0.0000
   0.0000   0.0000   0.0000   0.0000   0.0000   0.0000   1.0000   0.0000   0.0000
   0.0000   0.0000   0.0000   0.0000   0.0000   0.0000   0.0000   0.9999   0.0000
   0.0000   0.0000   0.0000   0.0000   0.0000   0.0000   0.0000   0.0000   0.9999
tau_av_expon_proj    = 1.415017 1.008131 0.947494 0.612255 0.452728 0.617844 0.368625 0.299277 0.273596
tau_av_expon_proj_new= 1.155689 0.896632 0.732448 0.619086 0.536111 0.472750 0.422782 0.382368 0.349005
factor=                0.799001 0.883068 0.745575 1.011094 1.168281 0.735712 1.136664 1.242724 1.241187
factor2=                 0.8167   0.8894   0.7730   1.0112   1.1842   0.7652   1.1469   1.2776   1.2756

eigenvalues of P_imp=  0.999934  0.999942  0.999952  0.999953  0.999962  0.999967  0.999972  0.999983  1.000000
eigenvalues of H_imp=  1.446192  1.036117  0.535291  0.481175  0.040080 -0.195512 -0.452860 -1.025199 -1.865285

eigenval_p,eigenval_h=  1.000000 -1.865285
psi0_psiG    =   0.2007   0.2352   0.1515   0.0989   0.1037   0.0571   0.0444   0.0388   0.0698

imp-sampled: sum_P_eig,sum_abs_P_eig,sign_condition_number=  1.000000  1.000000  1.000000

P_FN1=
   1.0000   0.0000   0.0000   0.0000   0.0000   0.0000   0.0000   0.0000   0.0000
   0.0000   1.0000   0.0000   0.0000   0.0000   0.0000   0.0000   0.0000   0.0000
   0.0000   0.0000   1.0000   0.0000   0.0000   0.0000   0.0000   0.0000   0.0000
   0.0000   0.0000   0.0000   1.0000   0.0000   0.0000   0.0000   0.0000   0.0000
   0.0000   0.0000   0.0000   0.0000   1.0000   0.0000   0.0000   0.0000   0.0000
   0.0000   0.0000   0.0000   0.0000   0.0000   1.0000   0.0000   0.0000   0.0000
   0.0000   0.0000   0.0000   0.0000   0.0000   0.0000   1.0000   0.0000   0.0000
   0.0000   0.0000   0.0000   0.0000   0.0000   0.0000   0.0000   0.9999   0.0000
   0.0000   0.0000   0.0000   0.0000   0.0000   0.0000   0.0000   0.0000   0.9999

eigenvalues of P_FN1=  0.999934  0.999942  0.999952  0.999953  0.999962  0.999967  0.999972  0.999983  1.000000
eigenvalues of H_FN1=  1.446192  1.036117  0.535291  0.481175  0.040080 -0.195512 -0.452860 -1.025199 -1.865285

eigenval_p,eigenval_h=  1.000000 -1.865285
psiFN1_psiG =    0.2007   0.2352   0.1515   0.0989   0.1037   0.0571   0.0444   0.0388   0.0698

E_0, E_G, E_FN1, E_G-E_0, E_FN1-E_0, rms fluctuation of E_L  -1.86528  -1.81946  -1.86528   0.04583  -0.00000   0.34476
E_L     =  -1.7067  -1.7419  -1.5554  -1.8833  -2.2088  -1.3685  -2.2128  -2.5914  -2.6550
P_L     =   1.0000   1.0000   1.0000   1.0000   1.0000   1.0000   1.0000   1.0000   1.0000
P_abs_L =   1.0000   1.0000   1.0000   1.0000   1.0000   1.0000   1.0000   1.0000   1.0000

P_propos=
   1.0000   0.0000   0.0000   0.0000   0.0000   0.0000   0.0000   0.0000   0.0000
   0.0000   1.0000   0.0000   0.0000   0.0000   0.0000   0.0000   0.0000   0.0000
   0.0000   0.0000   1.0000   0.0000   0.0000   0.0000   0.0000   0.0000   0.0000
   0.0000   0.0000   0.0000   1.0000   0.0000   0.0000   0.0000   0.0000   0.0000
   0.0000   0.0000   0.0000   0.0000   1.0000   0.0000   0.0000   0.0000   0.0000
   0.0000   0.0000   0.0000   0.0000   0.0000   1.0000   0.0000   0.0000   0.0000
   0.0000   0.0000   0.0000   0.0000   0.0000   0.0000   0.9999   0.0000   0.0000
   0.0000   0.0000   0.0000   0.0000   0.0000   0.0000   0.0000   0.9999   0.0000
   0.0000   0.0000   0.0000   0.0000   0.0000   0.0000   0.0000   0.0000   0.9999
sum P_propos  1.000000  1.000000  1.000000  1.000000  1.000000  1.000000  1.000000  1.000000  1.000000
E_FN1= -1.865285 -1.865285
psiG**2=         0.2245   0.2316   0.1747   0.0992   0.0832   0.0676   0.0375   0.0279   0.0537
psiG**2 * P_L=   0.2245   0.2316   0.1747   0.0992   0.0832   0.0676   0.0375   0.0279   0.0537
psiFN_psiG=      0.2007   0.2352   0.1515   0.0989   0.1037   0.0571   0.0444   0.0388   0.0698
P_L=             1.0000   1.0000   1.0000   1.0000   1.0000   1.0000   1.0000   1.0000   1.0000
W_prod=          0.8940   1.0154   0.8668   0.9969   1.2459   0.8441   1.1839   1.3897   1.3001

P_markov=
   1.0000   0.0000   0.0000   0.0000   0.0000   0.0000   0.0000   0.0000   0.0000
   0.0000   1.0000   0.0000   0.0000   0.0000   0.0000   0.0000   0.0000   0.0000
   0.0000   0.0000   1.0000   0.0000   0.0000   0.0000   0.0000   0.0000   0.0000
   0.0000   0.0000   0.0000   1.0000   0.0000   0.0000   0.0000   0.0000   0.0000
   0.0000   0.0000   0.0000   0.0000   1.0000   0.0000   0.0000   0.0000   0.0000
   0.0000   0.0000   0.0000   0.0000   0.0000   1.0000   0.0000   0.0000   0.0000
   0.0000   0.0000   0.0000   0.0000   0.0000   0.0000   0.9999   0.0000   0.0000
   0.0000   0.0000   0.0000   0.0000   0.0000   0.0000   0.0000   0.9999   0.0000
   0.0000   0.0000   0.0000   0.0000   0.0000   0.0000   0.0000   0.0000   0.9999

eigenvalues of P_markov=  0.999919  0.999930  0.999945  0.999952  0.999963  0.999970  0.999976  0.999986  1.000000
eigenvalues of H_markov=  2.165747  1.610274  0.895616  0.539265  0.001999 -0.373846 -0.675908 -1.161684 -1.865285

eigenval_p,eigenval_h=  1.000000 -1.865285
psi for P_mar=   0.2245   0.2316   0.1747   0.0992   0.0832   0.0676   0.0375   0.0279   0.0537
psiG**2      =   0.2245   0.2316   0.1747   0.0992   0.0832   0.0676   0.0375   0.0279   0.0537
Above 2 lines should be equal since Markov matrix has dominant state psiG**2
The exception to this occurs when there is no sign problem, but some components of psiG have the wrong sign, in which case one has 2 decoupled spaces with degenerate dominant eigenvalues

P_FN3=
   1.0000   0.0000   0.0000   0.0000   0.0000   0.0000   0.0000   0.0000   0.0000
   0.0000   1.0000   0.0000   0.0000   0.0000   0.0000   0.0000   0.0000   0.0000
   0.0000   0.0000   1.0000   0.0000   0.0000   0.0000   0.0000   0.0000   0.0000
   0.0000   0.0000   0.0000   1.0000   0.0000   0.0000   0.0000   0.0000   0.0000
   0.0000   0.0000   0.0000   0.0000   1.0000   0.0000   0.0000   0.0000   0.0000
   0.0000   0.0000   0.0000   0.0000   0.0000   1.0000   0.0000   0.0000   0.0000
   0.0000   0.0000   0.0000   0.0000   0.0000   0.0000   1.0000   0.0000   0.0000
   0.0000   0.0000   0.0000   0.0000   0.0000   0.0000   0.0000   0.9999   0.0000
   0.0000   0.0000   0.0000   0.0000   0.0000   0.0000   0.0000   0.0000   0.9999
E_FN3= -1.865283 -1.865284

eigenvalues of P_FN3=  0.999934  0.999942  0.999952  0.999953  0.999962  0.999967  0.999972  0.999983  1.000000
eigenvalues of H_FN3=  1.446187  1.036110  0.535285  0.481160  0.040074 -0.195520 -0.452870 -1.025204 -1.865283

eigenval_p,eigenval_h=  1.000000 -1.865283
psiFN3_psiG  =   0.2007   0.2352   0.1515   0.0989   0.1037   0.0571   0.0444   0.0388   0.0698

P_FN4=
   1.0000   0.0000   0.0000   0.0000   0.0000   0.0000   0.0000   0.0000   0.0000
   0.0000   1.0000   0.0000   0.0000   0.0000   0.0000   0.0000   0.0000   0.0000
   0.0000   0.0000   1.0000   0.0000   0.0000   0.0000   0.0000   0.0000   0.0000
   0.0000   0.0000   0.0000   1.0000   0.0000   0.0000   0.0000   0.0000   0.0000
   0.0000   0.0000   0.0000   0.0000   1.0000   0.0000   0.0000   0.0000   0.0000
   0.0000   0.0000   0.0000   0.0000   0.0000   1.0000   0.0000   0.0000   0.0000
   0.0000   0.0000   0.0000   0.0000   0.0000   0.0000   1.0000   0.0000   0.0000
   0.0000   0.0000   0.0000   0.0000   0.0000   0.0000   0.0000   0.9999   0.0000
   0.0000   0.0000   0.0000   0.0000   0.0000   0.0000   0.0000   0.0000   0.9999
E_FN4= -1.865285 -1.865285

eigenvalues of P_FN4=  0.999934  0.999942  0.999952  0.999953  0.999962  0.999967  0.999972  0.999983  1.000000
eigenvalues of H_FN4=  1.446192  1.036117  0.535291  0.481175  0.040080 -0.195512 -0.452860 -1.025199 -1.865285

eigenval_p,eigenval_h=  1.000000 -1.865285
psiFN4_psiG  =   0.2007   0.2352   0.1515   0.0989   0.1037   0.0571   0.0444   0.0388   0.0698

P_FN5=
   1.0000   0.0000   0.0000   0.0000   0.0000   0.0000   0.0000   0.0000   0.0000
   0.0000   1.0000   0.0000   0.0000   0.0000   0.0000   0.0000   0.0000   0.0000
   0.0000   0.0000   1.0000   0.0000   0.0000   0.0000   0.0000   0.0000   0.0000
   0.0000   0.0000   0.0000   1.0000   0.0000   0.0000   0.0000   0.0000   0.0000
   0.0000   0.0000   0.0000   0.0000   1.0000   0.0000   0.0000   0.0000   0.0000
   0.0000   0.0000   0.0000   0.0000   0.0000   1.0000   0.0000   0.0000   0.0000
   0.0000   0.0000   0.0000   0.0000   0.0000   0.0000   1.0000   0.0000   0.0000
   0.0000   0.0000   0.0000   0.0000   0.0000   0.0000   0.0000   0.9999   0.0000
   0.0000   0.0000   0.0000   0.0000   0.0000   0.0000   0.0000   0.0000   0.9999
E_FN5= -1.865285 -1.865285

eigenvalues of P_FN5=  0.999934  0.999942  0.999952  0.999953  0.999962  0.999967  0.999972  0.999983  1.000000
eigenvalues of H_FN5=  1.446192  1.036117  0.535291  0.481175  0.040080 -0.195512 -0.452860 -1.025199 -1.865285

eigenval_p,eigenval_h=  1.000000 -1.865285
psiFN5_psiG  =   0.2007   0.2352   0.1515   0.0989   0.1037   0.0571   0.0444   0.0388   0.0698

E_G, E_FN1, E_FN3, E_FN4, E_0, recover_FN1, recover_FN3, recover_FN4, 1-ovlp_FN1, 1-ovlp_FN3, 1-ovlp_FN4, sign_cond_num= -1.819459 -1.865285 -1.865283 -1.865285 -1.865285 1.000 1.000 1.000 0.E+00 2.E-12-2.E-16 1.000

P_propos2=
   1.0000   0.0000   0.0000   0.0000   0.0000   0.0000   0.0000   0.0000   0.0000
   0.0000   1.0000   0.0000   0.0000   0.0000   0.0000   0.0000   0.0000   0.0000
   0.0000   0.0000   1.0000   0.0000   0.0000   0.0000   0.0000   0.0000   0.0000
   0.0000   0.0000   0.0000   1.0000   0.0000   0.0000   0.0000   0.0000   0.0000
   0.0000   0.0000   0.0000   0.0000   1.0000   0.0000   0.0000   0.0000   0.0000
   0.0000   0.0000   0.0000   0.0000   0.0000   1.0000   0.0000   0.0000   0.0000
   0.0000   0.0000   0.0000   0.0000   0.0000   0.0000   0.9999   0.0000   0.0000
   0.0000   0.0000   0.0000   0.0000   0.0000   0.0000   0.0000   0.9999   0.0000
   0.0000   0.0000   0.0000   0.0000   0.0000   0.0000   0.0000   0.0000   0.9999

eigenvalues of P_FN1_propos=  0.999919  0.999930  0.999945  0.999952  0.999963  0.999970  0.999976  0.999986  1.000000
psi for P_FN1_propos=   0.2245   0.2316   0.1747   0.0992   0.0832   0.0676   0.0375   0.0279   0.0537
psiG**2 * P_L       =   0.2245   0.2316   0.1747   0.0992   0.0832   0.0676   0.0375   0.0279   0.0537
Above 2 lines should be equal since proposal part of P_FN1 has dominant state psiG**2 * P_L
The exception to this occurs when there is no sign problem, but some components of psiG have the wrong sign, in which case one has 2 decoupled spaces with degenerate dominant eigenvalues

gradient_vmc_FD, gradient_vmc=  0.074622  0.074622
E_L_der =         -0.0891   2.0610  -0.5223  -0.4513  -1.3967  -0.1138  -1.7479  -1.2208  -1.8221
E_L_der_increm =  -0.0891   2.0610  -0.5223  -0.4513  -1.3967  -0.1138  -1.7479  -1.2208  -1.8221
The above 2 lines should be equal
psiFN1_psiG  =   0.2007   0.2352   0.1515   0.0989   0.1037   0.0571   0.0444   0.0388   0.0698
psiG_increm**2=                 0.2245    0.2316    0.1747    0.0992    0.0832    0.0676    0.0375    0.0279    0.0537
psiG_increm**2 * P_L_increm=    0.2245    0.2316    0.1747    0.0992    0.0832    0.0676    0.0375    0.0279    0.0537
psiFN_psiG_increm=              0.2007    0.2352    0.1515    0.0989    0.1037    0.0571    0.0444    0.0388    0.0698
W_prod_increm                   0.8940    1.0154    0.8668    0.9969    1.2459    0.8441    1.1839    1.3897    1.3001
W_prod                          0.8940    1.0154    0.8668    0.9969    1.2459    0.8441    1.1839    1.3897    1.3001
W_prod_increm                  0.893998737   1.015439964   0.866773292   0.996866394   1.245939447   0.844066046   1.183894888   1.389713603   1.300077604
W_prod                         0.893998695   1.015440126   0.866773251   0.996866346   1.245939388   0.844066006   1.183894832   1.389713537   1.300077542
W_prod_der=                     0.4235   -1.6286    0.4109    0.4723    0.5903    0.3999    0.5612    0.6586    0.6160

E_FN1, E_FN1_increm, gradient_FN1_FD, gradient_FN1= -1.865285 -1.865285 -0.000666  0.000001

gradient_FN1_FD, gradient_FN1, 1st+2*2nd terms, gradient_FN1_1, gradient_FN1_2, gradient_FN1_3= -0.000666  0.000001  0.000000  0.120565 -0.060282 -0.060282
------------------------------------------------------------

Data set    3

H=
  -1.0000  -0.2096  -0.1782  -0.3311  -0.1256  -0.2787  -0.4192  -0.2927  -0.4355
  -0.2096  -0.7500  -0.2384  -0.4219  -0.0984  -0.2966  -0.0313  -0.3513  -0.1554
  -0.1782  -0.2384  -0.5000  -0.0144  -0.3095  -0.3663  -0.0021  -0.4402  -0.3295
  -0.3311  -0.4219  -0.0144  -0.2500  -0.3195  -0.0229  -0.1952  -0.1409  -0.2890
  -0.1256  -0.0984  -0.3095  -0.3195   0.0000  -0.4433  -0.3528  -0.4493  -0.4009
  -0.2787  -0.2966  -0.3663  -0.0229  -0.4433   0.2500  -0.2414  -0.4737  -0.1322
  -0.4192  -0.0313  -0.0021  -0.1952  -0.3528  -0.2414   0.5000  -0.2409  -0.3926
  -0.2927  -0.3513  -0.4402  -0.1409  -0.4493  -0.4737  -0.2409   0.7500  -0.3974
  -0.4355  -0.1554  -0.3295  -0.2890  -0.4009  -0.1322  -0.3926  -0.3974   1.0000

eigenval_p,eigenval_h=  1.000000 -2.302216
psi for P    =   0.5041   0.3757   0.3390   0.2938   0.3257   0.2972   0.2289   0.2998   0.2584

eigenvalues of P=  0.999926  0.999933  0.999939  0.999941  0.999952  0.999959  0.999966  0.999970  1.000000
eigenvalues of H=  1.398133  1.068965  0.737940  0.649780  0.099378 -0.249862 -0.621622 -0.780496 -2.302216
tau, tau_max= 0.000020 0.270245
P=
   1.0000   0.0000   0.0000   0.0000   0.0000   0.0000   0.0000   0.0000   0.0000
   0.0000   1.0000   0.0000   0.0000   0.0000   0.0000   0.0000   0.0000   0.0000
   0.0000   0.0000   1.0000   0.0000   0.0000   0.0000   0.0000   0.0000   0.0000
   0.0000   0.0000   0.0000   1.0000   0.0000   0.0000   0.0000   0.0000   0.0000
   0.0000   0.0000   0.0000   0.0000   1.0000   0.0000   0.0000   0.0000   0.0000
   0.0000   0.0000   0.0000   0.0000   0.0000   0.9999   0.0000   0.0000   0.0000
   0.0000   0.0000   0.0000   0.0000   0.0000   0.0000   0.9999   0.0000   0.0000
   0.0000   0.0000   0.0000   0.0000   0.0000   0.0000   0.0000   0.9999   0.0000
   0.0000   0.0000   0.0000   0.0000   0.0000   0.0000   0.0000   0.0000   0.9999

sum_P_eig,sum_abs_P_eig,sign_condition_number=  2.922681  2.922681  1.000000

P after making eigenvec +ve =
   1.0000   0.0000   0.0000   0.0000   0.0000   0.0000   0.0000   0.0000   0.0000
   0.0000   1.0000   0.0000   0.0000   0.0000   0.0000   0.0000   0.0000   0.0000
   0.0000   0.0000   1.0000   0.0000   0.0000   0.0000   0.0000   0.0000   0.0000
   0.0000   0.0000   0.0000   1.0000   0.0000   0.0000   0.0000   0.0000   0.0000
   0.0000   0.0000   0.0000   0.0000   1.0000   0.0000   0.0000   0.0000   0.0000
   0.0000   0.0000   0.0000   0.0000   0.0000   0.9999   0.0000   0.0000   0.0000
   0.0000   0.0000   0.0000   0.0000   0.0000   0.0000   0.9999   0.0000   0.0000
   0.0000   0.0000   0.0000   0.0000   0.0000   0.0000   0.0000   0.9999   0.0000
   0.0000   0.0000   0.0000   0.0000   0.0000   0.0000   0.0000   0.0000   0.9999

1+(E_0*1-H) (i.e. P with tau=1) after making eigenvec +ve =
  -0.3022  -0.2096  -0.1782  -0.3311  -0.1256  -0.2787  -0.4192  -0.2927  -0.4355
  -0.2096  -0.5522  -0.2384  -0.4219  -0.0984  -0.2966  -0.0313  -0.3513  -0.1554
  -0.1782  -0.2384  -0.8022  -0.0144  -0.3095  -0.3663  -0.0021  -0.4402  -0.3295
  -0.3311  -0.4219  -0.0144  -1.0522  -0.3195  -0.0229  -0.1952  -0.1409  -0.2890
  -0.1256  -0.0984  -0.3095  -0.3195  -1.3022  -0.4433  -0.3528  -0.4493  -0.4009
  -0.2787  -0.2966  -0.3663  -0.0229  -0.4433  -1.5522  -0.2414  -0.4737  -0.1322
  -0.4192  -0.0313  -0.0021  -0.1952  -0.3528  -0.2414  -1.8022  -0.2409  -0.3926
  -0.2927  -0.3513  -0.4402  -0.1409  -0.4493  -0.4737  -0.2409  -2.0522  -0.3974
  -0.4355  -0.1554  -0.3295  -0.2890  -0.4009  -0.1322  -0.3926  -0.3974  -2.3022
psi0         =   0.5041   0.3757   0.3390   0.2938   0.3257   0.2972   0.2289   0.2998   0.2584
psiG         =   0.4841   0.2884   0.3864   0.2615   0.3999   0.2803   0.2433   0.2459   0.3266

E_G= -2.243630

H_imp=
  -1.0000  -0.3518  -0.2232  -0.6131  -0.1521  -0.4812  -0.8341  -0.5763  -0.6454
  -0.1248  -0.7500  -0.1779  -0.4653  -0.0710  -0.3051  -0.0371  -0.4120  -0.1372
  -0.1422  -0.3194  -0.5000  -0.0213  -0.2991  -0.5049  -0.0033  -0.6918  -0.3898
  -0.1789  -0.3826  -0.0098  -0.2500  -0.2089  -0.0214  -0.2098  -0.1498  -0.2314
  -0.1038  -0.1365  -0.3203  -0.4887   0.0000  -0.6323  -0.5799  -0.7308  -0.4908
  -0.1614  -0.2883  -0.2657  -0.0246  -0.3107   0.2500  -0.2781  -0.5401  -0.1135
  -0.2107  -0.0264  -0.0013  -0.1817  -0.2146  -0.2095   0.5000  -0.2384  -0.2924
  -0.1487  -0.2995  -0.2800  -0.1325  -0.2763  -0.4155  -0.2435   0.7500  -0.2992
  -0.2938  -0.1760  -0.2784  -0.3610  -0.3274  -0.1540  -0.5271  -0.5280   1.0000

P_imp=
   1.0000   0.0000   0.0000   0.0000   0.0000   0.0000   0.0000   0.0000   0.0000
   0.0000   1.0000   0.0000   0.0000   0.0000   0.0000   0.0000   0.0000   0.0000
   0.0000   0.0000   1.0000   0.0000   0.0000   0.0000   0.0000   0.0000   0.0000
   0.0000   0.0000   0.0000   1.0000   0.0000   0.0000   0.0000   0.0000   0.0000
   0.0000   0.0000   0.0000   0.0000   1.0000   0.0000   0.0000   0.0000   0.0000
   0.0000   0.0000   0.0000   0.0000   0.0000   0.9999   0.0000   0.0000   0.0000
   0.0000   0.0000   0.0000   0.0000   0.0000   0.0000   0.9999   0.0000   0.0000
   0.0000   0.0000   0.0000   0.0000   0.0000   0.0000   0.0000   0.9999   0.0000
   0.0000   0.0000   0.0000   0.0000   0.0000   0.0000   0.0000   0.0000   0.9999
