Input hamiltonian
hamiltonian=random                                                                          
Input ndim, E_T, tau
ndim, E_T, tau=    9-20.000000 0.000020
Input fraction_positive, off_diag_mag, psiG_noise
fraction_positive, off_diag_mag,psiG_noise= 0.500000 0.500000 0.000100
psiG_correct_sign
psiG_correct_sign= F
Input irand_seed
irand_seed=1425565376542456

Data set    1

H=
  -1.0000   0.0800   0.1401  -0.1696   0.0630   0.1789  -0.0366  -0.0928  -0.2290
   0.0800  -0.7500   0.0859   0.2028  -0.0542   0.1379   0.1569  -0.0799  -0.2353
   0.1401   0.0859  -0.5000   0.1165  -0.2461  -0.0961  -0.2234  -0.1402   0.2370
  -0.1696   0.2028   0.1165  -0.2500  -0.0711  -0.2226   0.0454   0.1250  -0.0263
   0.0630  -0.0542  -0.2461  -0.0711   0.0000  -0.0210   0.1375  -0.2232  -0.0393
   0.1789   0.1379  -0.0961  -0.2226  -0.0210   0.2500  -0.2276  -0.1955  -0.0772
  -0.0366   0.1569  -0.2234   0.0454   0.1375  -0.2276   0.5000  -0.2075  -0.1275
  -0.0928  -0.0799  -0.1402   0.1250  -0.2232  -0.1955  -0.2075   0.7500  -0.0525
  -0.2290  -0.2353   0.2370  -0.0263  -0.0393  -0.0772  -0.1275  -0.0525   1.0000

eigenval_p,eigenval_h=  1.000000 -1.153737
psi for P    =   0.8957  -0.1375  -0.3155   0.2159  -0.1095  -0.0884  -0.0127  -0.0197   0.1112

eigenvalues of P=  0.999954  0.999958  0.999963  0.999974  0.999977  0.999982  0.999989  0.999996  1.000000
eigenvalues of H=  1.154489  0.958038  0.687698  0.149593  0.020158 -0.275736 -0.609584 -0.930919 -1.153737
tau, tau_max= 0.000020 0.433233
P=
   1.0000  -0.0000  -0.0000   0.0000  -0.0000  -0.0000   0.0000   0.0000   0.0000
  -0.0000   1.0000  -0.0000  -0.0000   0.0000  -0.0000  -0.0000   0.0000   0.0000
  -0.0000  -0.0000   1.0000  -0.0000   0.0000   0.0000   0.0000   0.0000  -0.0000
   0.0000  -0.0000  -0.0000   1.0000   0.0000   0.0000  -0.0000  -0.0000   0.0000
  -0.0000   0.0000   0.0000   0.0000   1.0000   0.0000  -0.0000   0.0000   0.0000
  -0.0000  -0.0000   0.0000   0.0000   0.0000   1.0000   0.0000   0.0000   0.0000
   0.0000  -0.0000   0.0000  -0.0000  -0.0000   0.0000   1.0000   0.0000   0.0000
   0.0000   0.0000   0.0000  -0.0000   0.0000   0.0000   0.0000   1.0000   0.0000
   0.0000   0.0000  -0.0000   0.0000   0.0000   0.0000   0.0000   0.0000   1.0000

sum_P_eig,sum_abs_P_eig,sign_condition_number=  1.905979  1.905996  0.640416

P after making eigenvec +ve =
   1.0000   0.0000   0.0000   0.0000   0.0000   0.0000  -0.0000  -0.0000   0.0000
   0.0000   1.0000  -0.0000   0.0000   0.0000  -0.0000  -0.0000   0.0000  -0.0000
   0.0000  -0.0000   1.0000   0.0000   0.0000   0.0000   0.0000   0.0000   0.0000
   0.0000   0.0000   0.0000   1.0000  -0.0000  -0.0000   0.0000   0.0000   0.0000
   0.0000   0.0000   0.0000  -0.0000   1.0000   0.0000  -0.0000   0.0000  -0.0000
   0.0000  -0.0000   0.0000  -0.0000   0.0000   1.0000   0.0000   0.0000  -0.0000
  -0.0000  -0.0000   0.0000   0.0000  -0.0000   0.0000   1.0000   0.0000  -0.0000
  -0.0000   0.0000   0.0000   0.0000   0.0000   0.0000   0.0000   1.0000  -0.0000
   0.0000  -0.0000   0.0000   0.0000  -0.0000  -0.0000  -0.0000  -0.0000   1.0000

1+(E_0*1-H) (i.e. P with tau=1) after making eigenvec +ve =
   0.8463  -0.0800  -0.1401  -0.1696  -0.0630  -0.1789   0.0366   0.0928  -0.2290
  -0.0800   0.5963   0.0859  -0.2028  -0.0542   0.1379   0.1569  -0.0799   0.2353
  -0.1401   0.0859   0.3463  -0.1165  -0.2461  -0.0961  -0.2234  -0.1402  -0.2370
  -0.1696  -0.2028  -0.1165   0.0963   0.0711   0.2226  -0.0454  -0.1250  -0.0263
  -0.0630  -0.0542  -0.2461   0.0711  -0.1537  -0.0210   0.1375  -0.2232   0.0393
  -0.1789   0.1379  -0.0961   0.2226  -0.0210  -0.4037  -0.2276  -0.1955   0.0772
   0.0366   0.1569  -0.2234  -0.0454   0.1375  -0.2276  -0.6537  -0.2075   0.1275
   0.0928  -0.0799  -0.1402  -0.1250  -0.2232  -0.1955  -0.2075  -0.9037   0.0525
  -0.2290   0.2353  -0.2370  -0.0263   0.0393   0.0772   0.1275   0.0525  -1.1537
psi0         =   0.8957   0.1375   0.3155   0.2159   0.1095   0.0884   0.0127   0.0197   0.1112
psiG         =   0.8957   0.1374   0.3155   0.2159   0.1096   0.0884   0.0126   0.0198   0.1111

E_G= -1.153737

H_imp=
  -1.0000  -0.5212  -0.3978  -0.7038  -0.5151  -1.8140   2.5946   4.2032  -1.8452
  -0.0123  -0.7500   0.0374  -0.1291  -0.0680   0.2144   1.7085  -0.5550   0.2909
  -0.0494   0.1972  -0.5000  -0.1703  -0.7088  -0.3432  -5.5855  -2.2370  -0.6728
  -0.0409  -0.3186  -0.0797  -0.2500   0.1401   0.5440  -0.7767  -1.3644  -0.0512
  -0.0077  -0.0432  -0.0855   0.0361   0.0000  -0.0261   1.1938  -1.2364   0.0387
  -0.0177   0.0886  -0.0269   0.0911  -0.0170   0.2500  -1.5930  -0.8735   0.0614
   0.0005   0.0144  -0.0089  -0.0027   0.0158  -0.0325   0.5000  -0.1324   0.0145
   0.0020  -0.0115  -0.0088  -0.0115  -0.0403  -0.0438  -0.3251   0.7500   0.0094
  -0.0284   0.1903  -0.0835  -0.0136   0.0399   0.0972   1.1230   0.2953   1.0000

P_imp=
   1.0000   0.0000   0.0000   0.0000   0.0000   0.0000  -0.0001  -0.0001   0.0000
   0.0000   1.0000  -0.0000   0.0000   0.0000  -0.0000  -0.0000   0.0000  -0.0000
   0.0000  -0.0000   1.0000   0.0000   0.0000   0.0000   0.0001   0.0000   0.0000
   0.0000   0.0000   0.0000   1.0000  -0.0000  -0.0000   0.0000   0.0000   0.0000
   0.0000   0.0000   0.0000  -0.0000   1.0000   0.0000  -0.0000   0.0000  -0.0000
   0.0000  -0.0000   0.0000  -0.0000   0.0000   1.0000   0.0000   0.0000  -0.0000
  -0.0000  -0.0000   0.0000   0.0000  -0.0000   0.0000   1.0000   0.0000  -0.0000
  -0.0000   0.0000   0.0000   0.0000   0.0000   0.0000   0.0000   1.0000  -0.0000
   0.0000  -0.0000   0.0000   0.0000  -0.0000  -0.0000  -0.0000  -0.0000   1.0000
tau_av_expon_proj    = 6.294590 0.722006 1.372746 0.863465 0.647278 0.321004 0.067113 0.091767 0.335116
tau_av_expon_proj_new= 6.504622 2.476861 1.529668 1.106517 0.866749 0.712384 0.604691 0.525283 0.464309
factor=                1.032817 2.030942 1.108032 1.245646 1.288155 1.732205 2.432727 2.282564 1.320815
factor2=                 1.0334   3.4305   1.1143   1.2815   1.3391   2.2192   9.0100   5.7241   1.3855

eigenvalues of P_imp=  0.999954  0.999958  0.999963  0.999974  0.999977  0.999982  0.999989  0.999996  1.000000
eigenvalues of H_imp=  1.154489  0.958038  0.687698  0.149593  0.020158 -0.275736 -0.609584 -0.930919 -1.153737

eigenval_p,eigenval_h=  1.000000 -1.153737
psi0_psiG    =   0.8022   0.0189   0.0996   0.0466   0.0120   0.0078   0.0002   0.0004   0.0124

imp-sampled: sum_P_eig,sum_abs_P_eig,sign_condition_number=  1.000000  1.000002  0.926916

P_FN1=
   1.0000   0.0000   0.0000   0.0000   0.0000   0.0000   0.0000   0.0000   0.0000
   0.0000   1.0000   0.0000   0.0000   0.0000   0.0000   0.0000   0.0000   0.0000
   0.0000   0.0000   1.0000   0.0000   0.0000   0.0000   0.0001   0.0000   0.0000
   0.0000   0.0000   0.0000   1.0000   0.0000   0.0000   0.0000   0.0000   0.0000
   0.0000   0.0000   0.0000   0.0000   1.0000   0.0000   0.0000   0.0000   0.0000
   0.0000   0.0000   0.0000   0.0000   0.0000   1.0000   0.0000   0.0000   0.0000
   0.0000   0.0000   0.0000   0.0000   0.0000   0.0000   0.9998   0.0000   0.0000
   0.0000   0.0000   0.0000   0.0000   0.0000   0.0000   0.0000   0.9999   0.0000
   0.0000   0.0000   0.0000   0.0000   0.0000   0.0000   0.0000   0.0000   0.9999

eigenvalues of P_FN1=  0.999834  0.999872  0.999948  0.999955  0.999971  0.999976  0.999984  0.999987  1.000000
eigenvalues of H_FN1=  7.155304  5.254661  1.465309  1.105835  0.281212  0.025295 -0.363701 -0.527905 -1.153737

eigenval_p,eigenval_h=  1.000000 -1.153737
psiFN1_psiG =    0.8022   0.0189   0.0996   0.0466   0.0120   0.0078   0.0002   0.0004   0.0124

E_0, E_G, E_FN1, E_G-E_0, E_FN1-E_0, rms fluctuation of E_L  -1.15374  -1.15374  -1.15374   0.00000   0.00000   0.00014
E_L     =  -1.1537  -1.1539  -1.1536  -1.1537  -1.1534  -1.1541  -1.1605  -1.1502  -1.1542
P_L     =   1.0000   1.0000   1.0000   1.0000   1.0000   1.0000   1.0000   1.0000   1.0000
P_abs_L =   1.0000   1.0000   1.0000   1.0000   1.0000   1.0000   1.0001   1.0001   1.0000

P_propos=
   1.0000   0.0000   0.0000   0.0000   0.0000   0.0000   0.0000   0.0000   0.0000
   0.0000   1.0000   0.0000   0.0000   0.0000   0.0000   0.0000   0.0000   0.0000
   0.0000   0.0000   1.0000   0.0000   0.0000   0.0000   0.0001   0.0000   0.0000
   0.0000   0.0000   0.0000   1.0000   0.0000   0.0000   0.0000   0.0000   0.0000
   0.0000   0.0000   0.0000   0.0000   1.0000   0.0000   0.0000   0.0000   0.0000
   0.0000   0.0000   0.0000   0.0000   0.0000   1.0000   0.0000   0.0000   0.0000
   0.0000   0.0000   0.0000   0.0000   0.0000   0.0000   0.9998   0.0000   0.0000
   0.0000   0.0000   0.0000   0.0000   0.0000   0.0000   0.0000   0.9999   0.0000
   0.0000   0.0000   0.0000   0.0000   0.0000   0.0000   0.0000   0.0000   0.9999
sum P_propos  1.000000  1.000000  1.000000  1.000000  1.000000  1.000000  1.000000  1.000000  1.000000
E_FN1= -1.153737 -1.153737
psiG**2=         0.8022   0.0189   0.0996   0.0466   0.0120   0.0078   0.0002   0.0004   0.0124
psiG**2 * P_L=   0.8022   0.0189   0.0996   0.0466   0.0120   0.0078   0.0002   0.0004   0.0124
psiFN_psiG=      0.8022   0.0189   0.0996   0.0466   0.0120   0.0078   0.0002   0.0004   0.0124
P_L=             1.0000   1.0000   1.0000   1.0000   1.0000   1.0000   1.0000   1.0000   1.0000
W_prod=          1.0000   1.0002   0.9999   1.0000   0.9997   1.0001   1.0007   0.9994   1.0002

P_markov=
   1.0000   0.0000   0.0000   0.0000   0.0000   0.0000   0.0000   0.0000   0.0000
   0.0000   1.0000   0.0000   0.0000   0.0000   0.0000   0.0000   0.0000   0.0000
   0.0000   0.0000   1.0000   0.0000   0.0000   0.0000   0.0001   0.0000   0.0000
   0.0000   0.0000   0.0000   1.0000   0.0000   0.0000   0.0000   0.0000   0.0000
   0.0000   0.0000   0.0000   0.0000   1.0000   0.0000   0.0000   0.0000   0.0000
   0.0000   0.0000   0.0000   0.0000   0.0000   1.0000   0.0000   0.0000   0.0000
   0.0000   0.0000   0.0000   0.0000   0.0000   0.0000   0.9998   0.0000   0.0000
   0.0000   0.0000   0.0000   0.0000   0.0000   0.0000   0.0000   0.9999   0.0000
   0.0000   0.0000   0.0000   0.0000   0.0000   0.0000   0.0000   0.0000   0.9999

eigenvalues of P_markov=  0.999834  0.999872  0.999948  0.999955  0.999971  0.999976  0.999984  0.999987  1.000000
eigenvalues of H_markov=  7.160878  5.250633  1.465784  1.106104  0.280945  0.025325 -0.363566 -0.527998 -1.153737

eigenval_p,eigenval_h=  1.000000 -1.153737
psi for P_mar=   0.8022   0.0189   0.0996   0.0466   0.0120   0.0078   0.0002   0.0004   0.0124
psiG**2      =   0.8022   0.0189   0.0996   0.0466   0.0120   0.0078   0.0002   0.0004   0.0124
Above 2 lines should be equal since Markov matrix has dominant state psiG**2
The exception to this occurs when there is no sign problem, but some components of psiG have the wrong sign, in which case one has 2 decoupled spaces with degenerate dominant eigenvalues

P_FN3=
   1.0000   0.0000   0.0000   0.0000   0.0000   0.0000   0.0000   0.0000   0.0000
   0.0000   1.0000   0.0000   0.0000   0.0000   0.0000   0.0000   0.0000   0.0000
   0.0000   0.0000   1.0000   0.0000   0.0000   0.0000   0.0001   0.0000   0.0000
   0.0000   0.0000   0.0000   1.0000   0.0000   0.0000   0.0000   0.0000   0.0000
   0.0000   0.0000   0.0000   0.0000   1.0000   0.0000   0.0000   0.0000   0.0000
   0.0000   0.0000   0.0000   0.0000   0.0000   1.0000   0.0000   0.0000   0.0000
   0.0000   0.0000   0.0000   0.0000   0.0000   0.0000   0.9998   0.0000   0.0000
   0.0000   0.0000   0.0000   0.0000   0.0000   0.0000   0.0000   0.9999   0.0000
   0.0000   0.0000   0.0000   0.0000   0.0000   0.0000   0.0000   0.0000   0.9999
E_FN3= -1.153737 -1.153737

eigenvalues of P_FN3=  0.999834  0.999872  0.999948  0.999955  0.999971  0.999976  0.999984  0.999987  1.000000
eigenvalues of H_FN3=  7.154206  5.254078  1.465287  1.105791  0.281203  0.025287 -0.363707 -0.527907 -1.153737

eigenval_p,eigenval_h=  1.000000 -1.153737
psiFN3_psiG  =   0.8022   0.0189   0.0996   0.0466   0.0120   0.0078   0.0002   0.0004   0.0124

P_FN4=
   1.0000   0.0000   0.0000   0.0000   0.0000   0.0000   0.0000   0.0000   0.0000
   0.0000   1.0000   0.0000   0.0000   0.0000   0.0000   0.0000   0.0000   0.0000
   0.0000   0.0000   1.0000   0.0000   0.0000   0.0000   0.0001   0.0000   0.0000
   0.0000   0.0000   0.0000   1.0000   0.0000   0.0000   0.0000   0.0000   0.0000
   0.0000   0.0000   0.0000   0.0000   1.0000   0.0000   0.0000   0.0000   0.0000
   0.0000   0.0000   0.0000   0.0000   0.0000   1.0000   0.0000   0.0000   0.0000
   0.0000   0.0000   0.0000   0.0000   0.0000   0.0000   0.9998   0.0000   0.0000
   0.0000   0.0000   0.0000   0.0000   0.0000   0.0000   0.0000   0.9999   0.0000
   0.0000   0.0000   0.0000   0.0000   0.0000   0.0000   0.0000   0.0000   0.9999
E_FN4= -1.153737 -1.153737

eigenvalues of P_FN4=  0.999834  0.999872  0.999948  0.999955  0.999971  0.999976  0.999984  0.999987  1.000000
eigenvalues of H_FN4=  7.154209  5.254085  1.465287  1.105797  0.281206  0.025289 -0.363707 -0.527905 -1.153737

eigenval_p,eigenval_h=  1.000000 -1.153737
psiFN4_psiG  =   0.8022   0.0189   0.0996   0.0466   0.0120   0.0078   0.0002   0.0004   0.0124

P_FN5=
   1.0000   0.0000   0.0000   0.0000   0.0000   0.0000   0.0000   0.0000   0.0000
   0.0000   1.0000   0.0000   0.0000   0.0000   0.0000   0.0000   0.0000   0.0000
   0.0000   0.0000   1.0000   0.0000   0.0000   0.0000   0.0000   0.0000   0.0000
   0.0000   0.0000   0.0000   1.0000   0.0000   0.0000   0.0000   0.0000   0.0000
   0.0000   0.0000   0.0000   0.0000   1.0000   0.0000   0.0000   0.0000   0.0000
   0.0000   0.0000   0.0000   0.0000   0.0000   1.0000   0.0000   0.0000   0.0000
   0.0000   0.0000   0.0000   0.0000   0.0000   0.0000   1.0000   0.0000   0.0000
   0.0000   0.0000   0.0000   0.0000   0.0000   0.0000   0.0000   1.0000   0.0000
   0.0000   0.0000   0.0000   0.0000   0.0000   0.0000   0.0000   0.0000   1.0000
E_FN5= -1.153744 -1.153744

eigenvalues of P_FN5=  0.999956  0.999961  0.999966  0.999972  0.999975  0.999981  0.999988  0.999992  1.000000
eigenvalues of H_FN5=  1.048443  0.788586  0.529280  0.234114  0.072875 -0.191859 -0.568437 -0.759258 -1.153744

eigenval_p,eigenval_h=  1.000000 -1.153744
psiFN5_psiG  =   0.7699   0.0395   0.0994   0.0502   0.0133   0.0119   0.0008   0.0012   0.0139

E_G, E_FN1, E_FN3, E_FN4, E_0, recover_FN1, recover_FN3, recover_FN4, 1-ovlp_FN1, 1-ovlp_FN3, 1-ovlp_FN4, sign_cond_num= -1.153737 -1.153737 -1.153737 -1.153737 -1.153737 0.530 0.522 0.524 2.E-11 2.E-11 2.E-11 0.927

P_propos2=
   1.0000   0.0000   0.0000   0.0000   0.0000   0.0000   0.0000   0.0000   0.0000
   0.0000   1.0000   0.0000   0.0000   0.0000   0.0000   0.0000   0.0000   0.0000
   0.0000   0.0000   1.0000   0.0000   0.0000   0.0000   0.0001   0.0000   0.0000
   0.0000   0.0000   0.0000   1.0000   0.0000   0.0000   0.0000   0.0000   0.0000
   0.0000   0.0000   0.0000   0.0000   1.0000   0.0000   0.0000   0.0000   0.0000
   0.0000   0.0000   0.0000   0.0000   0.0000   1.0000   0.0000   0.0000   0.0000
   0.0000   0.0000   0.0000   0.0000   0.0000   0.0000   0.9998   0.0000   0.0000
   0.0000   0.0000   0.0000   0.0000   0.0000   0.0000   0.0000   0.9999   0.0000
   0.0000   0.0000   0.0000   0.0000   0.0000   0.0000   0.0000   0.0000   0.9999

eigenvalues of P_FN1_propos=  0.999834  0.999872  0.999948  0.999955  0.999971  0.999976  0.999984  0.999987  1.000000
psi for P_FN1_propos=   0.8022   0.0189   0.0996   0.0466   0.0120   0.0078   0.0002   0.0004   0.0124
psiG**2 * P_L       =   0.8022   0.0189   0.0996   0.0466   0.0120   0.0078   0.0002   0.0004   0.0124
Above 2 lines should be equal since proposal part of P_FN1 has dominant state psiG**2 * P_L
The exception to this occurs when there is no sign problem, but some components of psiG have the wrong sign, in which case one has 2 decoupled spaces with degenerate dominant eigenvalues

gradient_vmc_FD, gradient_vmc= -0.000057 -0.000057
E_L_der =         -0.0893   2.9392   0.2722  -0.9394  -0.4949   1.5603  12.4313  -4.0387   2.1169
E_L_der_increm =  -0.0893   2.9392   0.2722  -0.9394  -0.4949   1.5603  12.4313  -4.0387   2.1169
The above 2 lines should be equal
psiFN1_psiG  =   0.8022   0.0189   0.0996   0.0466   0.0120   0.0078   0.0002   0.0004   0.0124
psiG_increm**2=                 0.8022    0.0189    0.0996    0.0466    0.0120    0.0078    0.0002    0.0004    0.0124
psiG_increm**2 * P_L_increm=    0.8022    0.0189    0.0996    0.0466    0.0120    0.0078    0.0002    0.0004    0.0124
psiFN_psiG_increm=              0.8022    0.0189    0.0996    0.0466    0.0120    0.0078    0.0002    0.0004    0.0124
W_prod_increm                   1.0000    1.0002    0.9999    1.0000    0.9997    1.0001    1.0007    0.9994    1.0002
W_prod                          1.0000    1.0002    0.9999    1.0000    0.9997    1.0001    1.0007    0.9994    1.0002
W_prod_increm                  1.000011820   1.000223063   0.999861574   1.000014487   0.999704905   1.000122584   1.000728742   0.999391336   1.000171648
W_prod                         1.000011809   1.000223366   0.999861615   1.000014434   0.999704901   1.000122652   1.000728928   0.999391314   1.000171732
W_prod_der=                     0.1115   -3.0308   -0.4144    0.5262    0.0367   -0.6862   -1.8589    0.2127   -0.8412

E_FN1, E_FN1_increm, gradient_FN1_FD, gradient_FN1= -1.153737 -1.153737  0.000999 -0.000023

gradient_FN1_FD, gradient_FN1, 1st+2*2nd terms, gradient_FN1_1, gradient_FN1_2, gradient_FN1_3=  0.000999 -0.000023 -0.000023 -0.000057  0.000017  0.000017
------------------------------------------------------------

Data set    2

H=
  -1.0000   0.2078   0.2465  -0.1774   0.1550   0.0818   0.1172   0.0597   0.0351
   0.2078  -0.7500   0.0317   0.1078  -0.1529   0.2204  -0.0884   0.0460  -0.1722
   0.2465   0.0317  -0.5000  -0.0188   0.1205   0.0786   0.1065   0.0542  -0.2134
  -0.1774   0.1078  -0.0188  -0.2500   0.1196   0.2078   0.0252   0.1955   0.1204
   0.1550  -0.1529   0.1205   0.1196   0.0000  -0.1889   0.1373  -0.1491  -0.1836
   0.0818   0.2204   0.0786   0.2078  -0.1889   0.2500   0.0471   0.2473  -0.0761
   0.1172  -0.0884   0.1065   0.0252   0.1373   0.0471   0.5000  -0.0512   0.1073
   0.0597   0.0460   0.0542   0.1955  -0.1491   0.2473  -0.0512   0.7500  -0.1677
   0.0351  -0.1722  -0.2134   0.1204  -0.1836  -0.0761   0.1073  -0.1677   1.0000

eigenval_p,eigenval_h=  1.000000 -1.275242
psi for P    =   0.8174  -0.4330  -0.2248   0.2275  -0.1681  -0.0167  -0.0476  -0.0495  -0.0940

eigenvalues of P=  0.999951  0.999957  0.999963  0.999970  0.999975  0.999980  0.999985  0.999990  1.000000
eigenvalues of H=  1.196769  0.883489  0.576467  0.242178 -0.021770 -0.294090 -0.547235 -0.760567 -1.275242
tau, tau_max= 0.000020 0.404529
P=
   1.0000  -0.0000  -0.0000   0.0000  -0.0000  -0.0000  -0.0000  -0.0000  -0.0000
  -0.0000   1.0000  -0.0000  -0.0000   0.0000  -0.0000   0.0000  -0.0000   0.0000
  -0.0000  -0.0000   1.0000   0.0000  -0.0000  -0.0000  -0.0000  -0.0000   0.0000
   0.0000  -0.0000   0.0000   1.0000  -0.0000  -0.0000  -0.0000  -0.0000  -0.0000
  -0.0000   0.0000  -0.0000  -0.0000   1.0000   0.0000  -0.0000   0.0000   0.0000
  -0.0000  -0.0000  -0.0000  -0.0000   0.0000   1.0000  -0.0000  -0.0000   0.0000
  -0.0000   0.0000  -0.0000  -0.0000  -0.0000  -0.0000   1.0000   0.0000  -0.0000
  -0.0000  -0.0000  -0.0000  -0.0000   0.0000  -0.0000   0.0000   1.0000   0.0000
  -0.0000   0.0000   0.0000  -0.0000   0.0000   0.0000  -0.0000   0.0000   1.0000

sum_P_eig,sum_abs_P_eig,sign_condition_number=  2.078525  2.078538  0.731432

P after making eigenvec +ve =
   1.0000   0.0000   0.0000   0.0000   0.0000   0.0000   0.0000   0.0000   0.0000
   0.0000   1.0000  -0.0000   0.0000   0.0000  -0.0000   0.0000  -0.0000   0.0000
   0.0000  -0.0000   1.0000  -0.0000  -0.0000  -0.0000  -0.0000  -0.0000   0.0000
   0.0000   0.0000  -0.0000   1.0000   0.0000   0.0000   0.0000   0.0000   0.0000
   0.0000   0.0000  -0.0000   0.0000   1.0000   0.0000  -0.0000   0.0000   0.0000
   0.0000  -0.0000  -0.0000   0.0000   0.0000   1.0000  -0.0000  -0.0000   0.0000
   0.0000   0.0000  -0.0000   0.0000  -0.0000  -0.0000   1.0000   0.0000  -0.0000
   0.0000  -0.0000  -0.0000   0.0000   0.0000  -0.0000   0.0000   1.0000   0.0000
   0.0000   0.0000   0.0000   0.0000   0.0000   0.0000  -0.0000   0.0000   1.0000

1+(E_0*1-H) (i.e. P with tau=1) after making eigenvec +ve =
   0.7248  -0.2078  -0.2465  -0.1774  -0.1550  -0.0818  -0.1172  -0.0597  -0.0351
  -0.2078   0.4748   0.0317  -0.1078  -0.1529   0.2204  -0.0884   0.0460  -0.1722
  -0.2465   0.0317   0.2248   0.0188   0.1205   0.0786   0.1065   0.0542  -0.2134
  -0.1774  -0.1078   0.0188  -0.0252  -0.1196  -0.2078  -0.0252  -0.1955  -0.1204
  -0.1550  -0.1529   0.1205  -0.1196  -0.2752  -0.1889   0.1373  -0.1491  -0.1836
  -0.0818   0.2204   0.0786  -0.2078  -0.1889  -0.5252   0.0471   0.2473  -0.0761
  -0.1172  -0.0884   0.1065  -0.0252   0.1373   0.0471  -0.7752  -0.0512   0.1073
  -0.0597   0.0460   0.0542  -0.1955  -0.1491   0.2473  -0.0512  -1.0252  -0.1677
  -0.0351  -0.1722  -0.2134  -0.1204  -0.1836  -0.0761   0.1073  -0.1677  -1.2752
psi0         =   0.8174   0.4330   0.2248   0.2275   0.1681   0.0167   0.0476   0.0495   0.0940
psiG         =   0.8174   0.4330   0.2249   0.2275   0.1680   0.0167   0.0476   0.0495   0.0940

E_G= -1.275242

H_imp=
  -1.0000  -0.3923  -0.8962  -0.6374  -0.7541  -4.0018  -2.0140  -0.9856  -0.3055
  -0.1101  -0.7500   0.0610  -0.2052  -0.3941   5.7143  -0.8047   0.4027  -0.7929
  -0.0678   0.0165  -0.5000   0.0186   0.1612   1.0578   0.5033   0.2464  -0.5104
  -0.0494  -0.0567   0.0190  -0.2500  -0.1619  -2.8304  -0.1205  -0.8988  -0.2913
  -0.0319  -0.0594   0.0900  -0.0883   0.0000  -1.9006   0.4850  -0.5064  -0.3282
  -0.0017   0.0085   0.0058  -0.0153  -0.0188   0.2500   0.0165   0.0835  -0.0135
  -0.0068  -0.0097   0.0225  -0.0053   0.0389   0.1341   0.5000  -0.0492   0.0543
  -0.0036   0.0053   0.0119  -0.0425  -0.0439   0.7327  -0.0532   0.7500  -0.0883
  -0.0040  -0.0374  -0.0892  -0.0497  -0.1027  -0.4284   0.2119  -0.3185   1.0000

P_imp=
   1.0000   0.0000   0.0000   0.0000   0.0000   0.0001   0.0000   0.0000   0.0000
   0.0000   1.0000  -0.0000   0.0000   0.0000  -0.0001   0.0000  -0.0000   0.0000
   0.0000  -0.0000   1.0000  -0.0000  -0.0000  -0.0000  -0.0000  -0.0000   0.0000
   0.0000   0.0000  -0.0000   1.0000   0.0000   0.0001   0.0000   0.0000   0.0000
   0.0000   0.0000  -0.0000   0.0000   1.0000   0.0000  -0.0000   0.0000   0.0000
   0.0000  -0.0000  -0.0000   0.0000   0.0000   1.0000  -0.0000  -0.0000   0.0000
   0.0000   0.0000  -0.0000   0.0000  -0.0000  -0.0000   1.0000   0.0000  -0.0000
   0.0000  -0.0000  -0.0000   0.0000   0.0000  -0.0000   0.0000   1.0000   0.0000
   0.0000   0.0000   0.0000   0.0000   0.0000   0.0000  -0.0000   0.0000   1.0000
tau_av_expon_proj    = 3.633140 1.707519 0.836295 0.941334 0.596787 0.059524 0.237581 0.286436 0.419370
tau_av_expon_proj_new= 3.633167 1.903884 1.289920 0.975379 0.784165 0.655634 0.563303 0.493768 0.439514
factor=                1.000007 1.108646 1.421438 1.035522 1.269917 2.482366 1.782892 1.521805 1.046899
factor2=                 1.0000   1.1150   1.5424   1.0362   1.3140  11.0147   2.3710   1.7238   1.0480

eigenvalues of P_imp=  0.999951  0.999957  0.999963  0.999970  0.999975  0.999980  0.999985  0.999990  1.000000
eigenvalues of H_imp=  1.196769  0.883489  0.576467  0.242178 -0.021770 -0.294090 -0.547235 -0.760567 -1.275242

eigenval_p,eigenval_h=  1.000000 -1.275242
psi0_psiG    =   0.6682   0.1874   0.0506   0.0517   0.0282   0.0003   0.0023   0.0024   0.0088

imp-sampled: sum_P_eig,sum_abs_P_eig,sign_condition_number=  1.000000  1.000001  0.941645

P_FN1=
   1.0000   0.0000   0.0000   0.0000   0.0000   0.0001   0.0000   0.0000   0.0000
   0.0000   1.0000   0.0000   0.0000   0.0000   0.0000   0.0000   0.0000   0.0000
   0.0000   0.0000   1.0000   0.0000   0.0000   0.0000   0.0000   0.0000   0.0000
   0.0000   0.0000   0.0000   1.0000   0.0000   0.0001   0.0000   0.0000   0.0000
   0.0000   0.0000   0.0000   0.0000   1.0000   0.0000   0.0000   0.0000   0.0000
   0.0000   0.0000   0.0000   0.0000   0.0000   0.9998   0.0000   0.0000   0.0000
   0.0000   0.0000   0.0000   0.0000   0.0000   0.0000   0.9999   0.0000   0.0000
   0.0000   0.0000   0.0000   0.0000   0.0000   0.0000   0.0000   0.9999   0.0000
   0.0000   0.0000   0.0000   0.0000   0.0000   0.0000   0.0000   0.0000   1.0000

eigenvalues of P_FN1=  0.999816  0.999940  0.999944  0.999952  0.999970  0.999979  0.999980  0.999988  1.000000
eigenvalues of H_FN1=  7.900040  1.737569  1.548682  1.104602  0.221106 -0.209747 -0.268606 -0.656664 -1.275242

eigenval_p,eigenval_h=  1.000000 -1.275242
psiFN1_psiG =    0.6682   0.1874   0.0506   0.0517   0.0282   0.0003   0.0023   0.0024   0.0088

E_0, E_G, E_FN1, E_G-E_0, E_FN1-E_0, rms fluctuation of E_L  -1.27524  -1.27524  -1.27524   0.00000   0.00000   0.00010
E_L     =  -1.2752  -1.2752  -1.2751  -1.2752  -1.2754  -1.2722  -1.2757  -1.2760  -1.2759
P_L     =   1.0000   1.0000   1.0000   1.0000   1.0000   1.0000   1.0000   1.0000   1.0000
P_abs_L =   1.0000   1.0000   1.0000   1.0000   1.0000   1.0002   1.0000   1.0000   1.0000

P_propos=
   1.0000   0.0000   0.0000   0.0000   0.0000   0.0001   0.0000   0.0000   0.0000
   0.0000   1.0000   0.0000   0.0000   0.0000   0.0000   0.0000   0.0000   0.0000
   0.0000   0.0000   1.0000   0.0000   0.0000   0.0000   0.0000   0.0000   0.0000
   0.0000   0.0000   0.0000   1.0000   0.0000   0.0001   0.0000   0.0000   0.0000
   0.0000   0.0000   0.0000   0.0000   1.0000   0.0000   0.0000   0.0000   0.0000
   0.0000   0.0000   0.0000   0.0000   0.0000   0.9998   0.0000   0.0000   0.0000
   0.0000   0.0000   0.0000   0.0000   0.0000   0.0000   0.9999   0.0000   0.0000
   0.0000   0.0000   0.0000   0.0000   0.0000   0.0000   0.0000   0.9999   0.0000
   0.0000   0.0000   0.0000   0.0000   0.0000   0.0000   0.0000   0.0000   1.0000
sum P_propos  1.000000  1.000000  1.000000  1.000000  1.000000  1.000000  1.000000  1.000000  1.000000
E_FN1= -1.275242 -1.275242
psiG**2=         0.6682   0.1874   0.0506   0.0517   0.0282   0.0003   0.0023   0.0024   0.0088
psiG**2 * P_L=   0.6682   0.1874   0.0506   0.0517   0.0282   0.0003   0.0023   0.0024   0.0088
psiFN_psiG=      0.6682   0.1874   0.0506   0.0517   0.0282   0.0003   0.0023   0.0024   0.0088
P_L=             1.0000   1.0000   1.0000   1.0000   1.0000   1.0000   1.0000   1.0000   1.0000
W_prod=          1.0000   1.0000   0.9999   1.0000   1.0002   0.9997   1.0001   1.0003   1.0003

P_markov=
   1.0000   0.0000   0.0000   0.0000   0.0000   0.0001   0.0000   0.0000   0.0000
   0.0000   1.0000   0.0000   0.0000   0.0000   0.0000   0.0000   0.0000   0.0000
   0.0000   0.0000   1.0000   0.0000   0.0000   0.0000   0.0000   0.0000   0.0000
   0.0000   0.0000   0.0000   1.0000   0.0000   0.0001   0.0000   0.0000   0.0000
   0.0000   0.0000   0.0000   0.0000   1.0000   0.0000   0.0000   0.0000   0.0000
   0.0000   0.0000   0.0000   0.0000   0.0000   0.9998   0.0000   0.0000   0.0000
   0.0000   0.0000   0.0000   0.0000   0.0000   0.0000   0.9999   0.0000   0.0000
   0.0000   0.0000   0.0000   0.0000   0.0000   0.0000   0.0000   0.9999   0.0000
   0.0000   0.0000   0.0000   0.0000   0.0000   0.0000   0.0000   0.0000   1.0000

eigenvalues of P_markov=  0.999817  0.999940  0.999944  0.999952  0.999970  0.999979  0.999980  0.999988  1.000000
eigenvalues of H_markov=  7.895646  1.737934  1.549332  1.105237  0.221284 -0.209788 -0.268681 -0.656692 -1.275242

eigenval_p,eigenval_h=  1.000000 -1.275242
psi for P_mar=   0.6682   0.1874   0.0506   0.0517   0.0282   0.0003   0.0023   0.0024   0.0088
psiG**2      =   0.6682   0.1874   0.0506   0.0517   0.0282   0.0003   0.0023   0.0024   0.0088
Above 2 lines should be equal since Markov matrix has dominant state psiG**2
The exception to this occurs when there is no sign problem, but some components of psiG have the wrong sign, in which case one has 2 decoupled spaces with degenerate dominant eigenvalues

P_FN3=
   1.0000   0.0000   0.0000   0.0000   0.0000   0.0001   0.0000   0.0000   0.0000
   0.0000   1.0000   0.0000   0.0000   0.0000   0.0000   0.0000   0.0000   0.0000
   0.0000   0.0000   1.0000   0.0000   0.0000   0.0000   0.0000   0.0000   0.0000
   0.0000   0.0000   0.0000   1.0000   0.0000   0.0001   0.0000   0.0000   0.0000
   0.0000   0.0000   0.0000   0.0000   1.0000   0.0000   0.0000   0.0000   0.0000
   0.0000   0.0000   0.0000   0.0000   0.0000   0.9998   0.0000   0.0000   0.0000
   0.0000   0.0000   0.0000   0.0000   0.0000   0.0000   0.9999   0.0000   0.0000
   0.0000   0.0000   0.0000   0.0000   0.0000   0.0000   0.0000   0.9999   0.0000
   0.0000   0.0000   0.0000   0.0000   0.0000   0.0000   0.0000   0.0000   1.0000
E_FN3= -1.275242 -1.275242

eigenvalues of P_FN3=  0.999817  0.999940  0.999944  0.999952  0.999970  0.999979  0.999980  0.999988  1.000000
eigenvalues of H_FN3=  7.898639  1.737498  1.548641  1.104592  0.221098 -0.209751 -0.268609 -0.656665 -1.275242

eigenval_p,eigenval_h=  1.000000 -1.275242
psiFN3_psiG  =   0.6682   0.1874   0.0506   0.0517   0.0282   0.0003   0.0023   0.0024   0.0088

P_FN4=
   1.0000   0.0000   0.0000   0.0000   0.0000   0.0001   0.0000   0.0000   0.0000
   0.0000   1.0000   0.0000   0.0000   0.0000   0.0000   0.0000   0.0000   0.0000
   0.0000   0.0000   1.0000   0.0000   0.0000   0.0000   0.0000   0.0000   0.0000
   0.0000   0.0000   0.0000   1.0000   0.0000   0.0001   0.0000   0.0000   0.0000
   0.0000   0.0000   0.0000   0.0000   1.0000   0.0000   0.0000   0.0000   0.0000
   0.0000   0.0000   0.0000   0.0000   0.0000   0.9998   0.0000   0.0000   0.0000
   0.0000   0.0000   0.0000   0.0000   0.0000   0.0000   0.9999   0.0000   0.0000
   0.0000   0.0000   0.0000   0.0000   0.0000   0.0000   0.0000   0.9999   0.0000
   0.0000   0.0000   0.0000   0.0000   0.0000   0.0000   0.0000   0.0000   1.0000
E_FN4= -1.275242 -1.275242

eigenvalues of P_FN4=  0.999817  0.999940  0.999944  0.999952  0.999970  0.999979  0.999980  0.999988  1.000000
eigenvalues of H_FN4=  7.898641  1.737498  1.548643  1.104597  0.221101 -0.209749 -0.268608 -0.656664 -1.275242

eigenval_p,eigenval_h=  1.000000 -1.275242
psiFN4_psiG  =   0.6682   0.1874   0.0506   0.0517   0.0282   0.0003   0.0023   0.0024   0.0088

P_FN5=
   1.0000   0.0000   0.0000   0.0000   0.0000   0.0000   0.0000   0.0000   0.0000
   0.0000   1.0000   0.0000   0.0000   0.0000   0.0000   0.0000   0.0000   0.0000
   0.0000   0.0000   1.0000   0.0000   0.0000   0.0000   0.0000   0.0000   0.0000
   0.0000   0.0000   0.0000   1.0000   0.0000   0.0000   0.0000   0.0000   0.0000
   0.0000   0.0000   0.0000   0.0000   1.0000   0.0000   0.0000   0.0000   0.0000
   0.0000   0.0000   0.0000   0.0000   0.0000   1.0000   0.0000   0.0000   0.0000
   0.0000   0.0000   0.0000   0.0000   0.0000   0.0000   1.0000   0.0000   0.0000
   0.0000   0.0000   0.0000   0.0000   0.0000   0.0000   0.0000   1.0000   0.0000
   0.0000   0.0000   0.0000   0.0000   0.0000   0.0000   0.0000   0.0000   1.0000
E_FN5= -1.275238 -1.275238

eigenvalues of P_FN5=  0.999952  0.999959  0.999964  0.999969  0.999974  0.999980  0.999983  0.999988  1.000000
eigenvalues of H_FN5=  1.107282  0.762071  0.504852  0.272422  0.033929 -0.274412 -0.435013 -0.695893 -1.275238

eigenval_p,eigenval_h=  1.000000 -1.275238
psiFN5_psiG  =   0.6463   0.1917   0.0622   0.0510   0.0316   0.0016   0.0037   0.0032   0.0088

E_G, E_FN1, E_FN3, E_FN4, E_0, recover_FN1, recover_FN3, recover_FN4, 1-ovlp_FN1, 1-ovlp_FN3, 1-ovlp_FN4, sign_cond_num= -1.275242 -1.275242 -1.275242 -1.275242 -1.275242 0.665 0.675 0.660 5.E-11 5.E-11 5.E-11 0.942

P_propos2=
   1.0000   0.0000   0.0000   0.0000   0.0000   0.0001   0.0000   0.0000   0.0000
   0.0000   1.0000   0.0000   0.0000   0.0000   0.0000   0.0000   0.0000   0.0000
   0.0000   0.0000   1.0000   0.0000   0.0000   0.0000   0.0000   0.0000   0.0000
   0.0000   0.0000   0.0000   1.0000   0.0000   0.0001   0.0000   0.0000   0.0000
   0.0000   0.0000   0.0000   0.0000   1.0000   0.0000   0.0000   0.0000   0.0000
   0.0000   0.0000   0.0000   0.0000   0.0000   0.9998   0.0000   0.0000   0.0000
   0.0000   0.0000   0.0000   0.0000   0.0000   0.0000   0.9999   0.0000   0.0000
   0.0000   0.0000   0.0000   0.0000   0.0000   0.0000   0.0000   0.9999   0.0000
   0.0000   0.0000   0.0000   0.0000   0.0000   0.0000   0.0000   0.0000   1.0000

eigenvalues of P_FN1_propos=  0.999817  0.999940  0.999944  0.999952  0.999970  0.999979  0.999980  0.999988  1.000000
psi for P_FN1_propos=   0.6682   0.1874   0.0506   0.0517   0.0282   0.0003   0.0023   0.0024   0.0088
psiG**2 * P_L       =   0.6682   0.1874   0.0506   0.0517   0.0282   0.0003   0.0023   0.0024   0.0088
Above 2 lines should be equal since proposal part of P_FN1 has dominant state psiG**2 * P_L
The exception to this occurs when there is no sign problem, but some components of psiG have the wrong sign, in which case one has 2 decoupled spaces with degenerate dominant eigenvalues

gradient_vmc_FD, gradient_vmc=  0.000028  0.000028
E_L_der =         -0.2542   1.2131   0.1409  -0.4740  -0.9102  13.1984  -1.8585   0.9302  -1.8315
E_L_der_increm =  -0.2542   1.2131   0.1409  -0.4740  -0.9102  13.1984  -1.8585   0.9302  -1.8315
The above 2 lines should be equal
psiFN1_psiG  =   0.6682   0.1874   0.0506   0.0517   0.0282   0.0003   0.0023   0.0024   0.0088
psiG_increm**2=                 0.6682    0.1874    0.0506    0.0517    0.0282    0.0003    0.0023    0.0024    0.0088
psiG_increm**2 * P_L_increm=    0.6682    0.1874    0.0506    0.0517    0.0282    0.0003    0.0023    0.0024    0.0088
psiFN_psiG_increm=              0.6682    0.1874    0.0506    0.0517    0.0282    0.0003    0.0023    0.0024    0.0088
W_prod_increm                   1.0000    1.0000    0.9999    1.0000    1.0002    0.9997    1.0001    1.0003    1.0003
W_prod                          1.0000    1.0000    0.9999    1.0000    1.0002    0.9997    1.0001    1.0003    1.0003
W_prod_increm                  1.000001701   0.999980361   0.999898141   0.999992841   1.000154702   0.999717357   1.000141011   1.000325736   1.000301020
W_prod                         1.000001659   0.999980537   0.999898113   0.999992801   1.000154660   0.999717459   1.000140967   1.000325729   1.000300980
W_prod_der=                     0.4186   -1.7665    0.2748    0.4083    0.4209   -1.0262    0.4430    0.0773    0.4078

E_FN1, E_FN1_increm, gradient_FN1_FD, gradient_FN1= -1.275242 -1.275242 -0.001277 -0.000002

gradient_FN1_FD, gradient_FN1, 1st+2*2nd terms, gradient_FN1_1, gradient_FN1_2, gradient_FN1_3= -0.001277 -0.000002 -0.000002  0.000028 -0.000015 -0.000015
------------------------------------------------------------

Data set    3

H=
  -1.0000   0.0404   0.0718  -0.0811   0.1244  -0.0287  -0.1692  -0.0427  -0.1855
   0.0404  -0.7500   0.0116  -0.1719   0.1516  -0.0466   0.2187  -0.1013   0.0946
   0.0718   0.0116  -0.5000   0.2356  -0.0595  -0.1163   0.2479  -0.1902  -0.0795
  -0.0811  -0.1719   0.2356  -0.2500  -0.0695   0.2271   0.0548   0.1091  -0.0390
   0.1244   0.1516  -0.0595  -0.0695   0.0000  -0.1933  -0.1028  -0.1993  -0.1509
  -0.0287  -0.0466  -0.1163   0.2271  -0.1933   0.2500   0.0086  -0.2237   0.1178
  -0.1692   0.2187   0.2479   0.0548  -0.1028   0.0086   0.5000   0.0091  -0.1426
  -0.0427  -0.1013  -0.1902   0.1091  -0.1993  -0.2237   0.0091   0.7500  -0.1474
  -0.1855   0.0946  -0.0795  -0.0390  -0.1509   0.1178  -0.1426  -0.1474   1.0000

eigenval_p,eigenval_h=  1.000000 -1.090220
psi for P    =   0.9278  -0.1370  -0.2455   0.1362  -0.0797  -0.0542   0.1543  -0.0284   0.0876

eigenvalues of P=  0.999955  0.999962  0.999966  0.999970  0.999981  0.999982  0.999992  0.999996  1.000000
eigenvalues of H=  1.158502  0.826606  0.629632  0.400707 -0.139383 -0.191035 -0.707961 -0.886848 -1.090220
tau, tau_max= 0.000020 0.444697
P=
   1.0000  -0.0000  -0.0000   0.0000  -0.0000   0.0000   0.0000   0.0000   0.0000
  -0.0000   1.0000  -0.0000   0.0000  -0.0000   0.0000  -0.0000   0.0000  -0.0000
  -0.0000  -0.0000   1.0000  -0.0000   0.0000   0.0000  -0.0000   0.0000   0.0000
   0.0000   0.0000  -0.0000   1.0000   0.0000  -0.0000  -0.0000  -0.0000   0.0000
  -0.0000  -0.0000   0.0000   0.0000   1.0000   0.0000   0.0000   0.0000   0.0000
   0.0000   0.0000   0.0000  -0.0000   0.0000   1.0000  -0.0000   0.0000  -0.0000
   0.0000  -0.0000  -0.0000  -0.0000   0.0000  -0.0000   1.0000  -0.0000   0.0000
   0.0000   0.0000   0.0000  -0.0000   0.0000   0.0000  -0.0000   1.0000   0.0000
   0.0000  -0.0000   0.0000   0.0000   0.0000  -0.0000   0.0000   0.0000   1.0000

sum_P_eig,sum_abs_P_eig,sign_condition_number=  1.850582  1.850593  0.741298

P after making eigenvec +ve =
   1.0000   0.0000   0.0000   0.0000   0.0000  -0.0000   0.0000  -0.0000   0.0000
   0.0000   1.0000  -0.0000  -0.0000  -0.0000   0.0000   0.0000   0.0000   0.0000
   0.0000  -0.0000   1.0000   0.0000   0.0000   0.0000   0.0000   0.0000  -0.0000
   0.0000  -0.0000   0.0000   1.0000  -0.0000   0.0000  -0.0000   0.0000   0.0000
   0.0000  -0.0000   0.0000  -0.0000   1.0000   0.0000  -0.0000   0.0000  -0.0000
  -0.0000   0.0000   0.0000   0.0000   0.0000   1.0000   0.0000   0.0000   0.0000
   0.0000   0.0000   0.0000  -0.0000  -0.0000   0.0000   1.0000   0.0000   0.0000
  -0.0000   0.0000   0.0000   0.0000   0.0000   0.0000   0.0000   1.0000  -0.0000
   0.0000   0.0000  -0.0000   0.0000  -0.0000   0.0000   0.0000  -0.0000   1.0000

1+(E_0*1-H) (i.e. P with tau=1) after making eigenvec +ve =
   0.9098  -0.0404  -0.0718  -0.0811  -0.1244   0.0287  -0.1692   0.0427  -0.1855
  -0.0404   0.6598   0.0116   0.1719   0.1516  -0.0466  -0.2187  -0.1013  -0.0946
  -0.0718   0.0116   0.4098  -0.2356  -0.0595  -0.1163  -0.2479  -0.1902   0.0795
  -0.0811   0.1719  -0.2356   0.1598   0.0695  -0.2271   0.0548  -0.1091  -0.0390
  -0.1244   0.1516  -0.0595   0.0695  -0.0902  -0.1933   0.1028  -0.1993   0.1509
   0.0287  -0.0466  -0.1163  -0.2271  -0.1933  -0.3402  -0.0086  -0.2237  -0.1178
  -0.1692  -0.2187  -0.2479   0.0548   0.1028  -0.0086  -0.5902  -0.0091  -0.1426
   0.0427  -0.1013  -0.1902  -0.1091  -0.1993  -0.2237  -0.0091  -0.8402   0.1474
  -0.1855  -0.0946   0.0795  -0.0390   0.1509  -0.1178  -0.1426   0.1474  -1.0902
psi0         =   0.9278   0.1370   0.2455   0.1362   0.0797   0.0542   0.1543   0.0284   0.0876
psiG         =   0.9278   0.1369   0.2455   0.1361   0.0797   0.0542   0.1543   0.0284   0.0876

E_G= -1.090220

H_imp=
  -1.0000  -0.2739  -0.2715  -0.5530  -1.4480   0.4906  -1.0174   1.3958  -1.9644
  -0.0060  -0.7500   0.0065   0.1729   0.2604  -0.1176  -0.1941  -0.4886  -0.1479
  -0.0190   0.0209  -0.5000  -0.4248  -0.1833  -0.5267  -0.3945  -1.6445   0.2227
  -0.0119   0.1709  -0.1306  -0.2500   0.1188  -0.5704   0.0483  -0.5234  -0.0606
  -0.0107   0.0882  -0.0193   0.0407   0.0000  -0.2842   0.0531  -0.5597   0.1373
   0.0017  -0.0184  -0.0257  -0.0904  -0.1314   0.2500  -0.0030  -0.4272  -0.0729
  -0.0281  -0.2464  -0.1558   0.0621   0.1991  -0.0246   0.5000  -0.0493  -0.2511
   0.0013  -0.0210  -0.0220  -0.0228  -0.0710  -0.1172  -0.0017   0.7500   0.0478
  -0.0175  -0.0605   0.0283  -0.0251   0.1658  -0.1904  -0.0809   0.4549   1.0000

P_imp=
   1.0000   0.0000   0.0000   0.0000   0.0000  -0.0000   0.0000  -0.0000   0.0000
   0.0000   1.0000  -0.0000  -0.0000  -0.0000   0.0000   0.0000   0.0000   0.0000
   0.0000  -0.0000   1.0000   0.0000   0.0000   0.0000   0.0000   0.0000  -0.0000
   0.0000  -0.0000   0.0000   1.0000  -0.0000   0.0000  -0.0000   0.0000   0.0000
   0.0000  -0.0000   0.0000  -0.0000   1.0000   0.0000  -0.0000   0.0000  -0.0000
  -0.0000   0.0000   0.0000   0.0000   0.0000   1.0000   0.0000   0.0000   0.0000
   0.0000   0.0000   0.0000  -0.0000  -0.0000   0.0000   1.0000   0.0000   0.0000
  -0.0000   0.0000   0.0000   0.0000   0.0000   0.0000   0.0000   1.0000  -0.0000
   0.0000   0.0000  -0.0000   0.0000  -0.0000   0.0000   0.0000  -0.0000   1.0000
