Input hamiltonian
hamiltonian=random                                                                          
Input ndim, E_T, tau
ndim, E_T, tau=    9-20.000000 0.300000
Input fraction_positive, off_diag_mag, psiG_noise
fraction_positive, off_diag_mag,psiG_noise= 0.500000 0.500000 0.200000
psiG_correct_sign
psiG_correct_sign= T
Input irand_seed
irand_seed=1425565376542456

Data set    1

H=
  -1.0000   0.0800   0.1401  -0.1696   0.0630   0.1789  -0.0366  -0.0928  -0.2290
   0.0800  -0.7500   0.0859   0.2028  -0.0542   0.1379   0.1569  -0.0799  -0.2353
   0.1401   0.0859  -0.5000   0.1165  -0.2461  -0.0961  -0.2234  -0.1402   0.2370
  -0.1696   0.2028   0.1165  -0.2500  -0.0711  -0.2226   0.0454   0.1250  -0.0263
   0.0630  -0.0542  -0.2461  -0.0711   0.0000  -0.0210   0.1375  -0.2232  -0.0393
   0.1789   0.1379  -0.0961  -0.2226  -0.0210   0.2500  -0.2276  -0.1955  -0.0772
  -0.0366   0.1569  -0.2234   0.0454   0.1375  -0.2276   0.5000  -0.2075  -0.1275
  -0.0928  -0.0799  -0.1402   0.1250  -0.2232  -0.1955  -0.2075   0.7500  -0.0525
  -0.2290  -0.2353   0.2370  -0.0263  -0.0393  -0.0772  -0.1275  -0.0525   1.0000

eigenval_p,eigenval_h=  1.000000 -1.153737
psi for P    =   0.8957  -0.1375  -0.3155   0.2159  -0.1095  -0.0884  -0.0127  -0.0197   0.1112

eigenvalues of P=  0.307532  0.366468  0.447570  0.609001  0.647832  0.736600  0.836754  0.933155  1.000000
eigenvalues of H=  1.154489  0.958038  0.687698  0.149593  0.020158 -0.275736 -0.609584 -0.930919 -1.153737
tau, tau_max= 0.300000 0.433233
P=
   0.9539  -0.0240  -0.0420   0.0509  -0.0189  -0.0537   0.0110   0.0278   0.0687
  -0.0240   0.8789  -0.0258  -0.0608   0.0163  -0.0414  -0.0471   0.0240   0.0706
  -0.0420  -0.0258   0.8039  -0.0350   0.0738   0.0288   0.0670   0.0421  -0.0711
   0.0509  -0.0608  -0.0350   0.7289   0.0213   0.0668  -0.0136  -0.0375   0.0079
  -0.0189   0.0163   0.0738   0.0213   0.6539   0.0063  -0.0413   0.0670   0.0118
  -0.0537  -0.0414   0.0288   0.0668   0.0063   0.5789   0.0683   0.0587   0.0232
   0.0110  -0.0471   0.0670  -0.0136  -0.0413   0.0683   0.5039   0.0622   0.0383
   0.0278   0.0240   0.0421  -0.0375   0.0670   0.0587   0.0622   0.4289   0.0158
   0.0687   0.0706  -0.0711   0.0079   0.0118   0.0232   0.0383   0.0158   0.3539

sum_P_eig,sum_abs_P_eig,sign_condition_number=  1.905979  2.160793  0.658188

P after making eigenvec +ve =
   0.9539   0.0240   0.0420   0.0509   0.0189   0.0537  -0.0110  -0.0278   0.0687
   0.0240   0.8789  -0.0258   0.0608   0.0163  -0.0414  -0.0471   0.0240  -0.0706
   0.0420  -0.0258   0.8039   0.0350   0.0738   0.0288   0.0670   0.0421   0.0711
   0.0509   0.0608   0.0350   0.7289  -0.0213  -0.0668   0.0136   0.0375   0.0079
   0.0189   0.0163   0.0738  -0.0213   0.6539   0.0063  -0.0413   0.0670  -0.0118
   0.0537  -0.0414   0.0288  -0.0668   0.0063   0.5789   0.0683   0.0587  -0.0232
  -0.0110  -0.0471   0.0670   0.0136  -0.0413   0.0683   0.5039   0.0622  -0.0383
  -0.0278   0.0240   0.0421   0.0375   0.0670   0.0587   0.0622   0.4289  -0.0158
   0.0687  -0.0706   0.0711   0.0079  -0.0118  -0.0232  -0.0383  -0.0158   0.3539

1+(E_0*1-H) (i.e. P with tau=1) after making eigenvec +ve =
   0.8463  -0.0800  -0.1401  -0.1696  -0.0630  -0.1789   0.0366   0.0928  -0.2290
  -0.0800   0.5963   0.0859  -0.2028  -0.0542   0.1379   0.1569  -0.0799   0.2353
  -0.1401   0.0859   0.3463  -0.1165  -0.2461  -0.0961  -0.2234  -0.1402  -0.2370
  -0.1696  -0.2028  -0.1165   0.0963   0.0711   0.2226  -0.0454  -0.1250  -0.0263
  -0.0630  -0.0542  -0.2461   0.0711  -0.1537  -0.0210   0.1375  -0.2232   0.0393
  -0.1789   0.1379  -0.0961   0.2226  -0.0210  -0.4037  -0.2276  -0.1955   0.0772
   0.0366   0.1569  -0.2234  -0.0454   0.1375  -0.2276  -0.6537  -0.2075   0.1275
   0.0928  -0.0799  -0.1402  -0.1250  -0.2232  -0.1955  -0.2075  -0.9037   0.0525
  -0.2290   0.2353  -0.2370  -0.0263   0.0393   0.0772   0.1275   0.0525  -1.1537
psi0         =   0.8957   0.1375   0.3155   0.2159   0.1095   0.0884   0.0127   0.0197   0.1112
psiG         =   0.8497   0.2024   0.3495   0.2064   0.1758   0.1022   0.0804   0.0860   0.1307

E_G= -1.131880

H_imp=
  -1.0000  -0.3357  -0.3407  -0.6985  -0.3046  -1.4875   0.3864   0.9170  -1.4884
  -0.0191  -0.7500   0.0498  -0.1989  -0.0624   0.2730   0.3950  -0.1880   0.3643
  -0.0576   0.1483  -0.5000  -0.1973  -0.4893  -0.3286  -0.9710  -0.5697  -0.6336
  -0.0412  -0.2068  -0.0688  -0.2500   0.0834   0.4495  -0.1166  -0.2999  -0.0416
  -0.0130  -0.0471  -0.1238   0.0606   0.0000  -0.0362   0.3007  -0.4562   0.0528
  -0.0215   0.0696  -0.0281   0.1103  -0.0122   0.2500  -0.2893  -0.2324   0.0604
   0.0035   0.0623  -0.0514  -0.0177   0.0629  -0.1790   0.5000  -0.1939   0.0784
   0.0094  -0.0339  -0.0345  -0.0521  -0.1092  -0.1645  -0.2219   0.7500   0.0346
  -0.0352   0.1519  -0.0886  -0.0167   0.0292   0.0988   0.2073   0.0799   1.0000

P_imp=
   0.9539   0.1007   0.1022   0.2095   0.0914   0.4463  -0.1159  -0.2751   0.4465
   0.0057   0.8789  -0.0149   0.0597   0.0187  -0.0819  -0.1185   0.0564  -0.1093
   0.0173  -0.0445   0.8039   0.0592   0.1468   0.0986   0.2913   0.1709   0.1901
   0.0124   0.0620   0.0206   0.7289  -0.0250  -0.1348   0.0350   0.0900   0.0125
   0.0039   0.0141   0.0371  -0.0182   0.6539   0.0108  -0.0902   0.1369  -0.0159
   0.0065  -0.0209   0.0084  -0.0331   0.0037   0.5789   0.0868   0.0697  -0.0181
  -0.0010  -0.0187   0.0154   0.0053  -0.0189   0.0537   0.5039   0.0582  -0.0235
  -0.0028   0.0102   0.0104   0.0156   0.0328   0.0494   0.0666   0.4289  -0.0104
   0.0106  -0.0456   0.0266   0.0050  -0.0088  -0.0296  -0.0622  -0.0240   0.3539
tau_av_expon_proj    = 4.986903 0.947243 1.272604 0.739649 0.867150 0.331454 0.346231 0.340484 0.363087
tau_av_expon_proj_new= 6.504622 2.476861 1.529668 1.106517 0.866749 0.712384 0.604691 0.525283 0.464309
factor=                1.262797 1.854403 1.182998 1.393129 0.999537 1.706979 1.533304 1.421637 1.243594
factor2=                 1.3043   2.6148   1.2020   1.4960   0.9995   2.1493   1.7465   1.5428   1.2788

eigenvalues of P_imp=  0.307532  0.366468  0.447570  0.609001  0.647832  0.736600  0.836754  0.933155  1.000000
eigenvalues of H_imp=  1.154489  0.958038  0.687698  0.149593  0.020158 -0.275736 -0.609584 -0.930919 -1.153737

eigenval_p,eigenval_h=  1.000000 -1.153737
psi0_psiG    =   0.7694   0.0281   0.1115   0.0450   0.0195   0.0091   0.0010   0.0017   0.0147

imp-sampled: sum_P_eig,sum_abs_P_eig,sign_condition_number=  1.000000  1.034747  0.892385

P_FN1=
   0.9500   0.1007   0.1022   0.2095   0.0914   0.4463   0.0000   0.0000   0.4465
   0.0057   0.7492   0.0000   0.0597   0.0187   0.0000   0.0000   0.0564   0.0000
   0.0173   0.0000   0.7890   0.0592   0.1468   0.0986   0.2913   0.1709   0.1901
   0.0124   0.0620   0.0206   0.6776   0.0000   0.0000   0.0350   0.0900   0.0125
   0.0039   0.0141   0.0371   0.0000   0.6012   0.0108   0.0000   0.1369   0.0000
   0.0065   0.0000   0.0084   0.0000   0.0037   0.3325   0.0868   0.0697   0.0000
   0.0000   0.0000   0.0154   0.0053   0.0000   0.0537   0.1171   0.0582   0.0000
   0.0000   0.0102   0.0104   0.0156   0.0328   0.0494   0.0666   0.1298   0.0000
   0.0106   0.0000   0.0266   0.0050   0.0000   0.0000   0.0000   0.0000   0.1767

eigenvalues of P_FN1=  0.054974  0.132487  0.163225  0.363774  0.578099  0.641410  0.773560  0.817361  0.998245
eigenvalues of H_FN1=  1.996348  1.737972  1.635514  0.967016  0.252600  0.041564 -0.398936 -0.544942 -1.147888

eigenval_p,eigenval_h=  0.998245 -1.147888
psiFN1_psiG =    0.7583   0.0306   0.1148   0.0446   0.0210   0.0098   0.0031   0.0041   0.0137

E_0, E_G, E_FN1, E_G-E_0, E_FN1-E_0, rms fluctuation of E_L  -1.15374  -1.13188  -1.14789   0.02186   0.00585   0.13794
E_L     =  -1.1748  -0.9413  -1.1863  -1.2603  -0.8021  -1.1245   0.1906  -0.1933  -0.5730
P_L     =   1.0081   0.9380   1.0115   1.0337   0.8963   0.9930   0.5985   0.7136   0.8275
P_abs_L =   1.0102   1.0659   1.0247   1.0832   0.9472   1.2376   0.9835   1.0109   1.0029

P_propos=
   0.9443   0.0945   0.0998   0.1934   0.0965   0.3606   0.0000   0.0000   0.4452
   0.0057   0.8245   0.0000   0.0551   0.0198   0.0000   0.0000   0.0558   0.0000
   0.0171   0.0000   0.7845   0.0546   0.1550   0.0796   0.2962   0.1691   0.1895
   0.0122   0.0582   0.0201   0.6729   0.0000   0.0000   0.0356   0.0890   0.0124
   0.0039   0.0133   0.0363   0.0000   0.6903   0.0088   0.0000   0.1354   0.0000
   0.0064   0.0000   0.0082   0.0000   0.0039   0.4677   0.0882   0.0690   0.0000
   0.0000   0.0000   0.0150   0.0049   0.0000   0.0434   0.5123   0.0576   0.0000
   0.0000   0.0096   0.0101   0.0144   0.0346   0.0399   0.0677   0.4242   0.0000
   0.0105   0.0000   0.0260   0.0046   0.0000   0.0000   0.0000   0.0000   0.3528
sum P_propos  1.000000  1.000000  1.000000  1.000000  1.000000  1.000000  1.000000  1.000000  1.000000
E_FN1= -1.147888 -1.147888
psiG**2=         0.7220   0.0410   0.1221   0.0426   0.0309   0.0104   0.0065   0.0074   0.0171
psiG**2 * P_L=   0.7278   0.0384   0.1235   0.0440   0.0277   0.0104   0.0039   0.0053   0.0141
psiFN_psiG=      0.7583   0.0306   0.1148   0.0446   0.0210   0.0098   0.0031   0.0041   0.0137
P_L=             1.0081   0.9380   1.0115   1.0337   0.8963   0.9930   0.5985   0.7136   0.8275
W_prod=          1.0502   0.7468   0.9399   1.0467   0.6789   0.9347   0.4864   0.5565   0.8042

P_markov=
   0.9468   0.0945   0.0998   0.1934   0.0904   0.3606   0.0000   0.0000   0.4420
   0.0054   0.8254   0.0000   0.0551   0.0176   0.0000   0.0000   0.0529   0.0000
   0.0169   0.0000   0.7870   0.0546   0.1432   0.0796   0.2843   0.1668   0.1855
   0.0114   0.0573   0.0191   0.6729   0.0000   0.0000   0.0323   0.0831   0.0115
   0.0039   0.0133   0.0363   0.0000   0.7134   0.0088   0.0000   0.1354   0.0000
   0.0052   0.0000   0.0068   0.0000   0.0030   0.4677   0.0701   0.0563   0.0000
   0.0000   0.0000   0.0150   0.0049   0.0000   0.0434   0.5474   0.0576   0.0000
   0.0000   0.0096   0.0101   0.0144   0.0324   0.0399   0.0659   0.4480   0.0000
   0.0105   0.0000   0.0260   0.0046   0.0000   0.0000   0.0000   0.0000   0.3610

eigenvalues of P_markov=  0.342594  0.393350  0.439694  0.581996  0.643146  0.689068  0.833899  0.845884  1.000000
eigenvalues of H_markov=  1.037617  0.868430  0.713950  0.239610  0.035776 -0.117297 -0.600066 -0.640015 -1.153737

eigenval_p,eigenval_h=  1.000000 -1.147888
psi for P_mar=   0.7220   0.0410   0.1221   0.0426   0.0309   0.0104   0.0065   0.0074   0.0171
psiG**2      =   0.7220   0.0410   0.1221   0.0426   0.0309   0.0104   0.0065   0.0074   0.0171
Above 2 lines should be equal since Markov matrix has dominant state psiG**2
The exception to this occurs when there is no sign problem, but some components of psiG have the wrong sign, in which case one has 2 decoupled spaces with degenerate dominant eigenvalues

P_FN3=
   0.9545   0.0919   0.1007   0.1975   0.0861   0.3608   0.0000   0.0000   0.4057
   0.0052   0.7743   0.0000   0.0543   0.0161   0.0000   0.0000   0.0437   0.0000
   0.0170   0.0000   0.7961   0.0559   0.1366   0.0798   0.2289   0.1439   0.1706
   0.0116   0.0565   0.0195   0.6956   0.0000   0.0000   0.0263   0.0726   0.0107
   0.0037   0.0122   0.0346   0.0000   0.6394   0.0083   0.0000   0.1090   0.0000
   0.0052   0.0000   0.0068   0.0000   0.0028   0.4645   0.0558   0.0481   0.0000
   0.0000   0.0000   0.0121   0.0040   0.0000   0.0345   0.3276   0.0378   0.0000
   0.0000   0.0079   0.0087   0.0126   0.0261   0.0340   0.0432   0.3197   0.0000
   0.0096   0.0000   0.0239   0.0043   0.0000   0.0000   0.0000   0.0000   0.2987
E_FN3= -1.144977 -1.147494

eigenvalues of P_FN3=  0.276663  0.285377  0.327720  0.483146  0.615430  0.665682  0.793507  0.823604  0.999127
eigenvalues of H_FN3=  1.263237  1.234188  1.093047  0.574961  0.134013 -0.033493 -0.459577 -0.559903 -1.144977

eigenval_p,eigenval_h=  0.999127 -1.144977
psiFN3_psiG  =   0.7608   0.0306   0.1124   0.0439   0.0211   0.0097   0.0030   0.0041   0.0145

P_FN4=
   0.9519   0.0886   0.1009   0.2000   0.0865   0.3580   0.0000   0.0000   0.3684
   0.0057   0.7734   0.0000   0.0569   0.0177   0.0000   0.0000   0.0398   0.0000
   0.0173   0.0000   0.7935   0.0565   0.1389   0.0791   0.1773   0.1206   0.1568
   0.0123   0.0546   0.0204   0.6956   0.0000   0.0000   0.0213   0.0635   0.0103
   0.0039   0.0124   0.0367   0.0000   0.6187   0.0087   0.0000   0.0966   0.0000
   0.0064   0.0000   0.0083   0.0000   0.0035   0.4645   0.0528   0.0492   0.0000
   0.0000   0.0000   0.0152   0.0051   0.0000   0.0431   0.3066   0.0411   0.0000
   0.0000   0.0090   0.0102   0.0149   0.0310   0.0396   0.0405   0.3028   0.0000
   0.0105   0.0000   0.0263   0.0048   0.0000   0.0000   0.0000   0.0000   0.2920
E_FN4= -1.144322 -1.144322

eigenvalues of P_FN4=  0.257650  0.278320  0.308068  0.482965  0.596786  0.663605  0.792461  0.820188  0.998930
eigenvalues of H_FN4=  1.326613  1.257714  1.158551  0.575562  0.196160 -0.026572 -0.456092 -0.548513 -1.144322

eigenval_p,eigenval_h=  0.998930 -1.144322
psiFN4_psiG  =   0.7509   0.0331   0.1127   0.0459   0.0212   0.0118   0.0038   0.0049   0.0157

P_FN5=
   0.9539   0.0309   0.0953   0.1792   0.0750   0.2793   0.0000   0.0000   0.3246
   0.0053   0.8789   0.0000   0.0510   0.0154   0.0000   0.0000   0.0274   0.0000
   0.0161   0.0000   0.8039   0.0506   0.1204   0.0617   0.0564   0.0831   0.1382
   0.0115   0.0190   0.0192   0.7289   0.0000   0.0000   0.0068   0.0437   0.0091
   0.0036   0.0043   0.0346   0.0000   0.6539   0.0068   0.0000   0.0665   0.0000
   0.0060   0.0000   0.0079   0.0000   0.0030   0.5789   0.0168   0.0339   0.0000
   0.0000   0.0000   0.0144   0.0045   0.0000   0.0336   0.5039   0.0283   0.0000
   0.0000   0.0031   0.0097   0.0134   0.0269   0.0309   0.0129   0.4289   0.0000
   0.0098   0.0000   0.0248   0.0043   0.0000   0.0000   0.0000   0.0000   0.3539
E_FN5= -1.137467 -1.137467

eigenvalues of P_FN5=  0.341591  0.410938  0.495607  0.585999  0.634737  0.714037  0.825965  0.880917  0.995119
eigenvalues of H_FN5=  1.040959  0.809803  0.527572  0.226265  0.063805 -0.200526 -0.573619 -0.756792 -1.137467

eigenval_p,eigenval_h=  0.995119 -1.137467
psiFN5_psiG  =   0.7330   0.0572   0.1057   0.0449   0.0205   0.0133   0.0047   0.0050   0.0156

E_G, E_FN1, E_FN3, E_FN4, E_0, recover_FN1, recover_FN3, recover_FN4, 1-ovlp_FN1, 1-ovlp_FN3, 1-ovlp_FN4, sign_cond_num= -1.131880 -1.147888 -1.144977 -1.144322 -1.153737 0.732 0.599 0.569 4.E-05 2.E-05 7.E-05 0.892

P_propos2=
   0.9441   0.1074   0.1011   0.2027   0.1019   0.4494   0.0000   0.0000   0.5396
   0.0057   0.8006   0.0000   0.0577   0.0209   0.0000   0.0000   0.0790   0.0000
   0.0172   0.0000   0.7817   0.0573   0.1638   0.0993   0.4868   0.2395   0.2297
   0.0123   0.0661   0.0204   0.6572   0.0000   0.0000   0.0584   0.1261   0.0151
   0.0039   0.0151   0.0367   0.0000   0.6728   0.0109   0.0000   0.1918   0.0000
   0.0064   0.0000   0.0083   0.0000   0.0041   0.3366   0.1450   0.0977   0.0000
   0.0000   0.0000   0.0152   0.0051   0.0000   0.0541   0.1985   0.0815   0.0000
   0.0000   0.0109   0.0102   0.0151   0.0365   0.0497   0.1112   0.1844   0.0000
   0.0105   0.0000   0.0263   0.0048   0.0000   0.0000   0.0000   0.0000   0.2156

eigenvalues of P_FN1_propos=  0.086547  0.183267  0.198687  0.406147  0.617243  0.653550  0.813454  0.832700  1.000000
psi for P_FN1_propos=   0.7314   0.0386   0.1241   0.0442   0.0278   0.0104   0.0039   0.0053   0.0142
psiG**2 * P_L       =   0.7314   0.0386   0.1241   0.0442   0.0278   0.0104   0.0039   0.0053   0.0142
Above 2 lines should be equal since proposal part of P_FN1 has dominant state psiG**2 * P_L
The exception to this occurs when there is no sign problem, but some components of psiG have the wrong sign, in which case one has 2 decoupled spaces with degenerate dominant eigenvalues

gradient_vmc_FD, gradient_vmc=  0.077138  0.077138
E_L_der =         -0.0941   0.9453   0.2458  -0.9827  -0.3084   1.3486   1.9514  -0.9287   1.8000
E_L_der_increm =  -0.0941   0.9453   0.2458  -0.9827  -0.3084   1.3486   1.9514  -0.9287   1.8000
The above 2 lines should be equal
psiFN1_psiG  =   0.7583   0.0306   0.1148   0.0446   0.0210   0.0098   0.0031   0.0041   0.0137
psiG_increm**2=                 0.7220    0.0410    0.1221    0.0426    0.0309    0.0104    0.0065    0.0074    0.0171
psiG_increm**2 * P_L_increm=    0.7278    0.0384    0.1235    0.0440    0.0277    0.0104    0.0039    0.0053    0.0141
psiFN_psiG_increm=              0.7583    0.0306    0.1148    0.0446    0.0210    0.0098    0.0031    0.0041    0.0137
W_prod_increm                   1.0502    0.7468    0.9399    1.0467    0.6789    0.9347    0.4864    0.5565    0.8042
W_prod                          1.0502    0.7468    0.9399    1.0467    0.6789    0.9347    0.4864    0.5565    0.8042
W_prod_increm                  1.050246763   0.746764447   0.939900673   1.046667544   0.678940819   0.934708064   0.486370722   0.556548366   0.804173068
W_prod                         1.050246738   0.746764599   0.939900696   1.046667491   0.678940810   0.934708109   0.486370763   0.556548356   0.804173111
W_prod_der=                     0.2497   -1.5143   -0.2220    0.5311    0.0891   -0.4520   -0.4099    0.1053   -0.4324

E_FN1, E_FN1_increm, gradient_FN1_FD, gradient_FN1= -1.147888 -1.147888  0.012766  0.012766

gradient_FN1_FD, gradient_FN1, 1st+2*2nd terms, gradient_FN1_1, gradient_FN1_2, gradient_FN1_3=  0.012766  0.012766  0.013854  0.062444 -0.025383 -0.024295
------------------------------------------------------------

Data set    2

H=
  -1.0000   0.2078   0.2465  -0.1774   0.1550   0.0818   0.1172   0.0597   0.0351
   0.2078  -0.7500   0.0317   0.1078  -0.1529   0.2204  -0.0884   0.0460  -0.1722
   0.2465   0.0317  -0.5000  -0.0188   0.1205   0.0786   0.1065   0.0542  -0.2134
  -0.1774   0.1078  -0.0188  -0.2500   0.1196   0.2078   0.0252   0.1955   0.1204
   0.1550  -0.1529   0.1205   0.1196   0.0000  -0.1889   0.1373  -0.1491  -0.1836
   0.0818   0.2204   0.0786   0.2078  -0.1889   0.2500   0.0471   0.2473  -0.0761
   0.1172  -0.0884   0.1065   0.0252   0.1373   0.0471   0.5000  -0.0512   0.1073
   0.0597   0.0460   0.0542   0.1955  -0.1491   0.2473  -0.0512   0.7500  -0.1677
   0.0351  -0.1722  -0.2134   0.1204  -0.1836  -0.0761   0.1073  -0.1677   1.0000

eigenval_p,eigenval_h=  1.000000 -1.275242
psi for P    =   0.8174  -0.4330  -0.2248   0.2275  -0.1681  -0.0167  -0.0476  -0.0495  -0.0940

eigenvalues of P=  0.258397  0.352381  0.444487  0.544774  0.623958  0.705654  0.781598  0.845597  1.000000
eigenvalues of H=  1.196769  0.883489  0.576467  0.242178 -0.021770 -0.294090 -0.547235 -0.760567 -1.275242
tau, tau_max= 0.300000 0.404529
P=
   0.9174  -0.0623  -0.0740   0.0532  -0.0465  -0.0245  -0.0352  -0.0179  -0.0105
  -0.0623   0.8424  -0.0095  -0.0323   0.0459  -0.0661   0.0265  -0.0138   0.0516
  -0.0740  -0.0095   0.7674   0.0056  -0.0361  -0.0236  -0.0319  -0.0163   0.0640
   0.0532  -0.0323   0.0056   0.6924  -0.0359  -0.0623  -0.0076  -0.0587  -0.0361
  -0.0465   0.0459  -0.0361  -0.0359   0.6174   0.0567  -0.0412   0.0447   0.0551
  -0.0245  -0.0661  -0.0236  -0.0623   0.0567   0.5424  -0.0141  -0.0742   0.0228
  -0.0352   0.0265  -0.0319  -0.0076  -0.0412  -0.0141   0.4674   0.0154  -0.0322
  -0.0179  -0.0138  -0.0163  -0.0587   0.0447  -0.0742   0.0154   0.3924   0.0503
  -0.0105   0.0516   0.0640  -0.0361   0.0551   0.0228  -0.0322   0.0503   0.3174

sum_P_eig,sum_abs_P_eig,sign_condition_number=  2.078525  2.273544  0.741606

P after making eigenvec +ve =
   0.9174   0.0623   0.0740   0.0532   0.0465   0.0245   0.0352   0.0179   0.0105
   0.0623   0.8424  -0.0095   0.0323   0.0459  -0.0661   0.0265  -0.0138   0.0516
   0.0740  -0.0095   0.7674  -0.0056  -0.0361  -0.0236  -0.0319  -0.0163   0.0640
   0.0532   0.0323  -0.0056   0.6924   0.0359   0.0623   0.0076   0.0587   0.0361
   0.0465   0.0459  -0.0361   0.0359   0.6174   0.0567  -0.0412   0.0447   0.0551
   0.0245  -0.0661  -0.0236   0.0623   0.0567   0.5424  -0.0141  -0.0742   0.0228
   0.0352   0.0265  -0.0319   0.0076  -0.0412  -0.0141   0.4674   0.0154  -0.0322
   0.0179  -0.0138  -0.0163   0.0587   0.0447  -0.0742   0.0154   0.3924   0.0503
   0.0105   0.0516   0.0640   0.0361   0.0551   0.0228  -0.0322   0.0503   0.3174

1+(E_0*1-H) (i.e. P with tau=1) after making eigenvec +ve =
   0.7248  -0.2078  -0.2465  -0.1774  -0.1550  -0.0818  -0.1172  -0.0597  -0.0351
  -0.2078   0.4748   0.0317  -0.1078  -0.1529   0.2204  -0.0884   0.0460  -0.1722
  -0.2465   0.0317   0.2248   0.0188   0.1205   0.0786   0.1065   0.0542  -0.2134
  -0.1774  -0.1078   0.0188  -0.0252  -0.1196  -0.2078  -0.0252  -0.1955  -0.1204
  -0.1550  -0.1529   0.1205  -0.1196  -0.2752  -0.1889   0.1373  -0.1491  -0.1836
  -0.0818   0.2204   0.0786  -0.2078  -0.1889  -0.5252   0.0471   0.2473  -0.0761
  -0.1172  -0.0884   0.1065  -0.0252   0.1373   0.0471  -0.7752  -0.0512   0.1073
  -0.0597   0.0460   0.0542  -0.1955  -0.1491   0.2473  -0.0512  -1.0252  -0.1677
  -0.0351  -0.1722  -0.2134  -0.1204  -0.1836  -0.0761   0.1073  -0.1677  -1.2752
psi0         =   0.8174   0.4330   0.2248   0.2275   0.1681   0.0167   0.0476   0.0495   0.0940
psiG         =   0.7975   0.4125   0.2799   0.2262   0.1837   0.0716   0.0560   0.0854   0.1226

E_G= -1.262361

H_imp=
  -1.0000  -0.4018  -0.7026  -0.6254  -0.6730  -0.9110  -1.6708  -0.5574  -0.2285
  -0.1075  -0.7500   0.0467  -0.1966  -0.3434   1.2703  -0.6519   0.2224  -0.5792
  -0.0865   0.0215  -0.5000   0.0232   0.1835   0.3072   0.5326   0.1778  -0.4871
  -0.0503  -0.0591   0.0152  -0.2500  -0.1473  -0.6567  -0.1019  -0.5181  -0.2221
  -0.0357  -0.0681   0.0791  -0.0971   0.0000  -0.4848   0.4509  -0.3209  -0.2751
  -0.0073   0.0382   0.0201  -0.0657  -0.0736   0.2500   0.0602   0.2073  -0.0444
  -0.0082  -0.0120   0.0213  -0.0062   0.0418   0.0368   0.5000  -0.0336   0.0490
  -0.0064   0.0095   0.0165  -0.0738  -0.0693   0.2949  -0.0781   0.7500  -0.1167
  -0.0054  -0.0512  -0.0935  -0.0652  -0.1226  -0.1304   0.2350  -0.2408   1.0000

P_imp=
   0.9174   0.1205   0.2108   0.1876   0.2019   0.2733   0.5013   0.1672   0.0686
   0.0322   0.8424  -0.0140   0.0590   0.1030  -0.3811   0.1956  -0.0667   0.1738
   0.0260  -0.0064   0.7674  -0.0070  -0.0551  -0.0922  -0.1598  -0.0533   0.1461
   0.0151   0.0177  -0.0046   0.6924   0.0442   0.1970   0.0306   0.1554   0.0666
   0.0107   0.0204  -0.0237   0.0291   0.6174   0.1454  -0.1353   0.0963   0.0825
   0.0022  -0.0115  -0.0060   0.0197   0.0221   0.5424  -0.0181  -0.0622   0.0133
   0.0025   0.0036  -0.0064   0.0019  -0.0125  -0.0110   0.4674   0.0101  -0.0147
   0.0019  -0.0029  -0.0050   0.0221   0.0208  -0.0885   0.0234   0.3924   0.0350
   0.0016   0.0154   0.0280   0.0196   0.0368   0.0391  -0.0705   0.0722   0.3174
tau_av_expon_proj    = 3.253618 1.511904 1.005106 0.867035 0.604411 0.244363 0.264447 0.438917 0.499438
tau_av_expon_proj_new= 3.633167 1.903884 1.289920 0.975379 0.784165 0.655634 0.563303 0.493768 0.439514
factor=                1.110120 1.228612 1.247074 1.117484 1.257630 1.872523 1.699855 1.117491 0.872544
factor2=                 1.1167   1.2593   1.2834   1.1250   1.2974   2.6830   2.1301   1.1250   0.8800

eigenvalues of P_imp=  0.258397  0.352381  0.444487  0.544774  0.623958  0.705654  0.781598  0.845597  1.000000
eigenvalues of H_imp=  1.196769  0.883489  0.576467  0.242178 -0.021770 -0.294090 -0.547235 -0.760567 -1.275242

eigenval_p,eigenval_h=  1.000000 -1.275242
psi0_psiG    =   0.6550   0.1794   0.0632   0.0517   0.0310   0.0012   0.0027   0.0042   0.0116

imp-sampled: sum_P_eig,sum_abs_P_eig,sign_condition_number=  1.000000  1.025227  0.920307
Warning: for i=   6, P_FN1(i,i)= -3.0360E-02

P_FN1=
   0.9174   0.1205   0.2108   0.1876   0.2019   0.2733   0.5013   0.1672   0.0686
   0.0322   0.8216   0.0000   0.0590   0.1030   0.0000   0.1956   0.0000   0.1738
   0.0260   0.0000   0.7078   0.0000   0.0000   0.0000   0.0000   0.0000   0.1461
   0.0151   0.0177   0.0000   0.6855   0.0442   0.1970   0.0306   0.1554   0.0666
   0.0107   0.0204   0.0000   0.0291   0.5498   0.1454   0.0000   0.0963   0.0825
   0.0022   0.0000   0.0000   0.0197   0.0221  -0.0304   0.0000   0.0000   0.0133
   0.0025   0.0036   0.0000   0.0019   0.0000   0.0000   0.0838   0.0101   0.0000
   0.0019   0.0000   0.0000   0.0221   0.0208   0.0000   0.0234   0.2102   0.0350
   0.0016   0.0154   0.0280   0.0196   0.0368   0.0391   0.0000   0.0722   0.3027

eigenvalues of P_FN1= -0.042140  0.079501  0.184939  0.290683  0.546315  0.683089  0.700855  0.806053  0.999174
eigenvalues of H_FN1=  2.198559  1.793087  1.441629  1.089148  0.237040 -0.218873 -0.278092 -0.628752 -1.272488

eigenval_p,eigenval_h=  0.999174 -1.272488
psiFN1_psiG =    0.6600   0.1697   0.0646   0.0527   0.0310   0.0032   0.0026   0.0045   0.0116

E_0, E_G, E_FN1, E_G-E_0, E_FN1-E_0, rms fluctuation of E_L  -1.27524  -1.26236  -1.27249   0.01288   0.00275   0.12187
E_L     =  -1.3074  -1.2729  -1.0972  -1.3569  -1.2038  -0.0237  -0.7240  -0.3133  -0.9043
P_L     =   1.0105   1.0001   0.9474   1.0253   0.9794   0.6254   0.8355   0.7122   0.8896
P_abs_L =   1.0096   1.0201   1.0062   1.0315   1.0462   1.1973   1.2182   0.8937   0.9034

P_propos=
   0.9087   0.1182   0.2095   0.1819   0.1930   0.2283   0.4115   0.1871   0.0759
   0.0319   0.8259   0.0000   0.0572   0.0985   0.0000   0.1605   0.0000   0.1923
   0.0257   0.0000   0.7627   0.0000   0.0000   0.0000   0.0000   0.0000   0.1617
   0.0149   0.0174   0.0000   0.6713   0.0422   0.1646   0.0251   0.1739   0.0738
   0.0106   0.0200   0.0000   0.0282   0.5902   0.1215   0.0000   0.1077   0.0914
   0.0022   0.0000   0.0000   0.0191   0.0211   0.4530   0.0000   0.0000   0.0148
   0.0024   0.0035   0.0000   0.0018   0.0000   0.0000   0.3837   0.0113   0.0000
   0.0019   0.0000   0.0000   0.0215   0.0199   0.0000   0.0192   0.4391   0.0388
   0.0016   0.0150   0.0279   0.0190   0.0351   0.0327   0.0000   0.0808   0.3514
sum P_propos  1.000000  1.000000  1.000000  1.000000  1.000000  1.000000  1.000000  1.000000  1.000000
E_FN1= -1.272488 -1.272488
psiG**2=         0.6360   0.1702   0.0783   0.0512   0.0337   0.0051   0.0031   0.0073   0.0150
psiG**2 * P_L=   0.6427   0.1702   0.0742   0.0525   0.0330   0.0032   0.0026   0.0052   0.0134
psiFN_psiG=      0.6600   0.1697   0.0646   0.0527   0.0310   0.0032   0.0026   0.0045   0.0116
P_L=             1.0105   1.0001   0.9474   1.0253   0.9794   0.6254   0.8355   0.7122   0.8896
W_prod=          1.0377   0.9971   0.8251   1.0299   0.9191   0.6319   0.8314   0.6165   0.7746

P_markov=
   0.9104   0.1182   0.2088   0.1819   0.1930   0.2283   0.4115   0.1656   0.0679
   0.0316   0.8271   0.0000   0.0572   0.0985   0.0000   0.1605   0.0000   0.1703
   0.0257   0.0000   0.7634   0.0000   0.0000   0.0000   0.0000   0.0000   0.1452
   0.0146   0.0172   0.0000   0.6746   0.0422   0.1646   0.0251   0.1507   0.0646
   0.0102   0.0195   0.0000   0.0278   0.5928   0.1215   0.0000   0.0920   0.0789
   0.0018   0.0000   0.0000   0.0165   0.0184   0.4530   0.0000   0.0000   0.0111
   0.0020   0.0030   0.0000   0.0015   0.0000   0.0000   0.3837   0.0083   0.0000
   0.0019   0.0000   0.0000   0.0215   0.0199   0.0000   0.0192   0.5034   0.0388
   0.0016   0.0150   0.0279   0.0190   0.0351   0.0327   0.0000   0.0800   0.4231

eigenvalues of P_markov=  0.371755  0.383699  0.427184  0.495840  0.589421  0.705762  0.741561  0.816455  1.000000
eigenvalues of H_markov=  0.818909  0.779096  0.634143  0.405290  0.093355 -0.294450 -0.413779 -0.663424 -1.275242

eigenval_p,eigenval_h=  1.000000 -1.272488
psi for P_mar=   0.6360   0.1702   0.0783   0.0512   0.0337   0.0051   0.0031   0.0073   0.0150
psiG**2      =   0.6360   0.1702   0.0783   0.0512   0.0337   0.0051   0.0031   0.0073   0.0150
Above 2 lines should be equal since Markov matrix has dominant state psiG**2
The exception to this occurs when there is no sign problem, but some components of psiG have the wrong sign, in which case one has 2 decoupled spaces with degenerate dominant eigenvalues

P_FN3=
   0.9200   0.1188   0.2044   0.1851   0.1920   0.1867   0.3798   0.1427   0.0645
   0.0318   0.8272   0.0000   0.0579   0.0975   0.0000   0.1473   0.0000   0.1610
   0.0252   0.0000   0.7232   0.0000   0.0000   0.0000   0.0000   0.0000   0.1334
   0.0149   0.0174   0.0000   0.6917   0.0423   0.1358   0.0233   0.1309   0.0619
   0.0102   0.0193   0.0000   0.0279   0.5806   0.0975   0.0000   0.0778   0.0737
   0.0015   0.0000   0.0000   0.0136   0.0148   0.2833   0.0000   0.0000   0.0084
   0.0019   0.0027   0.0000   0.0014   0.0000   0.0000   0.3206   0.0064   0.0000
   0.0016   0.0000   0.0000   0.0186   0.0168   0.0000   0.0149   0.3586   0.0311
   0.0015   0.0142   0.0256   0.0182   0.0328   0.0247   0.0000   0.0640   0.3764
E_FN3= -1.270024 -1.271982

eigenvalues of P_FN3=  0.272044  0.310781  0.325477  0.381107  0.575312  0.693296  0.712356  0.811916  0.999261
eigenvalues of H_FN3=  1.154031  1.024909  0.975921  0.790490  0.143139 -0.250140 -0.313673 -0.645541 -1.270024

eigenval_p,eigenval_h=  0.999261 -1.270024
psiFN3_psiG  =   0.6588   0.1701   0.0658   0.0518   0.0310   0.0031   0.0026   0.0046   0.0120

P_FN4=
   0.9182   0.1182   0.1984   0.1865   0.1890   0.1427   0.3437   0.1333   0.0675
   0.0323   0.8259   0.0000   0.0586   0.0965   0.0000   0.1341   0.0000   0.1711
   0.0260   0.0000   0.7226   0.0000   0.0000   0.0000   0.0000   0.0000   0.1439
   0.0151   0.0174   0.0000   0.6883   0.0414   0.1029   0.0210   0.1239   0.0656
   0.0107   0.0200   0.0000   0.0290   0.5780   0.0760   0.0000   0.0767   0.0813
   0.0022   0.0000   0.0000   0.0196   0.0207   0.2833   0.0000   0.0000   0.0131
   0.0025   0.0035   0.0000   0.0019   0.0000   0.0000   0.3206   0.0080   0.0000
   0.0019   0.0000   0.0000   0.0220   0.0195   0.0000   0.0161   0.3128   0.0345
   0.0016   0.0150   0.0264   0.0195   0.0344   0.0204   0.0000   0.0576   0.3126
E_FN4= -1.268933 -1.268933

eigenvalues of P_FN4=  0.252676  0.280115  0.315229  0.332188  0.571778  0.689854  0.711001  0.810400  0.998934
eigenvalues of H_FN4=  1.218594  1.127128  1.010082  0.953553  0.154918 -0.238668 -0.309158 -0.640488 -1.268933

eigenval_p,eigenval_h=  0.998934 -1.268933
psiFN4_psiG  =   0.6525   0.1714   0.0673   0.0518   0.0323   0.0046   0.0035   0.0051   0.0115

P_FN5=
   0.9174   0.1064   0.1581   0.1838   0.1701   0.0343   0.2451   0.1064   0.0668
   0.0322   0.8424   0.0000   0.0578   0.0868   0.0000   0.0956   0.0000   0.1694
   0.0260   0.0000   0.7674   0.0000   0.0000   0.0000   0.0000   0.0000   0.1425
   0.0151   0.0157   0.0000   0.6924   0.0372   0.0247   0.0150   0.0989   0.0650
   0.0107   0.0180   0.0000   0.0285   0.6174   0.0182   0.0000   0.0613   0.0805
   0.0022   0.0000   0.0000   0.0193   0.0186   0.5424   0.0000   0.0000   0.0130
   0.0025   0.0032   0.0000   0.0018   0.0000   0.0000   0.4674   0.0064   0.0000
   0.0019   0.0000   0.0000   0.0217   0.0175   0.0000   0.0115   0.3924   0.0341
   0.0016   0.0136   0.0210   0.0192   0.0310   0.0049   0.0000   0.0460   0.3174
E_FN5= -1.262458 -1.262458

eigenvalues of P_FN5=  0.287477  0.389633  0.466167  0.537257  0.607166  0.697680  0.748840  0.826461  0.996165
eigenvalues of H_FN5=  1.099834  0.759314  0.504201  0.267236  0.034203 -0.267508 -0.438043 -0.696779 -1.262458

eigenval_p,eigenval_h=  0.996165 -1.262458
psiFN5_psiG  =   0.6271   0.1840   0.0780   0.0497   0.0338   0.0069   0.0043   0.0055   0.0110

E_G, E_FN1, E_FN3, E_FN4, E_0, recover_FN1, recover_FN3, recover_FN4, 1-ovlp_FN1, 1-ovlp_FN3, 1-ovlp_FN4, sign_cond_num= -1.262361 -1.272488 -1.270024 -1.268933 -1.275242 0.786 0.595 0.510 1.E-04 1.E-04 9.E-05 0.920

P_propos2=
   0.9087   0.1205   0.2225   0.1830   0.2061   0.4370   0.6000   0.2348   0.0771
   0.0319   0.8224   0.0000   0.0575   0.1052   0.0000   0.2341   0.0000   0.1953
   0.0257   0.0000   0.7479   0.0000   0.0000   0.0000   0.0000   0.0000   0.1643
   0.0149   0.0177   0.0000   0.6693   0.0451   0.3151   0.0366   0.2182   0.0749
   0.0106   0.0204   0.0000   0.0284   0.5622   0.2326   0.0000   0.1352   0.0928
   0.0022   0.0000   0.0000   0.0192   0.0225  -0.0472   0.0000   0.0000   0.0150
   0.0024   0.0036   0.0000   0.0018   0.0000   0.0000   0.1013   0.0141   0.0000
   0.0019   0.0000   0.0000   0.0216   0.0212   0.0000   0.0280   0.2962   0.0394
   0.0016   0.0153   0.0296   0.0191   0.0375   0.0626   0.0000   0.1014   0.3413

eigenvalues of P_FN1_propos= -0.065413  0.096305  0.247039  0.338603  0.559587  0.688169  0.727434  0.810471  1.000000
psi for P_FN1_propos=   0.6447   0.1707   0.0744   0.0526   0.0331   0.0032   0.0026   0.0052   0.0134
psiG**2 * P_L       =   0.6447   0.1707   0.0744   0.0526   0.0331   0.0032   0.0026   0.0052   0.0134
Above 2 lines should be equal since proposal part of P_FN1 has dominant state psiG**2 * P_L
The exception to this occurs when there is no sign problem, but some components of psiG have the wrong sign, in which case one has 2 decoupled spaces with degenerate dominant eigenvalues

gradient_vmc_FD, gradient_vmc= -0.008683 -0.008683
Warning: for i=   6, P_FN1(i,i)= -3.0360E-02
E_L_der =         -0.2606   1.2676   0.1132  -0.4767  -0.8326   3.0797  -1.5804   0.5392  -1.4042
E_L_der_increm =  -0.2606   1.2676   0.1132  -0.4767  -0.8326   3.0797  -1.5804   0.5392  -1.4042
The above 2 lines should be equal
psiFN1_psiG  =   0.6600   0.1697   0.0646   0.0527   0.0310   0.0032   0.0026   0.0045   0.0116
psiG_increm**2=                 0.6360    0.1702    0.0783    0.0512    0.0337    0.0051    0.0031    0.0073    0.0150
psiG_increm**2 * P_L_increm=    0.6427    0.1702    0.0742    0.0525    0.0330    0.0032    0.0026    0.0052    0.0134
psiFN_psiG_increm=              0.6600    0.1697    0.0646    0.0527    0.0310    0.0032    0.0026    0.0045    0.0116
W_prod_increm                   1.0377    0.9971    0.8251    1.0299    0.9191    0.6319    0.8314    0.6165    0.7746
W_prod                          1.0377    0.9971    0.8251    1.0299    0.9191    0.6319    0.8314    0.6165    0.7746
W_prod_increm                  1.037722171   0.997056828   0.825107361   1.029932176   0.919078990   0.631852826   0.831448066   0.616510903   0.774635007
W_prod                         1.037722131   0.997057005   0.825107341   1.029932138   0.919078953   0.631852859   0.831448029   0.616510892   0.774634975
W_prod_der=                     0.3946   -1.7749    0.2075    0.3858    0.3685   -0.3270    0.3650    0.1085    0.3176

E_FN1, E_FN1_increm, gradient_FN1_FD, gradient_FN1= -1.272488 -1.272488 -0.014486 -0.014486

gradient_FN1_FD, gradient_FN1, 1st+2*2nd terms, gradient_FN1_1, gradient_FN1_2, gradient_FN1_3= -0.014486 -0.014486 -0.017563 -0.000327 -0.005541 -0.008618
------------------------------------------------------------

Data set    3

H=
  -1.0000   0.0404   0.0718  -0.0811   0.1244  -0.0287  -0.1692  -0.0427  -0.1855
   0.0404  -0.7500   0.0116  -0.1719   0.1516  -0.0466   0.2187  -0.1013   0.0946
   0.0718   0.0116  -0.5000   0.2356  -0.0595  -0.1163   0.2479  -0.1902  -0.0795
  -0.0811  -0.1719   0.2356  -0.2500  -0.0695   0.2271   0.0548   0.1091  -0.0390
   0.1244   0.1516  -0.0595  -0.0695   0.0000  -0.1933  -0.1028  -0.1993  -0.1509
  -0.0287  -0.0466  -0.1163   0.2271  -0.1933   0.2500   0.0086  -0.2237   0.1178
  -0.1692   0.2187   0.2479   0.0548  -0.1028   0.0086   0.5000   0.0091  -0.1426
  -0.0427  -0.1013  -0.1902   0.1091  -0.1993  -0.2237   0.0091   0.7500  -0.1474
  -0.1855   0.0946  -0.0795  -0.0390  -0.1509   0.1178  -0.1426  -0.1474   1.0000

eigenval_p,eigenval_h=  1.000000 -1.090220
psi for P    =   0.9278  -0.1370  -0.2455   0.1362  -0.0797  -0.0542   0.1543  -0.0284   0.0876

eigenvalues of P=  0.325383  0.424952  0.484044  0.552722  0.714749  0.730245  0.885322  0.938989  1.000000
eigenvalues of H=  1.158502  0.826606  0.629632  0.400707 -0.139383 -0.191035 -0.707961 -0.886848 -1.090220
tau, tau_max= 0.300000 0.444697
P=
   0.9729  -0.0121  -0.0216   0.0243  -0.0373   0.0086   0.0508   0.0128   0.0556
  -0.0121   0.8979  -0.0035   0.0516  -0.0455   0.0140  -0.0656   0.0304  -0.0284
  -0.0216  -0.0035   0.8229  -0.0707   0.0179   0.0349  -0.0744   0.0570   0.0238
   0.0243   0.0516  -0.0707   0.7479   0.0209  -0.0681  -0.0164  -0.0327   0.0117
  -0.0373  -0.0455   0.0179   0.0209   0.6729   0.0580   0.0308   0.0598   0.0453
   0.0086   0.0140   0.0349  -0.0681   0.0580   0.5979  -0.0026   0.0671  -0.0353
   0.0508  -0.0656  -0.0744  -0.0164   0.0308  -0.0026   0.5229  -0.0027   0.0428
   0.0128   0.0304   0.0570  -0.0327   0.0598   0.0671  -0.0027   0.4479   0.0442
   0.0556  -0.0284   0.0238   0.0117   0.0453  -0.0353   0.0428   0.0442   0.3729

sum_P_eig,sum_abs_P_eig,sign_condition_number=  1.850582  2.016775  0.750762

P after making eigenvec +ve =
   0.9729   0.0121   0.0216   0.0243   0.0373  -0.0086   0.0508  -0.0128   0.0556
   0.0121   0.8979  -0.0035  -0.0516  -0.0455   0.0140   0.0656   0.0304   0.0284
   0.0216  -0.0035   0.8229   0.0707   0.0179   0.0349   0.0744   0.0570  -0.0238
   0.0243  -0.0516   0.0707   0.7479  -0.0209   0.0681  -0.0164   0.0327   0.0117
   0.0373  -0.0455   0.0179  -0.0209   0.6729   0.0580  -0.0308   0.0598  -0.0453
  -0.0086   0.0140   0.0349   0.0681   0.0580   0.5979   0.0026   0.0671   0.0353
   0.0508   0.0656   0.0744  -0.0164  -0.0308   0.0026   0.5229   0.0027   0.0428
  -0.0128   0.0304   0.0570   0.0327   0.0598   0.0671   0.0027   0.4479  -0.0442
   0.0556   0.0284  -0.0238   0.0117  -0.0453   0.0353   0.0428  -0.0442   0.3729

1+(E_0*1-H) (i.e. P with tau=1) after making eigenvec +ve =
   0.9098  -0.0404  -0.0718  -0.0811  -0.1244   0.0287  -0.1692   0.0427  -0.1855
  -0.0404   0.6598   0.0116   0.1719   0.1516  -0.0466  -0.2187  -0.1013  -0.0946
  -0.0718   0.0116   0.4098  -0.2356  -0.0595  -0.1163  -0.2479  -0.1902   0.0795
  -0.0811   0.1719  -0.2356   0.1598   0.0695  -0.2271   0.0548  -0.1091  -0.0390
  -0.1244   0.1516  -0.0595   0.0695  -0.0902  -0.1933   0.1028  -0.1993   0.1509
   0.0287  -0.0466  -0.1163  -0.2271  -0.1933  -0.3402  -0.0086  -0.2237  -0.1178
  -0.1692  -0.2187  -0.2479   0.0548   0.1028  -0.0086  -0.5902  -0.0091  -0.1426
   0.0427  -0.1013  -0.1902  -0.1091  -0.1993  -0.2237  -0.0091  -0.8402   0.1474
  -0.1855  -0.0946   0.0795  -0.0390   0.1509  -0.1178  -0.1426   0.1474  -1.0902
psi0         =   0.9278   0.1370   0.2455   0.1362   0.0797   0.0542   0.1543   0.0284   0.0876
psiG         =   0.8829   0.2086   0.2742   0.1565   0.1444   0.0657   0.1579   0.0763   0.1460

E_G= -1.069998

H_imp=
  -1.0000  -0.1711  -0.2314  -0.4577  -0.7606   0.3852  -0.9462   0.4944  -1.1213
  -0.0096  -0.7500   0.0089   0.2291   0.2190  -0.1478  -0.2889  -0.2770  -0.1352
  -0.0223   0.0153  -0.5000  -0.4126  -0.1130  -0.4854  -0.4305  -0.6835   0.1491
  -0.0144   0.1290  -0.1345  -0.2500   0.0754  -0.5411   0.0543  -0.2239  -0.0418
  -0.0203   0.1049  -0.0313   0.0642   0.0000  -0.4248   0.0940  -0.3774   0.1492
   0.0021  -0.0147  -0.0279  -0.0953  -0.0879   0.2500  -0.0036  -0.1927  -0.0530
  -0.0303  -0.1655  -0.1428   0.0553   0.1124  -0.0207   0.5000  -0.0188  -0.1541
   0.0037  -0.0370  -0.0529  -0.0532  -0.1053  -0.2598  -0.0044   0.7500   0.0770
  -0.0307  -0.0663   0.0423  -0.0364   0.1526  -0.2619  -0.1319   0.2823   1.0000

P_imp=
   0.9729   0.0513   0.0694   0.1373   0.2282  -0.1156   0.2839  -0.1483   0.3364
   0.0029   0.8979  -0.0027  -0.0687  -0.0657   0.0444   0.0867   0.0831   0.0406
   0.0067  -0.0046   0.8229   0.1238   0.0339   0.1456   0.1292   0.2050  -0.0447
   0.0043  -0.0387   0.0403   0.7479  -0.0226   0.1623  -0.0163   0.0672   0.0125
   0.0061  -0.0315   0.0094  -0.0192   0.6729   0.1274  -0.0282   0.1132  -0.0447
  -0.0006   0.0044   0.0084   0.0286   0.0264   0.5979   0.0011   0.0578   0.0159
   0.0091   0.0497   0.0428  -0.0166  -0.0337   0.0062   0.5229   0.0056   0.0462
  -0.0011   0.0111   0.0159   0.0160   0.0316   0.0779   0.0013   0.4479  -0.0231
   0.0092   0.0199  -0.0127   0.0109  -0.0458   0.0786   0.0396  -0.0847   0.3729
