Input hamiltonian
hamiltonian=random                                                                          
Input ndim, E_T, tau
ndim, E_T, tau=    9-20.000000 0.020000
Input fraction_positive, off_diag_mag, psig_noise
fraction_positive, off_diag_mag,psig_noise= 0.500000 0.500000 0.200000
psig_correct_sign
psig_correct_sign= T
Input irand_seed
irand_seed=1425565376542456

Data set    1

h=
  -1.0000   0.0800   0.1401  -0.1696   0.0630   0.1789  -0.0366  -0.0928  -0.2290
   0.0800  -0.7500   0.0859   0.2028  -0.0542   0.1379   0.1569  -0.0799  -0.2353
   0.1401   0.0859  -0.5000   0.1165  -0.2461  -0.0961  -0.2234  -0.1402   0.2370
  -0.1696   0.2028   0.1165  -0.2500  -0.0711  -0.2226   0.0454   0.1250  -0.0263
   0.0630  -0.0542  -0.2461  -0.0711   0.0000  -0.0210   0.1375  -0.2232  -0.0393
   0.1789   0.1379  -0.0961  -0.2226  -0.0210   0.2500  -0.2276  -0.1955  -0.0772
  -0.0366   0.1569  -0.2234   0.0454   0.1375  -0.2276   0.5000  -0.2075  -0.1275
  -0.0928  -0.0799  -0.1402   0.1250  -0.2232  -0.1955  -0.2075   0.7500  -0.0525
  -0.2290  -0.2353   0.2370  -0.0263  -0.0393  -0.0772  -0.1275  -0.0525   1.0000

eigenval_p,eigenval_h=  1.000000 -1.153737
psi for p    =   0.8957  -0.1375  -0.3155   0.2159  -0.1095  -0.0884  -0.0127  -0.0197   0.1112

eigenvalues of p=  0.953835  0.957765  0.963171  0.973933  0.976522  0.982440  0.989117  0.995544  1.000000
eigenvalues of h=  1.154489  0.958038  0.687698  0.149593  0.020158 -0.275736 -0.609584 -0.930919 -1.153737
tau, tau_max= 0.020000 0.433233
p=
   0.9969  -0.0016  -0.0028   0.0034  -0.0013  -0.0036   0.0007   0.0019   0.0046
  -0.0016   0.9919  -0.0017  -0.0041   0.0011  -0.0028  -0.0031   0.0016   0.0047
  -0.0028  -0.0017   0.9869  -0.0023   0.0049   0.0019   0.0045   0.0028  -0.0047
   0.0034  -0.0041  -0.0023   0.9819   0.0014   0.0045  -0.0009  -0.0025   0.0005
  -0.0013   0.0011   0.0049   0.0014   0.9769   0.0004  -0.0028   0.0045   0.0008
  -0.0036  -0.0028   0.0019   0.0045   0.0004   0.9719   0.0046   0.0039   0.0015
   0.0007  -0.0031   0.0045  -0.0009  -0.0028   0.0046   0.9669   0.0041   0.0026
   0.0019   0.0016   0.0028  -0.0025   0.0045   0.0039   0.0041   0.9619   0.0011
   0.0046   0.0047  -0.0047   0.0005   0.0008   0.0015   0.0026   0.0011   0.9569

sum_p_eig,sum_abs_p_eig,sign_condition_number=  1.905979  1.922966  0.641680

psig=   0.8497  -0.2024  -0.3495   0.2064  -0.1758  -0.1022  -0.0804  -0.0860   0.1307

p after making eigenvec +ve =
   0.9969   0.0016   0.0028   0.0034   0.0013   0.0036  -0.0007  -0.0019   0.0046
   0.0016   0.9919  -0.0017   0.0041   0.0011  -0.0028  -0.0031   0.0016  -0.0047
   0.0028  -0.0017   0.9869   0.0023   0.0049   0.0019   0.0045   0.0028   0.0047
   0.0034   0.0041   0.0023   0.9819  -0.0014  -0.0045   0.0009   0.0025   0.0005
   0.0013   0.0011   0.0049  -0.0014   0.9769   0.0004  -0.0028   0.0045  -0.0008
   0.0036  -0.0028   0.0019  -0.0045   0.0004   0.9719   0.0046   0.0039  -0.0015
  -0.0007  -0.0031   0.0045   0.0009  -0.0028   0.0046   0.9669   0.0041  -0.0026
  -0.0019   0.0016   0.0028   0.0025   0.0045   0.0039   0.0041   0.9619  -0.0011
   0.0046  -0.0047   0.0047   0.0005  -0.0008  -0.0015  -0.0026  -0.0011   0.9569

1+(E_0*1-H) (i.e. p with tau=1) after making eigenvec +ve =
   0.8463  -0.0800  -0.1401  -0.1696  -0.0630  -0.1789   0.0366   0.0928  -0.2290
  -0.0800   0.5963   0.0859  -0.2028  -0.0542   0.1379   0.1569  -0.0799   0.2353
  -0.1401   0.0859   0.3463  -0.1165  -0.2461  -0.0961  -0.2234  -0.1402  -0.2370
  -0.1696  -0.2028  -0.1165   0.0963   0.0711   0.2226  -0.0454  -0.1250  -0.0263
  -0.0630  -0.0542  -0.2461   0.0711  -0.1537  -0.0210   0.1375  -0.2232   0.0393
  -0.1789   0.1379  -0.0961   0.2226  -0.0210  -0.4037  -0.2276  -0.1955   0.0772
   0.0366   0.1569  -0.2234  -0.0454   0.1375  -0.2276  -0.6537  -0.2075   0.1275
   0.0928  -0.0799  -0.1402  -0.1250  -0.2232  -0.1955  -0.2075  -0.9037   0.0525
  -0.2290   0.2353  -0.2370  -0.0263   0.0393   0.0772   0.1275   0.0525  -1.1537
psi for p    =   0.8957   0.1375   0.3155   0.2159   0.1095   0.0884   0.0127   0.0197   0.1112
psig         =   0.8497   0.2024   0.3495   0.2064   0.1758   0.1022   0.0804   0.0860   0.1307

E_G= -1.131880

h_imp=
  -1.0000  -0.3357  -0.3407  -0.6985  -0.3046  -1.4875   0.3864   0.9170  -1.4884
  -0.0191  -0.7500   0.0498  -0.1989  -0.0624   0.2730   0.3950  -0.1880   0.3643
  -0.0576   0.1483  -0.5000  -0.1973  -0.4893  -0.3286  -0.9710  -0.5697  -0.6336
  -0.0412  -0.2068  -0.0688  -0.2500   0.0834   0.4495  -0.1166  -0.2999  -0.0416
  -0.0130  -0.0471  -0.1238   0.0606   0.0000  -0.0362   0.3007  -0.4562   0.0528
  -0.0215   0.0696  -0.0281   0.1103  -0.0122   0.2500  -0.2893  -0.2324   0.0604
   0.0035   0.0623  -0.0514  -0.0177   0.0629  -0.1790   0.5000  -0.1939   0.0784
   0.0094  -0.0339  -0.0345  -0.0521  -0.1092  -0.1645  -0.2219   0.7500   0.0346
  -0.0352   0.1519  -0.0886  -0.0167   0.0292   0.0988   0.2073   0.0799   1.0000

p_imp=
   0.9969   0.0067   0.0068   0.0140   0.0061   0.0298  -0.0077  -0.0183   0.0298
   0.0004   0.9919  -0.0010   0.0040   0.0012  -0.0055  -0.0079   0.0038  -0.0073
   0.0012  -0.0030   0.9869   0.0039   0.0098   0.0066   0.0194   0.0114   0.0127
   0.0008   0.0041   0.0014   0.9819  -0.0017  -0.0090   0.0023   0.0060   0.0008
   0.0003   0.0009   0.0025  -0.0012   0.9769   0.0007  -0.0060   0.0091  -0.0011
   0.0004  -0.0014   0.0006  -0.0022   0.0002   0.9719   0.0058   0.0046  -0.0012
  -0.0001  -0.0012   0.0010   0.0004  -0.0013   0.0036   0.9669   0.0039  -0.0016
  -0.0002   0.0007   0.0007   0.0010   0.0022   0.0033   0.0044   0.9619  -0.0007
   0.0007  -0.0030   0.0018   0.0003  -0.0006  -0.0020  -0.0041  -0.0016   0.9569
tau_av_expon_proj    = 4.986903 0.947243 1.272604 0.739649 0.867150 0.331454 0.346231 0.340484 0.363087
tau_av_expon_proj_new= 6.504622 2.476861 1.529668 1.106517 0.866749 0.712384 0.604691 0.525283 0.464309
factor=                1.262797 1.854403 1.182998 1.393129 0.999537 1.706979 1.533304 1.421637 1.243594
factor2=                 1.3043   2.6148   1.2020   1.4960   0.9995   2.1493   1.7465   1.5428   1.2788

eigenvalues of p_imp=  0.953835  0.957765  0.963171  0.973933  0.976522  0.982440  0.989117  0.995544  1.000000
eigenvalues of h_imp=  1.154489  0.958038  0.687698  0.149593  0.020158 -0.275736 -0.609584 -0.930919 -1.153737

eigenval_p,eigenval_h=  1.000000 -1.153737
psi for p_imp=   0.9868   0.0361   0.1430   0.0578   0.0250   0.0117   0.0013   0.0022   0.0188

imp-sampled: sum_p_eig,sum_abs_p_eig,sign_condition_number=  1.282654  1.285625  0.890750

p_FN1=
   0.9967   0.0067   0.0068   0.0140   0.0061   0.0298   0.0000   0.0000   0.0298
   0.0004   0.9833   0.0000   0.0040   0.0012   0.0000   0.0000   0.0038   0.0000
   0.0012   0.0000   0.9859   0.0039   0.0098   0.0066   0.0194   0.0114   0.0127
   0.0008   0.0041   0.0014   0.9785   0.0000   0.0000   0.0023   0.0060   0.0008
   0.0003   0.0009   0.0025   0.0000   0.9734   0.0007   0.0000   0.0091   0.0000
   0.0004   0.0000   0.0006   0.0000   0.0002   0.9555   0.0058   0.0046   0.0000
   0.0000   0.0000   0.0010   0.0004   0.0000   0.0036   0.9411   0.0039   0.0000
   0.0000   0.0007   0.0007   0.0010   0.0022   0.0033   0.0044   0.9420   0.0000
   0.0007   0.0000   0.0018   0.0003   0.0000   0.0000   0.0000   0.0000   0.9451

eigenvalues of p_FN1=  0.936998  0.942166  0.944215  0.957585  0.971873  0.976094  0.984904  0.987824  0.999883
eigenvalues of h_FN1=  1.996348  1.737972  1.635514  0.967016  0.252600  0.041564 -0.398936 -0.544942 -1.147888

eigenval_p,eigenval_h=  0.999883 -1.147888
psi for p_FN1=   0.9857   0.0398   0.1492   0.0579   0.0273   0.0127   0.0041   0.0054   0.0179
p_L2 =   1.0004   0.9958   1.0007   1.0021   0.9930   0.9994   0.9731   0.9808   0.9884
p_abs_L2 =   1.0007   1.0044   1.0016   1.0055   0.9965   1.0158   0.9989   1.0007   1.0002

p_propos2=
   0.9962   0.0067   0.0068   0.0139   0.0061   0.0293   0.0000   0.0000   0.0298
   0.0004   0.9876   0.0000   0.0040   0.0013   0.0000   0.0000   0.0038   0.0000
   0.0012   0.0000   0.9853   0.0039   0.0098   0.0065   0.0194   0.0114   0.0127
   0.0008   0.0041   0.0014   0.9765   0.0000   0.0000   0.0023   0.0060   0.0008
   0.0003   0.0009   0.0025   0.0000   0.9804   0.0007   0.0000   0.0091   0.0000
   0.0004   0.0000   0.0006   0.0000   0.0002   0.9568   0.0058   0.0046   0.0000
   0.0000   0.0000   0.0010   0.0004   0.0000   0.0035   0.9680   0.0039   0.0000
   0.0000   0.0007   0.0007   0.0010   0.0022   0.0032   0.0044   0.9612   0.0000
   0.0007   0.0000   0.0018   0.0003   0.0000   0.0000   0.0000   0.0000   0.9567

p_markov2=
   0.9963   0.0067   0.0068   0.0139   0.0061   0.0293   0.0000   0.0000   0.0297
   0.0004   0.9876   0.0000   0.0040   0.0012   0.0000   0.0000   0.0037   0.0000
   0.0012   0.0000   0.9853   0.0039   0.0098   0.0065   0.0194   0.0114   0.0127
   0.0008   0.0041   0.0014   0.9765   0.0000   0.0000   0.0023   0.0060   0.0008
   0.0003   0.0009   0.0025   0.0000   0.9805   0.0007   0.0000   0.0091   0.0000
   0.0004   0.0000   0.0006   0.0000   0.0002   0.9568   0.0057   0.0046   0.0000
   0.0000   0.0000   0.0010   0.0004   0.0000   0.0035   0.9682   0.0039   0.0000
   0.0000   0.0007   0.0007   0.0010   0.0022   0.0032   0.0044   0.9613   0.0000
   0.0007   0.0000   0.0018   0.0003   0.0000   0.0000   0.0000   0.0000   0.9568

eigenvalues of p_markov2=  0.953765  0.955584  0.958973  0.970196  0.974531  0.978633  0.988243  0.989280  1.000000
eigenvalues of h_markov2=  1.158009  1.067071  0.897627  0.336445  0.119704 -0.085370 -0.565888 -0.617748 -1.153737

eigenval_p,eigenval_h=  1.000000 -1.153737
psi for p_mar=   0.9815   0.0557   0.1660   0.0579   0.0420   0.0142   0.0088   0.0101   0.0232
psig**2      =   0.9815   0.0557   0.1660   0.0579   0.0420   0.0142   0.0088   0.0101   0.0232
Above 2 lines should be equal since Markov matrix has dominant state psig**2

p_FN3=
   0.9967   0.0067   0.0068   0.0139   0.0060   0.0293   0.0000   0.0000   0.0294
   0.0004   0.9834   0.0000   0.0040   0.0012   0.0000   0.0000   0.0037   0.0000
   0.0012   0.0000   0.9860   0.0039   0.0097   0.0065   0.0189   0.0112   0.0125
   0.0008   0.0041   0.0014   0.9786   0.0000   0.0000   0.0023   0.0059   0.0008
   0.0003   0.0009   0.0025   0.0000   0.9736   0.0007   0.0000   0.0089   0.0000
   0.0004   0.0000   0.0006   0.0000   0.0002   0.9562   0.0055   0.0045   0.0000
   0.0000   0.0000   0.0010   0.0004   0.0000   0.0035   0.9421   0.0038   0.0000
   0.0000   0.0007   0.0007   0.0010   0.0022   0.0032   0.0043   0.9429   0.0000
   0.0007   0.0000   0.0018   0.0003   0.0000   0.0000   0.0000   0.0000   0.9457

eigenvalues of p_FN3=  0.938049  0.943101  0.944773  0.958206  0.972040  0.976204  0.984991  0.987847  0.999879
eigenvalues of h_FN3=  1.943820  1.691201  1.607619  0.935944  0.244277  0.036055 -0.403270 -0.546071 -1.147676

eigenval_p,eigenval_h=  0.999879 -1.147676
psi for p_FN3=   0.9857   0.0399   0.1489   0.0578   0.0274   0.0127   0.0041   0.0054   0.0180

p_FN4=
   0.9967   0.0067   0.0068   0.0139   0.0061   0.0293   0.0000   0.0000   0.0294
   0.0004   0.9834   0.0000   0.0040   0.0012   0.0000   0.0000   0.0037   0.0000
   0.0012   0.0000   0.9859   0.0039   0.0098   0.0065   0.0189   0.0112   0.0125
   0.0008   0.0041   0.0014   0.9786   0.0000   0.0000   0.0023   0.0059   0.0008
   0.0003   0.0009   0.0025   0.0000   0.9735   0.0007   0.0000   0.0089   0.0000
   0.0004   0.0000   0.0006   0.0000   0.0002   0.9562   0.0056   0.0046   0.0000
   0.0000   0.0000   0.0010   0.0004   0.0000   0.0035   0.9420   0.0038   0.0000
   0.0000   0.0007   0.0007   0.0010   0.0022   0.0032   0.0043   0.9428   0.0000
   0.0007   0.0000   0.0018   0.0003   0.0000   0.0000   0.0000   0.0000   0.9456

eigenvalues of p_FN4=  0.937897  0.942954  0.944733  0.958211  0.971949  0.976194  0.984986  0.987832  0.999879
eigenvalues of h_FN4=  1.951408  1.698546  1.609613  0.935730  0.248828  0.036564 -0.403021 -0.545321 -1.147683

eigenval_p,eigenval_h=  0.999879 -1.147683
psi for p_FN4=   0.9856   0.0400   0.1491   0.0581   0.0273   0.0129   0.0041   0.0054   0.0180

E_G, E_FN1, E_FN3, E_FN4, E_0, recover_FN1, recover_FN3, recover_FN4, ovlp_FN1, ovlp_FN3, ovlp_FN4, sign_cond_num= -1.131880 -1.147888 -1.147676 -1.147683 -1.153737 0.732 0.723 0.723 4.E-05 4.E-05 4.E-05 0.891
------------------------------------------------------------

Data set    2

h=
  -1.0000   0.2078   0.2465  -0.1774   0.1550   0.0818   0.1172   0.0597   0.0351
   0.2078  -0.7500   0.0317   0.1078  -0.1529   0.2204  -0.0884   0.0460  -0.1722
   0.2465   0.0317  -0.5000  -0.0188   0.1205   0.0786   0.1065   0.0542  -0.2134
  -0.1774   0.1078  -0.0188  -0.2500   0.1196   0.2078   0.0252   0.1955   0.1204
   0.1550  -0.1529   0.1205   0.1196   0.0000  -0.1889   0.1373  -0.1491  -0.1836
   0.0818   0.2204   0.0786   0.2078  -0.1889   0.2500   0.0471   0.2473  -0.0761
   0.1172  -0.0884   0.1065   0.0252   0.1373   0.0471   0.5000  -0.0512   0.1073
   0.0597   0.0460   0.0542   0.1955  -0.1491   0.2473  -0.0512   0.7500  -0.1677
   0.0351  -0.1722  -0.2134   0.1204  -0.1836  -0.0761   0.1073  -0.1677   1.0000

eigenval_p,eigenval_h=  1.000000 -1.275242
psi for p    =   0.8174  -0.4330  -0.2248   0.2275  -0.1681  -0.0167  -0.0476  -0.0495  -0.0940

eigenvalues of p=  0.950560  0.956825  0.962966  0.969652  0.974931  0.980377  0.985440  0.989706  1.000000
eigenvalues of h=  1.196769  0.883489  0.576467  0.242178 -0.021770 -0.294090 -0.547235 -0.760567 -1.275242
tau, tau_max= 0.020000 0.404529
p=
   0.9945  -0.0042  -0.0049   0.0035  -0.0031  -0.0016  -0.0023  -0.0012  -0.0007
  -0.0042   0.9895  -0.0006  -0.0022   0.0031  -0.0044   0.0018  -0.0009   0.0034
  -0.0049  -0.0006   0.9845   0.0004  -0.0024  -0.0016  -0.0021  -0.0011   0.0043
   0.0035  -0.0022   0.0004   0.9795  -0.0024  -0.0042  -0.0005  -0.0039  -0.0024
  -0.0031   0.0031  -0.0024  -0.0024   0.9745   0.0038  -0.0027   0.0030   0.0037
  -0.0016  -0.0044  -0.0016  -0.0042   0.0038   0.9695  -0.0009  -0.0049   0.0015
  -0.0023   0.0018  -0.0021  -0.0005  -0.0027  -0.0009   0.9645   0.0010  -0.0021
  -0.0012  -0.0009  -0.0011  -0.0039   0.0030  -0.0049   0.0010   0.9595   0.0034
  -0.0007   0.0034   0.0043  -0.0024   0.0037   0.0015  -0.0021   0.0034   0.9545

sum_p_eig,sum_abs_p_eig,sign_condition_number=  2.078525  2.091526  0.732144

psig=   0.7975  -0.4125  -0.2799   0.2262  -0.1837  -0.0716  -0.0560  -0.0854  -0.1226

p after making eigenvec +ve =
   0.9945   0.0042   0.0049   0.0035   0.0031   0.0016   0.0023   0.0012   0.0007
   0.0042   0.9895  -0.0006   0.0022   0.0031  -0.0044   0.0018  -0.0009   0.0034
   0.0049  -0.0006   0.9845  -0.0004  -0.0024  -0.0016  -0.0021  -0.0011   0.0043
   0.0035   0.0022  -0.0004   0.9795   0.0024   0.0042   0.0005   0.0039   0.0024
   0.0031   0.0031  -0.0024   0.0024   0.9745   0.0038  -0.0027   0.0030   0.0037
   0.0016  -0.0044  -0.0016   0.0042   0.0038   0.9695  -0.0009  -0.0049   0.0015
   0.0023   0.0018  -0.0021   0.0005  -0.0027  -0.0009   0.9645   0.0010  -0.0021
   0.0012  -0.0009  -0.0011   0.0039   0.0030  -0.0049   0.0010   0.9595   0.0034
   0.0007   0.0034   0.0043   0.0024   0.0037   0.0015  -0.0021   0.0034   0.9545

1+(E_0*1-H) (i.e. p with tau=1) after making eigenvec +ve =
   0.7248  -0.2078  -0.2465  -0.1774  -0.1550  -0.0818  -0.1172  -0.0597  -0.0351
  -0.2078   0.4748   0.0317  -0.1078  -0.1529   0.2204  -0.0884   0.0460  -0.1722
  -0.2465   0.0317   0.2248   0.0188   0.1205   0.0786   0.1065   0.0542  -0.2134
  -0.1774  -0.1078   0.0188  -0.0252  -0.1196  -0.2078  -0.0252  -0.1955  -0.1204
  -0.1550  -0.1529   0.1205  -0.1196  -0.2752  -0.1889   0.1373  -0.1491  -0.1836
  -0.0818   0.2204   0.0786  -0.2078  -0.1889  -0.5252   0.0471   0.2473  -0.0761
  -0.1172  -0.0884   0.1065  -0.0252   0.1373   0.0471  -0.7752  -0.0512   0.1073
  -0.0597   0.0460   0.0542  -0.1955  -0.1491   0.2473  -0.0512  -1.0252  -0.1677
  -0.0351  -0.1722  -0.2134  -0.1204  -0.1836  -0.0761   0.1073  -0.1677  -1.2752
psi for p    =   0.8174   0.4330   0.2248   0.2275   0.1681   0.0167   0.0476   0.0495   0.0940
psig         =   0.7975   0.4125   0.2799   0.2262   0.1837   0.0716   0.0560   0.0854   0.1226

E_G= -1.262361

h_imp=
  -1.0000  -0.4018  -0.7026  -0.6254  -0.6730  -0.9110  -1.6708  -0.5574  -0.2285
  -0.1075  -0.7500   0.0467  -0.1966  -0.3434   1.2703  -0.6519   0.2224  -0.5792
  -0.0865   0.0215  -0.5000   0.0232   0.1835   0.3072   0.5326   0.1778  -0.4871
  -0.0503  -0.0591   0.0152  -0.2500  -0.1473  -0.6567  -0.1019  -0.5181  -0.2221
  -0.0357  -0.0681   0.0791  -0.0971   0.0000  -0.4848   0.4509  -0.3209  -0.2751
  -0.0073   0.0382   0.0201  -0.0657  -0.0736   0.2500   0.0602   0.2073  -0.0444
  -0.0082  -0.0120   0.0213  -0.0062   0.0418   0.0368   0.5000  -0.0336   0.0490
  -0.0064   0.0095   0.0165  -0.0738  -0.0693   0.2949  -0.0781   0.7500  -0.1167
  -0.0054  -0.0512  -0.0935  -0.0652  -0.1226  -0.1304   0.2350  -0.2408   1.0000

p_imp=
   0.9945   0.0080   0.0141   0.0125   0.0135   0.0182   0.0334   0.0111   0.0046
   0.0021   0.9895  -0.0009   0.0039   0.0069  -0.0254   0.0130  -0.0044   0.0116
   0.0017  -0.0004   0.9845  -0.0005  -0.0037  -0.0061  -0.0107  -0.0036   0.0097
   0.0010   0.0012  -0.0003   0.9795   0.0029   0.0131   0.0020   0.0104   0.0044
   0.0007   0.0014  -0.0016   0.0019   0.9745   0.0097  -0.0090   0.0064   0.0055
   0.0001  -0.0008  -0.0004   0.0013   0.0015   0.9695  -0.0012  -0.0041   0.0009
   0.0002   0.0002  -0.0004   0.0001  -0.0008  -0.0007   0.9645   0.0007  -0.0010
   0.0001  -0.0002  -0.0003   0.0015   0.0014  -0.0059   0.0016   0.9595   0.0023
   0.0001   0.0010   0.0019   0.0013   0.0025   0.0026  -0.0047   0.0048   0.9545
tau_av_expon_proj    = 3.253618 1.511904 1.005106 0.867035 0.604411 0.244363 0.264447 0.438917 0.499438
tau_av_expon_proj_new= 3.633167 1.903884 1.289920 0.975379 0.784165 0.655634 0.563303 0.493768 0.439514
factor=                1.110120 1.228612 1.247074 1.117484 1.257630 1.872523 1.699855 1.117491 0.872544
factor2=                 1.1167   1.2593   1.2834   1.1250   1.2974   2.6830   2.1301   1.1250   0.8800

eigenvalues of p_imp=  0.950560  0.956825  0.962966  0.969652  0.974931  0.980377  0.985440  0.989706  1.000000
eigenvalues of h_imp=  1.196769  0.883489  0.576467  0.242178 -0.021770 -0.294090 -0.547235 -0.760567 -1.275242

eigenval_p,eigenval_h=  1.000000 -1.275242
psi for p_imp=   0.9564   0.2620   0.0923   0.0755   0.0453   0.0018   0.0039   0.0062   0.0169

imp-sampled: sum_p_eig,sum_abs_p_eig,sign_condition_number=  1.460285  1.462741  0.919412

p_FN1=
   0.9945   0.0080   0.0141   0.0125   0.0135   0.0182   0.0334   0.0111   0.0046
   0.0021   0.9881   0.0000   0.0039   0.0069   0.0000   0.0130   0.0000   0.0116
   0.0017   0.0000   0.9805   0.0000   0.0000   0.0000   0.0000   0.0000   0.0097
   0.0010   0.0012   0.0000   0.9790   0.0029   0.0131   0.0020   0.0104   0.0044
   0.0007   0.0014   0.0000   0.0019   0.9700   0.0097   0.0000   0.0064   0.0055
   0.0001   0.0000   0.0000   0.0013   0.0015   0.9313   0.0000   0.0000   0.0009
   0.0002   0.0002   0.0000   0.0001   0.0000   0.0000   0.9389   0.0007   0.0000
   0.0001   0.0000   0.0000   0.0015   0.0014   0.0000   0.0016   0.9473   0.0023
   0.0001   0.0010   0.0019   0.0013   0.0025   0.0026   0.0000   0.0048   0.9535

eigenvalues of p_FN1=  0.930524  0.938633  0.945663  0.952712  0.969754  0.978873  0.980057  0.987070  0.999945
eigenvalues of h_FN1=  2.198559  1.793087  1.441629  1.089148  0.237040 -0.218873 -0.278092 -0.628752 -1.272488

eigenval_p,eigenval_h=  0.999945 -1.272488
psi for p_FN1=   0.9602   0.2468   0.0940   0.0767   0.0451   0.0047   0.0038   0.0065   0.0169
p_L2 =   1.0006   1.0000   0.9964   1.0016   0.9986   0.9750   0.9890   0.9808   0.9926
p_abs_L2 =   1.0006   1.0013   1.0004   1.0021   1.0031   1.0132   1.0145   0.9929   0.9936

p_propos2=
   0.9939   0.0080   0.0140   0.0125   0.0134   0.0180   0.0329   0.0112   0.0046
   0.0021   0.9882   0.0000   0.0039   0.0068   0.0000   0.0129   0.0000   0.0117
   0.0017   0.0000   0.9841   0.0000   0.0000   0.0000   0.0000   0.0000   0.0098
   0.0010   0.0012   0.0000   0.9774   0.0029   0.0130   0.0020   0.0104   0.0045
   0.0007   0.0014   0.0000   0.0019   0.9715   0.0096   0.0000   0.0065   0.0055
   0.0001   0.0000   0.0000   0.0013   0.0015   0.9569   0.0000   0.0000   0.0009
   0.0002   0.0002   0.0000   0.0001   0.0000   0.0000   0.9507   0.0007   0.0000
   0.0001   0.0000   0.0000   0.0015   0.0014   0.0000   0.0015   0.9663   0.0024
   0.0001   0.0010   0.0019   0.0013   0.0024   0.0026   0.0000   0.0049   0.9607

p_markov2=
   0.9939   0.0080   0.0140   0.0125   0.0134   0.0180   0.0329   0.0111   0.0046
   0.0021   0.9882   0.0000   0.0039   0.0068   0.0000   0.0129   0.0000   0.0116
   0.0017   0.0000   0.9841   0.0000   0.0000   0.0000   0.0000   0.0000   0.0097
   0.0010   0.0012   0.0000   0.9775   0.0029   0.0130   0.0020   0.0103   0.0044
   0.0007   0.0014   0.0000   0.0019   0.9715   0.0096   0.0000   0.0064   0.0055
   0.0001   0.0000   0.0000   0.0013   0.0015   0.9569   0.0000   0.0000   0.0009
   0.0002   0.0002   0.0000   0.0001   0.0000   0.0000   0.9507   0.0007   0.0000
   0.0001   0.0000   0.0000   0.0015   0.0014   0.0000   0.0015   0.9666   0.0024
   0.0001   0.0010   0.0019   0.0013   0.0024   0.0026   0.0000   0.0048   0.9610

eigenvalues of p_markov2=  0.950401  0.955123  0.958249  0.965350  0.971404  0.979699  0.982560  0.987488  1.000000
eigenvalues of h_markov2=  1.204691  0.968585  0.812304  0.457252  0.154544 -0.260217 -0.403261 -0.649657 -1.275242

eigenval_p,eigenval_h=  1.000000 -1.275242
psi for p_mar=   0.9549   0.2554   0.1176   0.0768   0.0507   0.0077   0.0047   0.0109   0.0226
psig**2      =   0.9549   0.2554   0.1176   0.0768   0.0507   0.0077   0.0047   0.0109   0.0226
Above 2 lines should be equal since Markov matrix has dominant state psig**2

p_FN3=
   0.9945   0.0080   0.0140   0.0125   0.0134   0.0175   0.0326   0.0109   0.0045
   0.0021   0.9881   0.0000   0.0039   0.0068   0.0000   0.0127   0.0000   0.0115
   0.0017   0.0000   0.9806   0.0000   0.0000   0.0000   0.0000   0.0000   0.0097
   0.0010   0.0012   0.0000   0.9791   0.0029   0.0126   0.0020   0.0101   0.0044
   0.0007   0.0014   0.0000   0.0019   0.9701   0.0093   0.0000   0.0063   0.0054
   0.0001   0.0000   0.0000   0.0013   0.0015   0.9330   0.0000   0.0000   0.0009
   0.0002   0.0002   0.0000   0.0001   0.0000   0.0000   0.9402   0.0006   0.0000
   0.0001   0.0000   0.0000   0.0015   0.0014   0.0000   0.0015   0.9480   0.0023
   0.0001   0.0010   0.0019   0.0013   0.0024   0.0025   0.0000   0.0048   0.9539

eigenvalues of p_FN3=  0.932181  0.939894  0.946307  0.953086  0.969888  0.978920  0.980102  0.987094  0.999941
eigenvalues of h_FN3=  2.115731  1.730065  1.409419  1.070468  0.230349 -0.221220 -0.280321 -0.629945 -1.272307

eigenval_p,eigenval_h=  0.999941 -1.272307
psi for p_FN3=   0.9601   0.2469   0.0943   0.0765   0.0452   0.0048   0.0038   0.0066   0.0170

p_FN4=
   0.9945   0.0080   0.0140   0.0125   0.0134   0.0175   0.0326   0.0110   0.0046
   0.0021   0.9881   0.0000   0.0039   0.0068   0.0000   0.0127   0.0000   0.0116
   0.0017   0.0000   0.9806   0.0000   0.0000   0.0000   0.0000   0.0000   0.0097
   0.0010   0.0012   0.0000   0.9790   0.0029   0.0126   0.0020   0.0102   0.0044
   0.0007   0.0014   0.0000   0.0019   0.9701   0.0093   0.0000   0.0063   0.0055
   0.0001   0.0000   0.0000   0.0013   0.0015   0.9330   0.0000   0.0000   0.0009
   0.0002   0.0002   0.0000   0.0001   0.0000   0.0000   0.9402   0.0007   0.0000
   0.0001   0.0000   0.0000   0.0015   0.0014   0.0000   0.0015   0.9478   0.0023
   0.0001   0.0010   0.0019   0.0013   0.0024   0.0025   0.0000   0.0048   0.9536

eigenvalues of p_FN4=  0.932170  0.939883  0.946051  0.952803  0.969870  0.978906  0.980095  0.987087  0.999941
eigenvalues of h_FN4=  2.116259  1.730601  1.422224  1.084610  0.231256 -0.220537 -0.279970 -0.629571 -1.272280

eigenval_p,eigenval_h=  0.999941 -1.272280
psi for p_FN4=   0.9601   0.2471   0.0943   0.0766   0.0453   0.0048   0.0039   0.0066   0.0169

E_G, E_FN1, E_FN3, E_FN4, E_0, recover_FN1, recover_FN3, recover_FN4, ovlp_FN1, ovlp_FN3, ovlp_FN4, sign_cond_num= -1.262361 -1.272488 -1.272307 -1.272280 -1.275242 0.786 0.772 0.770 1.E-04 1.E-04 1.E-04 0.919
------------------------------------------------------------

Data set    3

h=
  -1.0000   0.0404   0.0718  -0.0811   0.1244  -0.0287  -0.1692  -0.0427  -0.1855
   0.0404  -0.7500   0.0116  -0.1719   0.1516  -0.0466   0.2187  -0.1013   0.0946
   0.0718   0.0116  -0.5000   0.2356  -0.0595  -0.1163   0.2479  -0.1902  -0.0795
  -0.0811  -0.1719   0.2356  -0.2500  -0.0695   0.2271   0.0548   0.1091  -0.0390
   0.1244   0.1516  -0.0595  -0.0695   0.0000  -0.1933  -0.1028  -0.1993  -0.1509
  -0.0287  -0.0466  -0.1163   0.2271  -0.1933   0.2500   0.0086  -0.2237   0.1178
  -0.1692   0.2187   0.2479   0.0548  -0.1028   0.0086   0.5000   0.0091  -0.1426
  -0.0427  -0.1013  -0.1902   0.1091  -0.1993  -0.2237   0.0091   0.7500  -0.1474
  -0.1855   0.0946  -0.0795  -0.0390  -0.1509   0.1178  -0.1426  -0.1474   1.0000

eigenval_p,eigenval_h=  1.000000 -1.090220
psi for p    =   0.9278  -0.1370  -0.2455   0.1362  -0.0797  -0.0542   0.1543  -0.0284   0.0876

eigenvalues of p=  0.955026  0.961663  0.965603  0.970181  0.980983  0.982016  0.992355  0.995933  1.000000
eigenvalues of h=  1.158502  0.826606  0.629632  0.400707 -0.139383 -0.191035 -0.707961 -0.886848 -1.090220
tau, tau_max= 0.020000 0.444697
p=
   0.9982  -0.0008  -0.0014   0.0016  -0.0025   0.0006   0.0034   0.0009   0.0037
  -0.0008   0.9932  -0.0002   0.0034  -0.0030   0.0009  -0.0044   0.0020  -0.0019
  -0.0014  -0.0002   0.9882  -0.0047   0.0012   0.0023  -0.0050   0.0038   0.0016
   0.0016   0.0034  -0.0047   0.9832   0.0014  -0.0045  -0.0011  -0.0022   0.0008
  -0.0025  -0.0030   0.0012   0.0014   0.9782   0.0039   0.0021   0.0040   0.0030
   0.0006   0.0009   0.0023  -0.0045   0.0039   0.9732  -0.0002   0.0045  -0.0024
   0.0034  -0.0044  -0.0050  -0.0011   0.0021  -0.0002   0.9682  -0.0002   0.0029
   0.0009   0.0020   0.0038  -0.0022   0.0040   0.0045  -0.0002   0.9632   0.0029
   0.0037  -0.0019   0.0016   0.0008   0.0030  -0.0024   0.0029   0.0029   0.9582

sum_p_eig,sum_abs_p_eig,sign_condition_number=  1.850582  1.861661  0.741959

psig=   0.8829  -0.2086  -0.2742   0.1565  -0.1444  -0.0657   0.1579  -0.0763   0.1460

p after making eigenvec +ve =
   0.9982   0.0008   0.0014   0.0016   0.0025  -0.0006   0.0034  -0.0009   0.0037
   0.0008   0.9932  -0.0002  -0.0034  -0.0030   0.0009   0.0044   0.0020   0.0019
   0.0014  -0.0002   0.9882   0.0047   0.0012   0.0023   0.0050   0.0038  -0.0016
   0.0016  -0.0034   0.0047   0.9832  -0.0014   0.0045  -0.0011   0.0022   0.0008
   0.0025  -0.0030   0.0012  -0.0014   0.9782   0.0039  -0.0021   0.0040  -0.0030
  -0.0006   0.0009   0.0023   0.0045   0.0039   0.9732   0.0002   0.0045   0.0024
   0.0034   0.0044   0.0050  -0.0011  -0.0021   0.0002   0.9682   0.0002   0.0029
  -0.0009   0.0020   0.0038   0.0022   0.0040   0.0045   0.0002   0.9632  -0.0029
   0.0037   0.0019  -0.0016   0.0008  -0.0030   0.0024   0.0029  -0.0029   0.9582

1+(E_0*1-H) (i.e. p with tau=1) after making eigenvec +ve =
   0.9098  -0.0404  -0.0718  -0.0811  -0.1244   0.0287  -0.1692   0.0427  -0.1855
  -0.0404   0.6598   0.0116   0.1719   0.1516  -0.0466  -0.2187  -0.1013  -0.0946
  -0.0718   0.0116   0.4098  -0.2356  -0.0595  -0.1163  -0.2479  -0.1902   0.0795
  -0.0811   0.1719  -0.2356   0.1598   0.0695  -0.2271   0.0548  -0.1091  -0.0390
  -0.1244   0.1516  -0.0595   0.0695  -0.0902  -0.1933   0.1028  -0.1993   0.1509
   0.0287  -0.0466  -0.1163  -0.2271  -0.1933  -0.3402  -0.0086  -0.2237  -0.1178
  -0.1692  -0.2187  -0.2479   0.0548   0.1028  -0.0086  -0.5902  -0.0091  -0.1426
   0.0427  -0.1013  -0.1902  -0.1091  -0.1993  -0.2237  -0.0091  -0.8402   0.1474
  -0.1855  -0.0946   0.0795  -0.0390   0.1509  -0.1178  -0.1426   0.1474  -1.0902
psi for p    =   0.9278   0.1370   0.2455   0.1362   0.0797   0.0542   0.1543   0.0284   0.0876
psig         =   0.8829   0.2086   0.2742   0.1565   0.1444   0.0657   0.1579   0.0763   0.1460

E_G= -1.069998

h_imp=
  -1.0000  -0.1711  -0.2314  -0.4577  -0.7606   0.3852  -0.9462   0.4944  -1.1213
  -0.0096  -0.7500   0.0089   0.2291   0.2190  -0.1478  -0.2889  -0.2770  -0.1352
  -0.0223   0.0153  -0.5000  -0.4126  -0.1130  -0.4854  -0.4305  -0.6835   0.1491
  -0.0144   0.1290  -0.1345  -0.2500   0.0754  -0.5411   0.0543  -0.2239  -0.0418
  -0.0203   0.1049  -0.0313   0.0642   0.0000  -0.4248   0.0940  -0.3774   0.1492
   0.0021  -0.0147  -0.0279  -0.0953  -0.0879   0.2500  -0.0036  -0.1927  -0.0530
  -0.0303  -0.1655  -0.1428   0.0553   0.1124  -0.0207   0.5000  -0.0188  -0.1541
   0.0037  -0.0370  -0.0529  -0.0532  -0.1053  -0.2598  -0.0044   0.7500   0.0770
  -0.0307  -0.0663   0.0423  -0.0364   0.1526  -0.2619  -0.1319   0.2823   1.0000

p_imp=
   0.9982   0.0034   0.0046   0.0092   0.0152  -0.0077   0.0189  -0.0099   0.0224
   0.0002   0.9932  -0.0002  -0.0046  -0.0044   0.0030   0.0058   0.0055   0.0027
   0.0004  -0.0003   0.9882   0.0083   0.0023   0.0097   0.0086   0.0137  -0.0030
   0.0003  -0.0026   0.0027   0.9832  -0.0015   0.0108  -0.0011   0.0045   0.0008
   0.0004  -0.0021   0.0006  -0.0013   0.9782   0.0085  -0.0019   0.0075  -0.0030
  -0.0000   0.0003   0.0006   0.0019   0.0018   0.9732   0.0001   0.0039   0.0011
   0.0006   0.0033   0.0029  -0.0011  -0.0022   0.0004   0.9682   0.0004   0.0031
  -0.0001   0.0007   0.0011   0.0011   0.0021   0.0052   0.0001   0.9632  -0.0015
   0.0006   0.0013  -0.0008   0.0007  -0.0031   0.0052   0.0026  -0.0056   0.9582
tau_av_expon_proj    = 7.500034 1.420692 1.488218 0.712360 0.614910 0.395765 0.511805 0.392174 0.531719
tau_av_expon_proj_new=11.084036 2.939276 1.694284 1.190165 0.917246 0.746146 0.628844 0.543413 0.478419
factor=                1.381746 1.676407 1.129330 1.494006 1.390430 1.599335 1.204564 1.320901 0.894573
factor2=                 1.4779   2.0689   1.1385   1.6707   1.4917   1.8853   1.2287   1.3856   0.8998

eigenvalues of p_imp=  0.955026  0.961663  0.965603  0.970181  0.980983  0.982016  0.992355  0.995933  1.000000
eigenvalues of h_imp=  1.158502  0.826606  0.629632  0.400707 -0.139383 -0.191035 -0.707961 -0.886848 -1.090220

eigenval_p,eigenval_h=  1.000000 -1.090220
psi for p_imp=   0.9950   0.0347   0.0817   0.0259   0.0140   0.0043   0.0296   0.0026   0.0155

imp-sampled: sum_p_eig,sum_abs_p_eig,sign_condition_number=  1.203417  1.205393  0.921258

p_FN1=
   0.9981   0.0034   0.0046   0.0092   0.0152   0.0000   0.0189   0.0000   0.0224
   0.0002   0.9882   0.0000   0.0000   0.0000   0.0030   0.0058   0.0055   0.0027
   0.0004   0.0000   0.9872   0.0083   0.0023   0.0097   0.0086   0.0137   0.0000
   0.0003   0.0000   0.0027   0.9762   0.0000   0.0108   0.0000   0.0045   0.0008
   0.0004   0.0000   0.0006   0.0000   0.9670   0.0085   0.0000   0.0075   0.0000
   0.0000   0.0003   0.0006   0.0019   0.0018   0.9655   0.0001   0.0039   0.0011
   0.0006   0.0033   0.0029   0.0000   0.0000   0.0004   0.9652   0.0004   0.0031
   0.0000   0.0007   0.0011   0.0011   0.0021   0.0052   0.0001   0.9477   0.0000
   0.0006   0.0013   0.0000   0.0007   0.0000   0.0052   0.0026   0.0000   0.9507

eigenvalues of p_FN1=  0.945757  0.949593  0.961497  0.963562  0.970052  0.976138  0.988626  0.990582  0.999960
eigenvalues of h_FN1=  1.621937  1.430142  0.834932  0.731660  0.407204  0.102863 -0.521528 -0.619343 -1.088231

eigenval_p,eigenval_h=  0.999960 -1.088231
psi for p_FN1=   0.9951   0.0371   0.0807   0.0247   0.0159   0.0048   0.0290   0.0038   0.0158
p_L2 =   1.0006   0.9973   0.9996   0.9973   0.9883   1.0083   1.0013   0.9831   0.9808
p_abs_L2 =   1.0007   1.0023   1.0006   1.0043   0.9995   1.0160   1.0043   0.9987   0.9883

p_propos2=
   0.9975   0.0034   0.0046   0.0091   0.0152   0.0000   0.0188   0.0000   0.0227
   0.0002   0.9909   0.0000   0.0000   0.0000   0.0029   0.0058   0.0055   0.0027
   0.0004   0.0000   0.9876   0.0082   0.0023   0.0096   0.0086   0.0137   0.0000
   0.0003   0.0000   0.0027   0.9790   0.0000   0.0107   0.0000   0.0045   0.0008
   0.0004   0.0000   0.0006   0.0000   0.9787   0.0084   0.0000   0.0076   0.0000
   0.0000   0.0003   0.0006   0.0019   0.0018   0.9578   0.0001   0.0039   0.0011
   0.0006   0.0033   0.0029   0.0000   0.0000   0.0004   0.9640   0.0004   0.0031
   0.0000   0.0007   0.0011   0.0011   0.0021   0.0051   0.0001   0.9645   0.0000
   0.0006   0.0013   0.0000   0.0007   0.0000   0.0052   0.0026   0.0000   0.9695

p_markov2=
   0.9975   0.0034   0.0046   0.0091   0.0152   0.0000   0.0188   0.0000   0.0224
   0.0002   0.9909   0.0000   0.0000   0.0000   0.0029   0.0058   0.0055   0.0027
   0.0004   0.0000   0.9876   0.0082   0.0023   0.0096   0.0086   0.0137   0.0000
   0.0003   0.0000   0.0027   0.9790   0.0000   0.0107   0.0000   0.0045   0.0008
   0.0004   0.0000   0.0006   0.0000   0.9787   0.0084   0.0000   0.0076   0.0000
   0.0000   0.0003   0.0005   0.0019   0.0017   0.9578   0.0001   0.0038   0.0010
   0.0006   0.0033   0.0028   0.0000   0.0000   0.0004   0.9640   0.0004   0.0031
   0.0000   0.0007   0.0011   0.0011   0.0021   0.0051   0.0001   0.9646   0.0000
   0.0006   0.0013   0.0000   0.0007   0.0000   0.0052   0.0026   0.0000   0.9699

eigenvalues of p_markov2=  0.954796  0.961313  0.963760  0.970054  0.977786  0.979900  0.990648  0.991939  1.000000
eigenvalues of h_markov2=  1.169964  0.844121  0.721790  0.407070  0.020476 -0.085231 -0.622640 -0.687149 -1.090220

eigenval_p,eigenval_h=  1.000000 -1.090220
psi for p_mar=   0.9921   0.0554   0.0957   0.0312   0.0265   0.0055   0.0317   0.0074   0.0271
psig**2      =   0.9921   0.0554   0.0957   0.0312   0.0265   0.0055   0.0317   0.0074   0.0271
Above 2 lines should be equal since Markov matrix has dominant state psig**2

p_FN3=
   0.9981   0.0034   0.0046   0.0091   0.0150   0.0000   0.0189   0.0000   0.0220
   0.0002   0.9883   0.0000   0.0000   0.0000   0.0029   0.0058   0.0054   0.0026
   0.0004   0.0000   0.9872   0.0082   0.0022   0.0096   0.0086   0.0134   0.0000
   0.0003   0.0000   0.0027   0.9764   0.0000   0.0107   0.0000   0.0044   0.0008
   0.0004   0.0000   0.0006   0.0000   0.9673   0.0084   0.0000   0.0074   0.0000
   0.0000   0.0003   0.0005   0.0019   0.0017   0.9658   0.0001   0.0037   0.0010
   0.0006   0.0033   0.0028   0.0000   0.0000   0.0004   0.9653   0.0004   0.0030
   0.0000   0.0007   0.0011   0.0011   0.0021   0.0052   0.0001   0.9484   0.0000
   0.0006   0.0013   0.0000   0.0007   0.0000   0.0052   0.0026   0.0000   0.9513

eigenvalues of p_FN3=  0.946478  0.950231  0.961862  0.963702  0.970290  0.976285  0.988676  0.990606  0.999955
eigenvalues of h_FN3=  1.585865  1.398212  0.816664  0.724663  0.395297  0.095507 -0.524043 -0.620507 -1.087980

eigenval_p,eigenval_h=  0.999955 -1.087980
psi for p_FN3=   0.9950   0.0371   0.0807   0.0247   0.0160   0.0047   0.0290   0.0039   0.0160

p_FN4=
   0.9981   0.0034   0.0046   0.0091   0.0150   0.0000   0.0189   0.0000   0.0223
   0.0002   0.9883   0.0000   0.0000   0.0000   0.0029   0.0058   0.0055   0.0027
   0.0004   0.0000   0.9872   0.0082   0.0022   0.0096   0.0086   0.0135   0.0000
   0.0003   0.0000   0.0027   0.9764   0.0000   0.0107   0.0000   0.0044   0.0008
   0.0004   0.0000   0.0006   0.0000   0.9672   0.0084   0.0000   0.0074   0.0000
   0.0000   0.0003   0.0006   0.0019   0.0017   0.9658   0.0001   0.0038   0.0011
   0.0006   0.0033   0.0029   0.0000   0.0000   0.0004   0.9653   0.0004   0.0031
   0.0000   0.0007   0.0011   0.0011   0.0021   0.0052   0.0001   0.9482   0.0000
   0.0006   0.0013   0.0000   0.0007   0.0000   0.0052   0.0026   0.0000   0.9509

eigenvalues of p_FN4=  0.946325  0.949834  0.961810  0.963685  0.970271  0.976276  0.988665  0.990599  0.999957
eigenvalues of h_FN4=  1.593536  1.418059  0.819269  0.725546  0.396218  0.095972 -0.523448 -0.620193 -1.088086

eigenval_p,eigenval_h=  0.999957 -1.088086
psi for p_FN4=   0.9950   0.0372   0.0807   0.0248   0.0160   0.0048   0.0291   0.0039   0.0159

E_G, E_FN1, E_FN3, E_FN4, E_0, recover_FN1, recover_FN3, recover_FN4, ovlp_FN1, ovlp_FN3, ovlp_FN4, sign_cond_num= -1.069998 -1.088231 -1.087980 -1.088086 -1.090220 0.902 0.889 0.894 7.E-06 7.E-06 7.E-06 0.921
------------------------------------------------------------

Data set    4

h=
  -1.0000   0.1492  -0.2338  -0.2177  -0.1953  -0.1935  -0.1441   0.1318   0.2392
   0.1492  -0.7500  -0.0199  -0.2187  -0.0731  -0.1511   0.1065   0.1675  -0.1985
  -0.2338  -0.0199  -0.5000  -0.0046  -0.1655  -0.1104  -0.1226  -0.1790   0.0679
  -0.2177  -0.2187  -0.0046  -0.2500   0.2048  -0.1071  -0.0817   0.1570  -0.0264
  -0.1953  -0.0731  -0.1655   0.2048   0.0000  -0.1087   0.0397  -0.0754   0.0547
  -0.1935  -0.1511  -0.1104  -0.1071  -0.1087   0.2500  -0.2439   0.0691  -0.0416
  -0.1441   0.1065  -0.1226  -0.0817   0.0397  -0.2439   0.5000  -0.0434   0.1540
   0.1318   0.1675  -0.1790   0.1570  -0.0754   0.0691  -0.0434   0.7500  -0.2259
   0.2392  -0.1985   0.0679  -0.0264   0.0547  -0.0416   0.1540  -0.2259   1.0000

eigenval_p,eigenval_h=  1.000000 -1.288178
psi for p    =   0.8687  -0.1664   0.3331   0.1475   0.1540   0.1580   0.1377  -0.0354  -0.1270

eigenvalues of p=  0.949602  0.960381  0.961461  0.969139  0.970922  0.979156  0.985120  0.992347  1.000000
eigenvalues of h=  1.231728  0.692767  0.638787  0.254868  0.165714 -0.245972 -0.544198 -0.905517 -1.288178
tau, tau_max= 0.020000 0.396840
p=
   0.9942  -0.0030   0.0047   0.0044   0.0039   0.0039   0.0029  -0.0026  -0.0048
  -0.0030   0.9892   0.0004   0.0044   0.0015   0.0030  -0.0021  -0.0034   0.0040
   0.0047   0.0004   0.9842   0.0001   0.0033   0.0022   0.0025   0.0036  -0.0014
   0.0044   0.0044   0.0001   0.9792  -0.0041   0.0021   0.0016  -0.0031   0.0005
   0.0039   0.0015   0.0033  -0.0041   0.9742   0.0022  -0.0008   0.0015  -0.0011
   0.0039   0.0030   0.0022   0.0021   0.0022   0.9692   0.0049  -0.0014   0.0008
   0.0029  -0.0021   0.0025   0.0016  -0.0008   0.0049   0.9642   0.0009  -0.0031
  -0.0026  -0.0034   0.0036  -0.0031   0.0015  -0.0014   0.0009   0.9592   0.0045
  -0.0048   0.0040  -0.0014   0.0005  -0.0011   0.0008  -0.0031   0.0045   0.9542

sum_p_eig,sum_abs_p_eig,sign_condition_number=  2.127697  2.142294  0.710462

psig=   0.8314  -0.2076   0.3354   0.1993   0.1678   0.1770   0.1361  -0.0895  -0.1655

p after making eigenvec +ve =
   0.9942   0.0030   0.0047   0.0044   0.0039   0.0039   0.0029   0.0026   0.0048
   0.0030   0.9892  -0.0004  -0.0044  -0.0015  -0.0030   0.0021  -0.0034   0.0040
   0.0047  -0.0004   0.9842   0.0001   0.0033   0.0022   0.0025  -0.0036   0.0014
   0.0044  -0.0044   0.0001   0.9792  -0.0041   0.0021   0.0016   0.0031  -0.0005
   0.0039  -0.0015   0.0033  -0.0041   0.9742   0.0022  -0.0008  -0.0015   0.0011
   0.0039  -0.0030   0.0022   0.0021   0.0022   0.9692   0.0049   0.0014  -0.0008
   0.0029   0.0021   0.0025   0.0016  -0.0008   0.0049   0.9642  -0.0009   0.0031
   0.0026  -0.0034  -0.0036   0.0031  -0.0015   0.0014  -0.0009   0.9592   0.0045
   0.0048   0.0040   0.0014  -0.0005   0.0011  -0.0008   0.0031   0.0045   0.9542

1+(E_0*1-H) (i.e. p with tau=1) after making eigenvec +ve =
   0.7118  -0.1492  -0.2338  -0.2177  -0.1953  -0.1935  -0.1441  -0.1318  -0.2392
  -0.1492   0.4618   0.0199   0.2187   0.0731   0.1511  -0.1065   0.1675  -0.1985
  -0.2338   0.0199   0.2118  -0.0046  -0.1655  -0.1104  -0.1226   0.1790  -0.0679
  -0.2177   0.2187  -0.0046  -0.0382   0.2048  -0.1071  -0.0817  -0.1570   0.0264
  -0.1953   0.0731  -0.1655   0.2048  -0.2882  -0.1087   0.0397   0.0754  -0.0547
  -0.1935   0.1511  -0.1104  -0.1071  -0.1087  -0.5382  -0.2439  -0.0691   0.0416
  -0.1441  -0.1065  -0.1226  -0.0817   0.0397  -0.2439  -0.7882   0.0434  -0.1540
  -0.1318   0.1675   0.1790  -0.1570   0.0754  -0.0691   0.0434  -1.0382  -0.2259
