Input hamiltonian
hamiltonian=random                                                                          
Input ndim, E_T, tau
ndim, E_T, tau=    9-20.000000 0.000020
Input fraction_positive, off_diag_mag, psig_noise
fraction_positive, off_diag_mag,psig_noise= 0.500000 0.500000 0.000100
Input irand_seed
irand_seed=1425565376542456

Data set    1

h=
  -1.0000   0.0800   0.1401  -0.1696   0.0630   0.1789  -0.0366  -0.0928  -0.2290
   0.0800  -0.7500   0.0859   0.2028  -0.0542   0.1379   0.1569  -0.0799  -0.2353
   0.1401   0.0859  -0.5000   0.1165  -0.2461  -0.0961  -0.2234  -0.1402   0.2370
  -0.1696   0.2028   0.1165  -0.2500  -0.0711  -0.2226   0.0454   0.1250  -0.0263
   0.0630  -0.0542  -0.2461  -0.0711   0.0000  -0.0210   0.1375  -0.2232  -0.0393
   0.1789   0.1379  -0.0961  -0.2226  -0.0210   0.2500  -0.2276  -0.1955  -0.0772
  -0.0366   0.1569  -0.2234   0.0454   0.1375  -0.2276   0.5000  -0.2075  -0.1275
  -0.0928  -0.0799  -0.1402   0.1250  -0.2232  -0.1955  -0.2075   0.7500  -0.0525
  -0.2290  -0.2353   0.2370  -0.0263  -0.0393  -0.0772  -0.1275  -0.0525   1.0000

eigenval_p,eigenval_h=  1.000000 -1.153737
psi for p    =   0.8957  -0.1375  -0.3155   0.2159  -0.1095  -0.0884  -0.0127  -0.0197   0.1112

eigenvalues of p=  0.999954  0.999958  0.999963  0.999974  0.999977  0.999982  0.999989  0.999996  1.000000
eigenvalues of h=  1.154489  0.958038  0.687698  0.149593  0.020158 -0.275736 -0.609584 -0.930919 -1.153737
tau, tau_max= 0.000020 0.433233
p=
   1.0000  -0.0000  -0.0000   0.0000  -0.0000  -0.0000   0.0000   0.0000   0.0000
  -0.0000   1.0000  -0.0000  -0.0000   0.0000  -0.0000  -0.0000   0.0000   0.0000
  -0.0000  -0.0000   1.0000  -0.0000   0.0000   0.0000   0.0000   0.0000  -0.0000
   0.0000  -0.0000  -0.0000   1.0000   0.0000   0.0000  -0.0000  -0.0000   0.0000
  -0.0000   0.0000   0.0000   0.0000   1.0000   0.0000  -0.0000   0.0000   0.0000
  -0.0000  -0.0000   0.0000   0.0000   0.0000   1.0000   0.0000   0.0000   0.0000
   0.0000  -0.0000   0.0000  -0.0000  -0.0000   0.0000   1.0000   0.0000   0.0000
   0.0000   0.0000   0.0000  -0.0000   0.0000   0.0000   0.0000   1.0000   0.0000
   0.0000   0.0000  -0.0000   0.0000   0.0000   0.0000   0.0000   0.0000   1.0000

sum_p_eig,sum_abs_p_eig,sign_condition_number=  1.905979  1.905996  0.640416

psig=   0.8957  -0.1375  -0.3155   0.2159  -0.1095  -0.0884  -0.0127  -0.0197   0.1111

p after making eigenvec +ve =
   1.0000   0.0000   0.0000   0.0000   0.0000   0.0000  -0.0000  -0.0000   0.0000
   0.0000   1.0000  -0.0000   0.0000   0.0000  -0.0000  -0.0000   0.0000  -0.0000
   0.0000  -0.0000   1.0000   0.0000   0.0000   0.0000   0.0000   0.0000   0.0000
   0.0000   0.0000   0.0000   1.0000  -0.0000  -0.0000   0.0000   0.0000   0.0000
   0.0000   0.0000   0.0000  -0.0000   1.0000   0.0000  -0.0000   0.0000  -0.0000
   0.0000  -0.0000   0.0000  -0.0000   0.0000   1.0000   0.0000   0.0000  -0.0000
  -0.0000  -0.0000   0.0000   0.0000  -0.0000   0.0000   1.0000   0.0000  -0.0000
  -0.0000   0.0000   0.0000   0.0000   0.0000   0.0000   0.0000   1.0000  -0.0000
   0.0000  -0.0000   0.0000   0.0000  -0.0000  -0.0000  -0.0000  -0.0000   1.0000

1+(E_0*1-H) (i.e. p with tau=1) after making eigenvec +ve =
   0.8463  -0.0800  -0.1401  -0.1696  -0.0630  -0.1789   0.0366   0.0928  -0.2290
  -0.0800   0.5963   0.0859  -0.2028  -0.0542   0.1379   0.1569  -0.0799   0.2353
  -0.1401   0.0859   0.3463  -0.1165  -0.2461  -0.0961  -0.2234  -0.1402  -0.2370
  -0.1696  -0.2028  -0.1165   0.0963   0.0711   0.2226  -0.0454  -0.1250  -0.0263
  -0.0630  -0.0542  -0.2461   0.0711  -0.1537  -0.0210   0.1375  -0.2232   0.0393
  -0.1789   0.1379  -0.0961   0.2226  -0.0210  -0.4037  -0.2276  -0.1955   0.0772
   0.0366   0.1569  -0.2234  -0.0454   0.1375  -0.2276  -0.6537  -0.2075   0.1275
   0.0928  -0.0799  -0.1402  -0.1250  -0.2232  -0.1955  -0.2075  -0.9037   0.0525
  -0.2290   0.2353  -0.2370  -0.0263   0.0393   0.0772   0.1275   0.0525  -1.1537
psi for p    =   0.8957   0.1375   0.3155   0.2159   0.1095   0.0884   0.0127   0.0197   0.1112
psig         =   0.8957   0.1375   0.3155   0.2159   0.1095   0.0884   0.0127   0.0197   0.1111

E_G= -1.153737

h_imp=
  -1.0000  -0.5208  -0.3979  -0.7038  -0.5155  -1.8134   2.5782   4.2202  -1.8452
  -0.0123  -0.7500   0.0374  -0.1292  -0.0681   0.2145   1.6989  -0.5577   0.2911
  -0.0494   0.1970  -0.5000  -0.1703  -0.7092  -0.3430  -5.5487  -2.2454  -0.6726
  -0.0409  -0.3183  -0.0797  -0.2500   0.1402   0.5438  -0.7718  -1.3699  -0.0512
  -0.0077  -0.0432  -0.0854   0.0360   0.0000  -0.0260   1.1852  -1.2403   0.0387
  -0.0177   0.0886  -0.0269   0.0911  -0.0170   0.2500  -1.5835  -0.8773   0.0614
   0.0005   0.0145  -0.0090  -0.0027   0.0160  -0.0327   0.5000  -0.1338   0.0146
   0.0020  -0.0114  -0.0088  -0.0114  -0.0402  -0.0436  -0.3217   0.7500   0.0093
  -0.0284   0.1902  -0.0835  -0.0136   0.0399   0.0971   1.1159   0.2965   1.0000

p_imp=
   1.0000   0.0000   0.0000   0.0000   0.0000   0.0000  -0.0001  -0.0001   0.0000
   0.0000   1.0000  -0.0000   0.0000   0.0000  -0.0000  -0.0000   0.0000  -0.0000
   0.0000  -0.0000   1.0000   0.0000   0.0000   0.0000   0.0001   0.0000   0.0000
   0.0000   0.0000   0.0000   1.0000  -0.0000  -0.0000   0.0000   0.0000   0.0000
   0.0000   0.0000   0.0000  -0.0000   1.0000   0.0000  -0.0000   0.0000  -0.0000
   0.0000  -0.0000   0.0000  -0.0000   0.0000   1.0000   0.0000   0.0000  -0.0000
  -0.0000  -0.0000   0.0000   0.0000  -0.0000   0.0000   1.0000   0.0000  -0.0000
  -0.0000   0.0000   0.0000   0.0000   0.0000   0.0000   0.0000   1.0000  -0.0000
   0.0000  -0.0000   0.0000   0.0000  -0.0000  -0.0000  -0.0000  -0.0000   1.0000
tau_av_expon_proj    = 6.295018 0.722521 1.372393 0.863455 0.646812 0.321105 0.067549 0.091399 0.335109
tau_av_expon_proj_new= 6.504622 2.476861 1.529668 1.106517 0.866749 0.712384 0.604691 0.525283 0.464309
factor=                1.032749 2.030520 1.108288 1.245658 1.288848 1.731958 2.430972 2.284163 1.320834
factor2=                 1.0333   3.4281   1.1146   1.2815   1.3400   2.2185   8.9518   5.7471   1.3855

eigenvalues of p_imp=  0.999954  0.999958  0.999963  0.999974  0.999977  0.999982  0.999989  0.999996  1.000000
eigenvalues of h_imp=  1.154489  0.958038  0.687698  0.149593  0.020158 -0.275736 -0.609584 -0.930919 -1.153737

eigenval_p,eigenval_h=  1.000000 -1.153737
psi for p_imp=   0.9902   0.0233   0.1228   0.0575   0.0148   0.0096   0.0002   0.0005   0.0153

imp-sampled: sum_p_eig,sum_abs_p_eig,sign_condition_number=  1.234281  1.234282  0.926904

p_FN1=
   1.0000   0.0000   0.0000   0.0000   0.0000   0.0000   0.0000   0.0000   0.0000
   0.0000   1.0000   0.0000   0.0000   0.0000   0.0000   0.0000   0.0000   0.0000
   0.0000   0.0000   1.0000   0.0000   0.0000   0.0000   0.0001   0.0000   0.0000
   0.0000   0.0000   0.0000   1.0000   0.0000   0.0000   0.0000   0.0000   0.0000
   0.0000   0.0000   0.0000   0.0000   1.0000   0.0000   0.0000   0.0000   0.0000
   0.0000   0.0000   0.0000   0.0000   0.0000   1.0000   0.0000   0.0000   0.0000
   0.0000   0.0000   0.0000   0.0000   0.0000   0.0000   0.9998   0.0000   0.0000
   0.0000   0.0000   0.0000   0.0000   0.0000   0.0000   0.0000   0.9999   0.0000
   0.0000   0.0000   0.0000   0.0000   0.0000   0.0000   0.0000   0.0000   0.9999

eigenvalues of p_FN1=  0.999835  0.999871  0.999948  0.999955  0.999971  0.999976  0.999984  0.999987  1.000000
eigenvalues of h_FN1=  7.114412  5.272111  1.465547  1.105683  0.281453  0.025238 -0.363886 -0.527865 -1.153737

eigenval_p,eigenval_h=  1.000000 -1.153737
psi for p_FN1=   0.9902   0.0233   0.1228   0.0575   0.0148   0.0096   0.0002   0.0005   0.0152
p_L2 =   1.0000   1.0000   1.0000   1.0000   1.0000   1.0000   1.0000   1.0000   1.0000
p_abs_L2 =   1.0000   1.0000   1.0000   1.0000   1.0000   1.0000   1.0001   1.0001   1.0000

p_propos2=
   1.0000   0.0000   0.0000   0.0000   0.0000   0.0000   0.0000   0.0000   0.0000
   0.0000   1.0000   0.0000   0.0000   0.0000   0.0000   0.0000   0.0000   0.0000
   0.0000   0.0000   1.0000   0.0000   0.0000   0.0000   0.0001   0.0000   0.0000
   0.0000   0.0000   0.0000   1.0000   0.0000   0.0000   0.0000   0.0000   0.0000
   0.0000   0.0000   0.0000   0.0000   1.0000   0.0000   0.0000   0.0000   0.0000
   0.0000   0.0000   0.0000   0.0000   0.0000   1.0000   0.0000   0.0000   0.0000
   0.0000   0.0000   0.0000   0.0000   0.0000   0.0000   0.9998   0.0000   0.0000
   0.0000   0.0000   0.0000   0.0000   0.0000   0.0000   0.0000   0.9999   0.0000
   0.0000   0.0000   0.0000   0.0000   0.0000   0.0000   0.0000   0.0000   0.9999

p_markov2=
   1.0000   0.0000   0.0000   0.0000   0.0000   0.0000   0.0000   0.0000   0.0000
   0.0000   1.0000   0.0000   0.0000   0.0000   0.0000   0.0000   0.0000   0.0000
   0.0000   0.0000   1.0000   0.0000   0.0000   0.0000   0.0001   0.0000   0.0000
   0.0000   0.0000   0.0000   1.0000   0.0000   0.0000   0.0000   0.0000   0.0000
   0.0000   0.0000   0.0000   0.0000   1.0000   0.0000   0.0000   0.0000   0.0000
   0.0000   0.0000   0.0000   0.0000   0.0000   1.0000   0.0000   0.0000   0.0000
   0.0000   0.0000   0.0000   0.0000   0.0000   0.0000   0.9998   0.0000   0.0000
   0.0000   0.0000   0.0000   0.0000   0.0000   0.0000   0.0000   0.9999   0.0000
   0.0000   0.0000   0.0000   0.0000   0.0000   0.0000   0.0000   0.0000   0.9999

eigenvalues of p_markov2=  0.999835  0.999871  0.999948  0.999955  0.999971  0.999976  0.999984  0.999987  1.000000
eigenvalues of h_markov2=  7.107270  5.275342  1.465599  1.105251  0.281680  0.025201 -0.364042 -0.527831 -1.153737

eigenval_p,eigenval_h=  1.000000 -1.153737
psi for p_mar=   0.9902   0.0233   0.1228   0.0575   0.0148   0.0096   0.0002   0.0005   0.0152
psig**2      =   0.9902   0.0233   0.1228   0.0575   0.0148   0.0096   0.0002   0.0005   0.0152
Above 2 lines should be equal since Markov matrix has dominant state psig**2

p_FN3=
   1.0000   0.0000   0.0000   0.0000   0.0000   0.0000   0.0000   0.0000   0.0000
   0.0000   1.0000   0.0000   0.0000   0.0000   0.0000   0.0000   0.0000   0.0000
   0.0000   0.0000   1.0000   0.0000   0.0000   0.0000   0.0001   0.0000   0.0000
   0.0000   0.0000   0.0000   1.0000   0.0000   0.0000   0.0000   0.0000   0.0000
   0.0000   0.0000   0.0000   0.0000   1.0000   0.0000   0.0000   0.0000   0.0000
   0.0000   0.0000   0.0000   0.0000   0.0000   1.0000   0.0000   0.0000   0.0000
   0.0000   0.0000   0.0000   0.0000   0.0000   0.0000   0.9998   0.0000   0.0000
   0.0000   0.0000   0.0000   0.0000   0.0000   0.0000   0.0000   0.9999   0.0000
   0.0000   0.0000   0.0000   0.0000   0.0000   0.0000   0.0000   0.0000   0.9999

eigenvalues of p_FN3=  0.999835  0.999871  0.999948  0.999955  0.999971  0.999976  0.999984  0.999987  1.000000
eigenvalues of h_FN3=  7.113329  5.271523  1.465525  1.105639  0.281444  0.025230 -0.363893 -0.527867 -1.153737

eigenval_p,eigenval_h=  1.000000 -1.153737
psi for p_FN3=   0.9902   0.0233   0.1228   0.0575   0.0148   0.0096   0.0002   0.0005   0.0152

p_FN4=
   1.0000   0.0000   0.0000   0.0000   0.0000   0.0000   0.0000   0.0000   0.0000
   0.0000   1.0000   0.0000   0.0000   0.0000   0.0000   0.0000   0.0000   0.0000
   0.0000   0.0000   1.0000   0.0000   0.0000   0.0000   0.0001   0.0000   0.0000
   0.0000   0.0000   0.0000   1.0000   0.0000   0.0000   0.0000   0.0000   0.0000
   0.0000   0.0000   0.0000   0.0000   1.0000   0.0000   0.0000   0.0000   0.0000
   0.0000   0.0000   0.0000   0.0000   0.0000   1.0000   0.0000   0.0000   0.0000
   0.0000   0.0000   0.0000   0.0000   0.0000   0.0000   0.9998   0.0000   0.0000
   0.0000   0.0000   0.0000   0.0000   0.0000   0.0000   0.0000   0.9999   0.0000
   0.0000   0.0000   0.0000   0.0000   0.0000   0.0000   0.0000   0.0000   0.9999

eigenvalues of p_FN4=  0.999835  0.999871  0.999948  0.999955  0.999971  0.999976  0.999984  0.999987  1.000000
eigenvalues of h_FN4=  7.113331  5.271530  1.465526  1.105645  0.281447  0.025233 -0.363892 -0.527865 -1.153737

eigenval_p,eigenval_h=  1.000000 -1.153737
psi for p_FN4=   0.9902   0.0233   0.1228   0.0575   0.0148   0.0096   0.0002   0.0005   0.0152

E_G, E_FN1, E_FN3, E_FN4, E_0, recover_FN1, recover_FN3, recover_FN4, ovlp_FN1, ovlp_FN3, ovlp_FN4, sign_cond_num= -1.153737 -1.153737 -1.153737 -1.153737 -1.153737 0.407 0.406 0.404 2.E-11 2.E-11 2.E-11 0.927
------------------------------------------------------------

Data set    2

h=
  -1.0000   0.2078   0.2465  -0.1774   0.1550   0.0818   0.1172   0.0597   0.0351
   0.2078  -0.7500   0.0317   0.1078  -0.1529   0.2204  -0.0884   0.0460  -0.1722
   0.2465   0.0317  -0.5000  -0.0188   0.1205   0.0786   0.1065   0.0542  -0.2134
  -0.1774   0.1078  -0.0188  -0.2500   0.1196   0.2078   0.0252   0.1955   0.1204
   0.1550  -0.1529   0.1205   0.1196   0.0000  -0.1889   0.1373  -0.1491  -0.1836
   0.0818   0.2204   0.0786   0.2078  -0.1889   0.2500   0.0471   0.2473  -0.0761
   0.1172  -0.0884   0.1065   0.0252   0.1373   0.0471   0.5000  -0.0512   0.1073
   0.0597   0.0460   0.0542   0.1955  -0.1491   0.2473  -0.0512   0.7500  -0.1677
   0.0351  -0.1722  -0.2134   0.1204  -0.1836  -0.0761   0.1073  -0.1677   1.0000

eigenval_p,eigenval_h=  1.000000 -1.275242
psi for p    =   0.8174  -0.4330  -0.2248   0.2275  -0.1681  -0.0167  -0.0476  -0.0495  -0.0940

eigenvalues of p=  0.999951  0.999957  0.999963  0.999970  0.999975  0.999980  0.999985  0.999990  1.000000
eigenvalues of h=  1.196769  0.883489  0.576467  0.242178 -0.021770 -0.294090 -0.547235 -0.760567 -1.275242
tau, tau_max= 0.000020 0.404529
p=
   1.0000  -0.0000  -0.0000   0.0000  -0.0000  -0.0000  -0.0000  -0.0000  -0.0000
  -0.0000   1.0000  -0.0000  -0.0000   0.0000  -0.0000   0.0000  -0.0000   0.0000
  -0.0000  -0.0000   1.0000   0.0000  -0.0000  -0.0000  -0.0000  -0.0000   0.0000
   0.0000  -0.0000   0.0000   1.0000  -0.0000  -0.0000  -0.0000  -0.0000  -0.0000
  -0.0000   0.0000  -0.0000  -0.0000   1.0000   0.0000  -0.0000   0.0000   0.0000
  -0.0000  -0.0000  -0.0000  -0.0000   0.0000   1.0000  -0.0000  -0.0000   0.0000
  -0.0000   0.0000  -0.0000  -0.0000  -0.0000  -0.0000   1.0000   0.0000  -0.0000
  -0.0000  -0.0000  -0.0000  -0.0000   0.0000  -0.0000   0.0000   1.0000   0.0000
  -0.0000   0.0000   0.0000  -0.0000   0.0000   0.0000  -0.0000   0.0000   1.0000

sum_p_eig,sum_abs_p_eig,sign_condition_number=  2.078525  2.078538  0.731432

psig=   0.8174  -0.4329  -0.2248   0.2275  -0.1681  -0.0166  -0.0476  -0.0495  -0.0940

p after making eigenvec +ve =
   1.0000   0.0000   0.0000   0.0000   0.0000   0.0000   0.0000   0.0000   0.0000
   0.0000   1.0000  -0.0000   0.0000   0.0000  -0.0000   0.0000  -0.0000   0.0000
   0.0000  -0.0000   1.0000  -0.0000  -0.0000  -0.0000  -0.0000  -0.0000   0.0000
   0.0000   0.0000  -0.0000   1.0000   0.0000   0.0000   0.0000   0.0000   0.0000
   0.0000   0.0000  -0.0000   0.0000   1.0000   0.0000  -0.0000   0.0000   0.0000
   0.0000  -0.0000  -0.0000   0.0000   0.0000   1.0000  -0.0000  -0.0000   0.0000
   0.0000   0.0000  -0.0000   0.0000  -0.0000  -0.0000   1.0000   0.0000  -0.0000
   0.0000  -0.0000  -0.0000   0.0000   0.0000  -0.0000   0.0000   1.0000   0.0000
   0.0000   0.0000   0.0000   0.0000   0.0000   0.0000  -0.0000   0.0000   1.0000

1+(E_0*1-H) (i.e. p with tau=1) after making eigenvec +ve =
   0.7248  -0.2078  -0.2465  -0.1774  -0.1550  -0.0818  -0.1172  -0.0597  -0.0351
  -0.2078   0.4748   0.0317  -0.1078  -0.1529   0.2204  -0.0884   0.0460  -0.1722
  -0.2465   0.0317   0.2248   0.0188   0.1205   0.0786   0.1065   0.0542  -0.2134
  -0.1774  -0.1078   0.0188  -0.0252  -0.1196  -0.2078  -0.0252  -0.1955  -0.1204
  -0.1550  -0.1529   0.1205  -0.1196  -0.2752  -0.1889   0.1373  -0.1491  -0.1836
  -0.0818   0.2204   0.0786  -0.2078  -0.1889  -0.5252   0.0471   0.2473  -0.0761
  -0.1172  -0.0884   0.1065  -0.0252   0.1373   0.0471  -0.7752  -0.0512   0.1073
  -0.0597   0.0460   0.0542  -0.1955  -0.1491   0.2473  -0.0512  -1.0252  -0.1677
  -0.0351  -0.1722  -0.2134  -0.1204  -0.1836  -0.0761   0.1073  -0.1677  -1.2752
psi for p    =   0.8174   0.4330   0.2248   0.2275   0.1681   0.0167   0.0476   0.0495   0.0940
psig         =   0.8174   0.4329   0.2248   0.2275   0.1681   0.0166   0.0476   0.0495   0.0940

E_G= -1.275242

h_imp=
  -1.0000  -0.3924  -0.8966  -0.6374  -0.7539  -4.0175  -2.0133  -0.9847  -0.3054
  -0.1100  -0.7500   0.0610  -0.2052  -0.3939   5.7362  -0.8043   0.4023  -0.7925
  -0.0678   0.0164  -0.5000   0.0186   0.1611   1.0615   0.5029   0.2461  -0.5100
  -0.0494  -0.0567   0.0190  -0.2500  -0.1619  -2.8415  -0.1205  -0.8979  -0.2912
  -0.0319  -0.0594   0.0901  -0.0884   0.0000  -1.9085   0.4849  -0.5060  -0.3282
  -0.0017   0.0085   0.0058  -0.0152  -0.0187   0.2500   0.0165   0.0831  -0.0135
  -0.0068  -0.0097   0.0226  -0.0053   0.0389   0.1347   0.5000  -0.0492   0.0543
  -0.0036   0.0053   0.0120  -0.0426  -0.0440   0.7363  -0.0533   0.7500  -0.0883
  -0.0040  -0.0374  -0.0893  -0.0498  -0.1028  -0.4303   0.2120  -0.3184   1.0000

p_imp=
   1.0000   0.0000   0.0000   0.0000   0.0000   0.0001   0.0000   0.0000   0.0000
   0.0000   1.0000  -0.0000   0.0000   0.0000  -0.0001   0.0000  -0.0000   0.0000
   0.0000  -0.0000   1.0000  -0.0000  -0.0000  -0.0000  -0.0000  -0.0000   0.0000
   0.0000   0.0000  -0.0000   1.0000   0.0000   0.0001   0.0000   0.0000   0.0000
   0.0000   0.0000  -0.0000   0.0000   1.0000   0.0000  -0.0000   0.0000   0.0000
   0.0000  -0.0000  -0.0000   0.0000   0.0000   1.0000  -0.0000  -0.0000   0.0000
   0.0000   0.0000  -0.0000   0.0000  -0.0000  -0.0000   1.0000   0.0000  -0.0000
   0.0000  -0.0000  -0.0000   0.0000   0.0000  -0.0000   0.0000   1.0000   0.0000
   0.0000   0.0000   0.0000   0.0000   0.0000   0.0000  -0.0000   0.0000   1.0000
tau_av_expon_proj    = 3.633528 1.707360 0.835899 0.941330 0.596963 0.059289 0.237667 0.286729 0.419603
tau_av_expon_proj_new= 3.633167 1.903884 1.289920 0.975379 0.784165 0.655634 0.563303 0.493768 0.439514
factor=                0.999900 1.108739 1.421874 1.035525 1.269633 2.483254 1.782619 1.520903 1.046342
factor2=                 0.9999   1.1151   1.5432   1.0362   1.3136  11.0582   2.3701   1.7221   1.0475

eigenvalues of p_imp=  0.999951  0.999957  0.999963  0.999970  0.999975  0.999980  0.999985  0.999990  1.000000
eigenvalues of h_imp=  1.196769  0.883489  0.576467  0.242178 -0.021770 -0.294090 -0.547235 -0.760567 -1.275242

eigenval_p,eigenval_h=  1.000000 -1.275242
psi for p_imp=   0.9568   0.2684   0.0724   0.0741   0.0404   0.0004   0.0032   0.0035   0.0127

imp-sampled: sum_p_eig,sum_abs_p_eig,sign_condition_number=  1.431868  1.431870  0.941660

p_FN1=
   1.0000   0.0000   0.0000   0.0000   0.0000   0.0001   0.0000   0.0000   0.0000
   0.0000   1.0000   0.0000   0.0000   0.0000   0.0000   0.0000   0.0000   0.0000
   0.0000   0.0000   1.0000   0.0000   0.0000   0.0000   0.0000   0.0000   0.0000
   0.0000   0.0000   0.0000   1.0000   0.0000   0.0001   0.0000   0.0000   0.0000
   0.0000   0.0000   0.0000   0.0000   1.0000   0.0000   0.0000   0.0000   0.0000
   0.0000   0.0000   0.0000   0.0000   0.0000   0.9998   0.0000   0.0000   0.0000
   0.0000   0.0000   0.0000   0.0000   0.0000   0.0000   0.9999   0.0000   0.0000
   0.0000   0.0000   0.0000   0.0000   0.0000   0.0000   0.0000   0.9999   0.0000
   0.0000   0.0000   0.0000   0.0000   0.0000   0.0000   0.0000   0.0000   1.0000

eigenvalues of p_FN1=  0.999816  0.999940  0.999944  0.999952  0.999970  0.999979  0.999980  0.999988  1.000000
eigenvalues of h_FN1=  7.929759  1.737055  1.547666  1.104502  0.221013 -0.209713 -0.268561 -0.656682 -1.275242

eigenval_p,eigenval_h=  1.000000 -1.275242
psi for p_FN1=   0.9568   0.2684   0.0724   0.0741   0.0404   0.0004   0.0032   0.0035   0.0127
p_L2 =   1.0000   1.0000   1.0000   1.0000   1.0000   1.0000   1.0000   1.0000   1.0000
p_abs_L2 =   1.0000   1.0000   1.0000   1.0000   1.0000   1.0002   1.0000   1.0000   1.0000

p_propos2=
   1.0000   0.0000   0.0000   0.0000   0.0000   0.0001   0.0000   0.0000   0.0000
   0.0000   1.0000   0.0000   0.0000   0.0000   0.0000   0.0000   0.0000   0.0000
   0.0000   0.0000   1.0000   0.0000   0.0000   0.0000   0.0000   0.0000   0.0000
   0.0000   0.0000   0.0000   1.0000   0.0000   0.0001   0.0000   0.0000   0.0000
   0.0000   0.0000   0.0000   0.0000   1.0000   0.0000   0.0000   0.0000   0.0000
   0.0000   0.0000   0.0000   0.0000   0.0000   0.9998   0.0000   0.0000   0.0000
   0.0000   0.0000   0.0000   0.0000   0.0000   0.0000   0.9999   0.0000   0.0000
   0.0000   0.0000   0.0000   0.0000   0.0000   0.0000   0.0000   0.9999   0.0000
   0.0000   0.0000   0.0000   0.0000   0.0000   0.0000   0.0000   0.0000   1.0000

p_markov2=
   1.0000   0.0000   0.0000   0.0000   0.0000   0.0001   0.0000   0.0000   0.0000
   0.0000   1.0000   0.0000   0.0000   0.0000   0.0000   0.0000   0.0000   0.0000
   0.0000   0.0000   1.0000   0.0000   0.0000   0.0000   0.0000   0.0000   0.0000
   0.0000   0.0000   0.0000   1.0000   0.0000   0.0001   0.0000   0.0000   0.0000
   0.0000   0.0000   0.0000   0.0000   1.0000   0.0000   0.0000   0.0000   0.0000
   0.0000   0.0000   0.0000   0.0000   0.0000   0.9998   0.0000   0.0000   0.0000
   0.0000   0.0000   0.0000   0.0000   0.0000   0.0000   0.9999   0.0000   0.0000
   0.0000   0.0000   0.0000   0.0000   0.0000   0.0000   0.0000   0.9999   0.0000
   0.0000   0.0000   0.0000   0.0000   0.0000   0.0000   0.0000   0.0000   1.0000

eigenvalues of p_markov2=  0.999816  0.999940  0.999944  0.999952  0.999970  0.999979  0.999980  0.999988  1.000000
eigenvalues of h_markov2=  7.932214  1.736797  1.547158  1.103936  0.220914 -0.209662 -0.268468 -0.656614 -1.275242

eigenval_p,eigenval_h=  1.000000 -1.275242
psi for p_mar=   0.9568   0.2684   0.0723   0.0741   0.0404   0.0004   0.0032   0.0035   0.0127
psig**2      =   0.9568   0.2684   0.0723   0.0741   0.0404   0.0004   0.0032   0.0035   0.0127
Above 2 lines should be equal since Markov matrix has dominant state psig**2

p_FN3=
   1.0000   0.0000   0.0000   0.0000   0.0000   0.0001   0.0000   0.0000   0.0000
   0.0000   1.0000   0.0000   0.0000   0.0000   0.0000   0.0000   0.0000   0.0000
   0.0000   0.0000   1.0000   0.0000   0.0000   0.0000   0.0000   0.0000   0.0000
   0.0000   0.0000   0.0000   1.0000   0.0000   0.0001   0.0000   0.0000   0.0000
   0.0000   0.0000   0.0000   0.0000   1.0000   0.0000   0.0000   0.0000   0.0000
   0.0000   0.0000   0.0000   0.0000   0.0000   0.9998   0.0000   0.0000   0.0000
   0.0000   0.0000   0.0000   0.0000   0.0000   0.0000   0.9999   0.0000   0.0000
   0.0000   0.0000   0.0000   0.0000   0.0000   0.0000   0.0000   0.9999   0.0000
   0.0000   0.0000   0.0000   0.0000   0.0000   0.0000   0.0000   0.0000   1.0000

eigenvalues of p_FN3=  0.999816  0.999940  0.999944  0.999952  0.999970  0.999979  0.999980  0.999988  1.000000
eigenvalues of h_FN3=  7.928347  1.736984  1.547624  1.104492  0.221004 -0.209716 -0.268564 -0.656683 -1.275242

eigenval_p,eigenval_h=  1.000000 -1.275242
psi for p_FN3=   0.9568   0.2684   0.0724   0.0741   0.0404   0.0004   0.0032   0.0035   0.0127

p_FN4=
   1.0000   0.0000   0.0000   0.0000   0.0000   0.0001   0.0000   0.0000   0.0000
   0.0000   1.0000   0.0000   0.0000   0.0000   0.0000   0.0000   0.0000   0.0000
   0.0000   0.0000   1.0000   0.0000   0.0000   0.0000   0.0000   0.0000   0.0000
   0.0000   0.0000   0.0000   1.0000   0.0000   0.0001   0.0000   0.0000   0.0000
   0.0000   0.0000   0.0000   0.0000   1.0000   0.0000   0.0000   0.0000   0.0000
   0.0000   0.0000   0.0000   0.0000   0.0000   0.9998   0.0000   0.0000   0.0000
   0.0000   0.0000   0.0000   0.0000   0.0000   0.0000   0.9999   0.0000   0.0000
   0.0000   0.0000   0.0000   0.0000   0.0000   0.0000   0.0000   0.9999   0.0000
   0.0000   0.0000   0.0000   0.0000   0.0000   0.0000   0.0000   0.0000   1.0000

eigenvalues of p_FN4=  0.999816  0.999940  0.999944  0.999952  0.999970  0.999979  0.999980  0.999988  1.000000
eigenvalues of h_FN4=  7.928349  1.736984  1.547626  1.104497  0.221007 -0.209715 -0.268563 -0.656682 -1.275242

eigenval_p,eigenval_h=  1.000000 -1.275242
psi for p_FN4=   0.9568   0.2684   0.0724   0.0741   0.0404   0.0004   0.0032   0.0035   0.0127

E_G, E_FN1, E_FN3, E_FN4, E_0, recover_FN1, recover_FN3, recover_FN4, ovlp_FN1, ovlp_FN3, ovlp_FN4, sign_cond_num= -1.275242 -1.275242 -1.275242 -1.275242 -1.275242 0.748 0.744 0.769 5.E-11 5.E-11 5.E-11 0.942
------------------------------------------------------------

Data set    3

h=
  -1.0000   0.0404   0.0718  -0.0811   0.1244  -0.0287  -0.1692  -0.0427  -0.1855
   0.0404  -0.7500   0.0116  -0.1719   0.1516  -0.0466   0.2187  -0.1013   0.0946
   0.0718   0.0116  -0.5000   0.2356  -0.0595  -0.1163   0.2479  -0.1902  -0.0795
  -0.0811  -0.1719   0.2356  -0.2500  -0.0695   0.2271   0.0548   0.1091  -0.0390
   0.1244   0.1516  -0.0595  -0.0695   0.0000  -0.1933  -0.1028  -0.1993  -0.1509
  -0.0287  -0.0466  -0.1163   0.2271  -0.1933   0.2500   0.0086  -0.2237   0.1178
  -0.1692   0.2187   0.2479   0.0548  -0.1028   0.0086   0.5000   0.0091  -0.1426
  -0.0427  -0.1013  -0.1902   0.1091  -0.1993  -0.2237   0.0091   0.7500  -0.1474
  -0.1855   0.0946  -0.0795  -0.0390  -0.1509   0.1178  -0.1426  -0.1474   1.0000

eigenval_p,eigenval_h=  1.000000 -1.090220
psi for p    =   0.9278  -0.1370  -0.2455   0.1362  -0.0797  -0.0542   0.1543  -0.0284   0.0876

eigenvalues of p=  0.999955  0.999962  0.999966  0.999970  0.999981  0.999982  0.999992  0.999996  1.000000
eigenvalues of h=  1.158502  0.826606  0.629632  0.400707 -0.139383 -0.191035 -0.707961 -0.886848 -1.090220
tau, tau_max= 0.000020 0.444697
p=
   1.0000  -0.0000  -0.0000   0.0000  -0.0000   0.0000   0.0000   0.0000   0.0000
  -0.0000   1.0000  -0.0000   0.0000  -0.0000   0.0000  -0.0000   0.0000  -0.0000
  -0.0000  -0.0000   1.0000  -0.0000   0.0000   0.0000  -0.0000   0.0000   0.0000
   0.0000   0.0000  -0.0000   1.0000   0.0000  -0.0000  -0.0000  -0.0000   0.0000
  -0.0000  -0.0000   0.0000   0.0000   1.0000   0.0000   0.0000   0.0000   0.0000
   0.0000   0.0000   0.0000  -0.0000   0.0000   1.0000  -0.0000   0.0000  -0.0000
   0.0000  -0.0000  -0.0000  -0.0000   0.0000  -0.0000   1.0000  -0.0000   0.0000
   0.0000   0.0000   0.0000  -0.0000   0.0000   0.0000  -0.0000   1.0000   0.0000
   0.0000  -0.0000   0.0000   0.0000   0.0000  -0.0000   0.0000   0.0000   1.0000

sum_p_eig,sum_abs_p_eig,sign_condition_number=  1.850582  1.850593  0.741298

psig=   0.9278  -0.1370  -0.2455   0.1361  -0.0796  -0.0542   0.1543  -0.0284   0.0876

p after making eigenvec +ve =
   1.0000   0.0000   0.0000   0.0000   0.0000  -0.0000   0.0000  -0.0000   0.0000
   0.0000   1.0000  -0.0000  -0.0000  -0.0000   0.0000   0.0000   0.0000   0.0000
   0.0000  -0.0000   1.0000   0.0000   0.0000   0.0000   0.0000   0.0000  -0.0000
   0.0000  -0.0000   0.0000   1.0000  -0.0000   0.0000  -0.0000   0.0000   0.0000
   0.0000  -0.0000   0.0000  -0.0000   1.0000   0.0000  -0.0000   0.0000  -0.0000
  -0.0000   0.0000   0.0000   0.0000   0.0000   1.0000   0.0000   0.0000   0.0000
   0.0000   0.0000   0.0000  -0.0000  -0.0000   0.0000   1.0000   0.0000   0.0000
  -0.0000   0.0000   0.0000   0.0000   0.0000   0.0000   0.0000   1.0000  -0.0000
   0.0000   0.0000  -0.0000   0.0000  -0.0000   0.0000   0.0000  -0.0000   1.0000

1+(E_0*1-H) (i.e. p with tau=1) after making eigenvec +ve =
   0.9098  -0.0404  -0.0718  -0.0811  -0.1244   0.0287  -0.1692   0.0427  -0.1855
  -0.0404   0.6598   0.0116   0.1719   0.1516  -0.0466  -0.2187  -0.1013  -0.0946
  -0.0718   0.0116   0.4098  -0.2356  -0.0595  -0.1163  -0.2479  -0.1902   0.0795
  -0.0811   0.1719  -0.2356   0.1598   0.0695  -0.2271   0.0548  -0.1091  -0.0390
  -0.1244   0.1516  -0.0595   0.0695  -0.0902  -0.1933   0.1028  -0.1993   0.1509
   0.0287  -0.0466  -0.1163  -0.2271  -0.1933  -0.3402  -0.0086  -0.2237  -0.1178
  -0.1692  -0.2187  -0.2479   0.0548   0.1028  -0.0086  -0.5902  -0.0091  -0.1426
   0.0427  -0.1013  -0.1902  -0.1091  -0.1993  -0.2237  -0.0091  -0.8402   0.1474
  -0.1855  -0.0946   0.0795  -0.0390   0.1509  -0.1178  -0.1426   0.1474  -1.0902
psi for p    =   0.9278   0.1370   0.2455   0.1362   0.0797   0.0542   0.1543   0.0284   0.0876
psig         =   0.9278   0.1370   0.2455   0.1361   0.0796   0.0542   0.1543   0.0284   0.0876

E_G= -1.090220

h_imp=
  -1.0000  -0.2738  -0.2716  -0.5530  -1.4493   0.4904  -1.0174   1.3932  -1.9644
  -0.0060  -0.7500   0.0065   0.1730   0.2608  -0.1177  -0.1942  -0.4880  -0.1480
  -0.0190   0.0209  -0.5000  -0.4247  -0.1835  -0.5265  -0.3944  -1.6411   0.2226
  -0.0119   0.1708  -0.1307  -0.2500   0.1189  -0.5702   0.0483  -0.5224  -0.0606
  -0.0107   0.0881  -0.0193   0.0407   0.0000  -0.2838   0.0531  -0.5581   0.1371
   0.0017  -0.0184  -0.0257  -0.0904  -0.1316   0.2500  -0.0030  -0.4265  -0.0729
  -0.0281  -0.2463  -0.1559   0.0621   0.1992  -0.0245   0.5000  -0.0493  -0.2511
   0.0013  -0.0210  -0.0220  -0.0228  -0.0712  -0.1174  -0.0017   0.7500   0.0479
  -0.0175  -0.0605   0.0284  -0.0251   0.1660  -0.1904  -0.0809   0.4541   1.0000

p_imp=
   1.0000   0.0000   0.0000   0.0000   0.0000  -0.0000   0.0000  -0.0000   0.0000
   0.0000   1.0000  -0.0000  -0.0000  -0.0000   0.0000   0.0000   0.0000   0.0000
   0.0000  -0.0000   1.0000   0.0000   0.0000   0.0000   0.0000   0.0000  -0.0000
   0.0000  -0.0000   0.0000   1.0000  -0.0000   0.0000  -0.0000   0.0000   0.0000
   0.0000  -0.0000   0.0000  -0.0000   1.0000   0.0000  -0.0000   0.0000  -0.0000
  -0.0000   0.0000   0.0000   0.0000   0.0000   1.0000   0.0000   0.0000   0.0000
   0.0000   0.0000   0.0000  -0.0000  -0.0000   0.0000   1.0000   0.0000   0.0000
  -0.0000   0.0000   0.0000   0.0000   0.0000   0.0000   0.0000   1.0000  -0.0000
   0.0000   0.0000  -0.0000   0.0000  -0.0000   0.0000   0.0000  -0.0000   1.0000
tau_av_expon_proj    =10.396270 1.111375 1.515194 0.718469 0.387508 0.430878 0.557727 0.180746 0.344269
tau_av_expon_proj_new=11.084036 2.939276 1.694284 1.190165 0.917246 0.746146 0.628844 0.543413 0.478419
factor=                1.064016 1.862441 1.111491 1.486357 1.781633 1.525815 1.119734 1.949140 1.323661
factor2=                 1.0662   2.6447   1.1182   1.6565   2.3670   1.7317   1.1275   3.0065   1.3897

eigenvalues of p_imp=  0.999955  0.999962  0.999966  0.999970  0.999981  0.999982  0.999992  0.999996  1.000000
eigenvalues of h_imp=  1.158502  0.826606  0.629632  0.400707 -0.139383 -0.191035 -0.707961 -0.886848 -1.090220

eigenval_p,eigenval_h=  1.000000 -1.090220
psi for p_imp=   0.9966   0.0217   0.0698   0.0215   0.0073   0.0034   0.0276   0.0009   0.0089

imp-sampled: sum_p_eig,sum_abs_p_eig,sign_condition_number=  1.157711  1.157713  0.945102

p_FN1=
   1.0000   0.0000   0.0000   0.0000   0.0000   0.0000   0.0000   0.0000   0.0000
   0.0000   1.0000   0.0000   0.0000   0.0000   0.0000   0.0000   0.0000   0.0000
   0.0000   0.0000   1.0000   0.0000   0.0000   0.0000   0.0000   0.0000   0.0000
   0.0000   0.0000   0.0000   1.0000   0.0000   0.0000   0.0000   0.0000   0.0000
   0.0000   0.0000   0.0000   0.0000   1.0000   0.0000   0.0000   0.0000   0.0000
   0.0000   0.0000   0.0000   0.0000   0.0000   1.0000   0.0000   0.0000   0.0000
   0.0000   0.0000   0.0000   0.0000   0.0000   0.0000   1.0000   0.0000   0.0000
   0.0000   0.0000   0.0000   0.0000   0.0000   0.0000   0.0000   0.9999   0.0000
   0.0000   0.0000   0.0000   0.0000   0.0000   0.0000   0.0000   0.0000   1.0000

eigenvalues of p_FN1=  0.999925  0.999949  0.999959  0.999964  0.999967  0.999977  0.999988  0.999991  1.000000
eigenvalues of h_FN1=  2.654815  1.465002  0.958209  0.695574  0.561991  0.060530 -0.499555 -0.621266 -1.090220

eigenval_p,eigenval_h=  1.000000 -1.090220
psi for p_FN1=   0.9966   0.0217   0.0698   0.0215   0.0073   0.0034   0.0276   0.0009   0.0089
p_L2 =   1.0000   1.0000   1.0000   1.0000   1.0000   1.0000   1.0000   1.0000   1.0000
p_abs_L2 =   1.0000   1.0000   1.0000   1.0000   1.0000   1.0000   1.0000   1.0000   1.0000

p_propos2=
   1.0000   0.0000   0.0000   0.0000   0.0000   0.0000   0.0000   0.0000   0.0000
   0.0000   1.0000   0.0000   0.0000   0.0000   0.0000   0.0000   0.0000   0.0000
   0.0000   0.0000   1.0000   0.0000   0.0000   0.0000   0.0000   0.0000   0.0000
   0.0000   0.0000   0.0000   1.0000   0.0000   0.0000   0.0000   0.0000   0.0000
   0.0000   0.0000   0.0000   0.0000   1.0000   0.0000   0.0000   0.0000   0.0000
   0.0000   0.0000   0.0000   0.0000   0.0000   1.0000   0.0000   0.0000   0.0000
   0.0000   0.0000   0.0000   0.0000   0.0000   0.0000   1.0000   0.0000   0.0000
   0.0000   0.0000   0.0000   0.0000   0.0000   0.0000   0.0000   0.9999   0.0000
   0.0000   0.0000   0.0000   0.0000   0.0000   0.0000   0.0000   0.0000   1.0000

p_markov2=
   1.0000   0.0000   0.0000   0.0000   0.0000   0.0000   0.0000   0.0000   0.0000
   0.0000   1.0000   0.0000   0.0000   0.0000   0.0000   0.0000   0.0000   0.0000
   0.0000   0.0000   1.0000   0.0000   0.0000   0.0000   0.0000   0.0000   0.0000
   0.0000   0.0000   0.0000   1.0000   0.0000   0.0000   0.0000   0.0000   0.0000
   0.0000   0.0000   0.0000   0.0000   1.0000   0.0000   0.0000   0.0000   0.0000
   0.0000   0.0000   0.0000   0.0000   0.0000   1.0000   0.0000   0.0000   0.0000
   0.0000   0.0000   0.0000   0.0000   0.0000   0.0000   1.0000   0.0000   0.0000
   0.0000   0.0000   0.0000   0.0000   0.0000   0.0000   0.0000   0.9999   0.0000
   0.0000   0.0000   0.0000   0.0000   0.0000   0.0000   0.0000   0.0000   1.0000

eigenvalues of p_markov2=  0.999925  0.999949  0.999959  0.999964  0.999967  0.999977  0.999988  0.999991  1.000000
eigenvalues of h_markov2=  2.652572  1.464281  0.958245  0.695548  0.562086  0.060556 -0.499546 -0.621247 -1.090220

eigenval_p,eigenval_h=  1.000000 -1.090220
psi for p_mar=   0.9966   0.0217   0.0698   0.0215   0.0073   0.0034   0.0276   0.0009   0.0089
psig**2      =   0.9966   0.0217   0.0698   0.0215   0.0073   0.0034   0.0276   0.0009   0.0089
Above 2 lines should be equal since Markov matrix has dominant state psig**2

p_FN3=
   1.0000   0.0000   0.0000   0.0000   0.0000   0.0000   0.0000   0.0000   0.0000
   0.0000   1.0000   0.0000   0.0000   0.0000   0.0000   0.0000   0.0000   0.0000
   0.0000   0.0000   1.0000   0.0000   0.0000   0.0000   0.0000   0.0000   0.0000
   0.0000   0.0000   0.0000   1.0000   0.0000   0.0000   0.0000   0.0000   0.0000
   0.0000   0.0000   0.0000   0.0000   1.0000   0.0000   0.0000   0.0000   0.0000
   0.0000   0.0000   0.0000   0.0000   0.0000   1.0000   0.0000   0.0000   0.0000
   0.0000   0.0000   0.0000   0.0000   0.0000   0.0000   1.0000   0.0000   0.0000
   0.0000   0.0000   0.0000   0.0000   0.0000   0.0000   0.0000   0.9999   0.0000
   0.0000   0.0000   0.0000   0.0000   0.0000   0.0000   0.0000   0.0000   1.0000

eigenvalues of p_FN3=  0.999925  0.999949  0.999959  0.999964  0.999967  0.999977  0.999988  0.999991  1.000000
eigenvalues of h_FN3=  2.654677  1.464981  0.958182  0.695568  0.561969  0.060523 -0.499559 -0.621268 -1.090220

eigenval_p,eigenval_h=  1.000000 -1.090220
psi for p_FN3=   0.9966   0.0217   0.0698   0.0215   0.0073   0.0034   0.0276   0.0009   0.0089

p_FN4=
   1.0000   0.0000   0.0000   0.0000   0.0000   0.0000   0.0000   0.0000   0.0000
   0.0000   1.0000   0.0000   0.0000   0.0000   0.0000   0.0000   0.0000   0.0000
   0.0000   0.0000   1.0000   0.0000   0.0000   0.0000   0.0000   0.0000   0.0000
   0.0000   0.0000   0.0000   1.0000   0.0000   0.0000   0.0000   0.0000   0.0000
   0.0000   0.0000   0.0000   0.0000   1.0000   0.0000   0.0000   0.0000   0.0000
   0.0000   0.0000   0.0000   0.0000   0.0000   1.0000   0.0000   0.0000   0.0000
   0.0000   0.0000   0.0000   0.0000   0.0000   0.0000   1.0000   0.0000   0.0000
   0.0000   0.0000   0.0000   0.0000   0.0000   0.0000   0.0000   0.9999   0.0000
   0.0000   0.0000   0.0000   0.0000   0.0000   0.0000   0.0000   0.0000   1.0000

eigenvalues of p_FN4=  0.999925  0.999949  0.999959  0.999964  0.999967  0.999977  0.999988  0.999991  1.000000
eigenvalues of h_FN4=  2.654679  1.464981  0.958185  0.695570  0.561970  0.060525 -0.499558 -0.621267 -1.090220

eigenval_p,eigenval_h=  1.000000 -1.090220
psi for p_FN4=   0.9966   0.0217   0.0698   0.0215   0.0073   0.0034   0.0276   0.0009   0.0089

E_G, E_FN1, E_FN3, E_FN4, E_0, recover_FN1, recover_FN3, recover_FN4, ovlp_FN1, ovlp_FN3, ovlp_FN4, sign_cond_num= -1.090220 -1.090220 -1.090220 -1.090220 -1.090220 0.618 0.646 0.609 2.E-11 2.E-11 3.E-11 0.945
------------------------------------------------------------

Data set    4

h=
  -1.0000   0.1492  -0.2338  -0.2177  -0.1953  -0.1935  -0.1441   0.1318   0.2392
   0.1492  -0.7500  -0.0199  -0.2187  -0.0731  -0.1511   0.1065   0.1675  -0.1985
  -0.2338  -0.0199  -0.5000  -0.0046  -0.1655  -0.1104  -0.1226  -0.1790   0.0679
  -0.2177  -0.2187  -0.0046  -0.2500   0.2048  -0.1071  -0.0817   0.1570  -0.0264
  -0.1953  -0.0731  -0.1655   0.2048   0.0000  -0.1087   0.0397  -0.0754   0.0547
  -0.1935  -0.1511  -0.1104  -0.1071  -0.1087   0.2500  -0.2439   0.0691  -0.0416
  -0.1441   0.1065  -0.1226  -0.0817   0.0397  -0.2439   0.5000  -0.0434   0.1540
   0.1318   0.1675  -0.1790   0.1570  -0.0754   0.0691  -0.0434   0.7500  -0.2259
   0.2392  -0.1985   0.0679  -0.0264   0.0547  -0.0416   0.1540  -0.2259   1.0000

eigenval_p,eigenval_h=  1.000000 -1.288178
psi for p    =   0.8687  -0.1664   0.3331   0.1475   0.1540   0.1580   0.1377  -0.0354  -0.1270

eigenvalues of p=  0.999950  0.999960  0.999961  0.999969  0.999971  0.999979  0.999985  0.999992  1.000000
eigenvalues of h=  1.231728  0.692767  0.638787  0.254868  0.165714 -0.245972 -0.544198 -0.905517 -1.288178
tau, tau_max= 0.000020 0.396840
p=
   1.0000  -0.0000   0.0000   0.0000   0.0000   0.0000   0.0000  -0.0000  -0.0000
  -0.0000   1.0000   0.0000   0.0000   0.0000   0.0000  -0.0000  -0.0000   0.0000
   0.0000   0.0000   1.0000   0.0000   0.0000   0.0000   0.0000   0.0000  -0.0000
   0.0000   0.0000   0.0000   1.0000  -0.0000   0.0000   0.0000  -0.0000   0.0000
   0.0000   0.0000   0.0000  -0.0000   1.0000   0.0000  -0.0000   0.0000  -0.0000
   0.0000   0.0000   0.0000   0.0000   0.0000   1.0000   0.0000  -0.0000   0.0000
   0.0000  -0.0000   0.0000   0.0000  -0.0000   0.0000   1.0000   0.0000  -0.0000
  -0.0000  -0.0000   0.0000  -0.0000   0.0000  -0.0000   0.0000   1.0000   0.0000
  -0.0000   0.0000  -0.0000   0.0000  -0.0000   0.0000  -0.0000   0.0000   1.0000

sum_p_eig,sum_abs_p_eig,sign_condition_number=  2.127697  2.127712  0.709631

psig=   0.8687  -0.1664   0.3331   0.1474   0.1540   0.1579   0.1377  -0.0354  -0.1270

p after making eigenvec +ve =
   1.0000   0.0000   0.0000   0.0000   0.0000   0.0000   0.0000   0.0000   0.0000
   0.0000   1.0000  -0.0000  -0.0000  -0.0000  -0.0000   0.0000  -0.0000   0.0000
   0.0000  -0.0000   1.0000   0.0000   0.0000   0.0000   0.0000  -0.0000   0.0000
   0.0000  -0.0000   0.0000   1.0000  -0.0000   0.0000   0.0000   0.0000  -0.0000
   0.0000  -0.0000   0.0000  -0.0000   1.0000   0.0000  -0.0000  -0.0000   0.0000
   0.0000  -0.0000   0.0000   0.0000   0.0000   1.0000   0.0000   0.0000  -0.0000
   0.0000   0.0000   0.0000   0.0000  -0.0000   0.0000   1.0000  -0.0000   0.0000
   0.0000  -0.0000  -0.0000   0.0000  -0.0000   0.0000  -0.0000   1.0000   0.0000
   0.0000   0.0000   0.0000  -0.0000   0.0000  -0.0000   0.0000   0.0000   1.0000

1+(E_0*1-H) (i.e. p with tau=1) after making eigenvec +ve =
   0.7118  -0.1492  -0.2338  -0.2177  -0.1953  -0.1935  -0.1441  -0.1318  -0.2392
  -0.1492   0.4618   0.0199   0.2187   0.0731   0.1511  -0.1065   0.1675  -0.1985
  -0.2338   0.0199   0.2118  -0.0046  -0.1655  -0.1104  -0.1226   0.1790  -0.0679
  -0.2177   0.2187  -0.0046  -0.0382   0.2048  -0.1071  -0.0817  -0.1570   0.0264
  -0.1953   0.0731  -0.1655   0.2048  -0.2882  -0.1087   0.0397   0.0754  -0.0547
  -0.1935   0.1511  -0.1104  -0.1071  -0.1087  -0.5382  -0.2439  -0.0691   0.0416
  -0.1441  -0.1065  -0.1226  -0.0817   0.0397  -0.2439  -0.7882   0.0434  -0.1540
  -0.1318   0.1675   0.1790  -0.1570   0.0754  -0.0691   0.0434  -1.0382  -0.2259
