Input hamiltonian
hamiltonian=random                                                                          
Input ndim, E_T, tau
ndim, E_T, tau=    9-20.000000 0.020000
Input fraction_positive, off_diag_mag, psig_noise
fraction_positive, off_diag_mag,psig_noise= 0.500000 0.500000 0.000100
Input irand_seed
irand_seed=1425565376542456

Data set    1

h=
  -1.0000   0.0800   0.1401  -0.1696   0.0630   0.1789  -0.0366  -0.0928  -0.2290
   0.0800  -0.7500   0.0859   0.2028  -0.0542   0.1379   0.1569  -0.0799  -0.2353
   0.1401   0.0859  -0.5000   0.1165  -0.2461  -0.0961  -0.2234  -0.1402   0.2370
  -0.1696   0.2028   0.1165  -0.2500  -0.0711  -0.2226   0.0454   0.1250  -0.0263
   0.0630  -0.0542  -0.2461  -0.0711   0.0000  -0.0210   0.1375  -0.2232  -0.0393
   0.1789   0.1379  -0.0961  -0.2226  -0.0210   0.2500  -0.2276  -0.1955  -0.0772
  -0.0366   0.1569  -0.2234   0.0454   0.1375  -0.2276   0.5000  -0.2075  -0.1275
  -0.0928  -0.0799  -0.1402   0.1250  -0.2232  -0.1955  -0.2075   0.7500  -0.0525
  -0.2290  -0.2353   0.2370  -0.0263  -0.0393  -0.0772  -0.1275  -0.0525   1.0000

eigenval_p,eigenval_h=  1.000000 -1.153737
psi for p    =   0.8957  -0.1375  -0.3155   0.2159  -0.1095  -0.0884  -0.0127  -0.0197   0.1112

eigenvalues of p=  0.953835  0.957765  0.963171  0.973933  0.976522  0.982440  0.989117  0.995544  1.000000
eigenvalues of h=  1.154489  0.958038  0.687698  0.149593  0.020158 -0.275736 -0.609584 -0.930919 -1.153737
tau, tau_max= 0.020000 0.433233
p=
   0.9969  -0.0016  -0.0028   0.0034  -0.0013  -0.0036   0.0007   0.0019   0.0046
  -0.0016   0.9919  -0.0017  -0.0041   0.0011  -0.0028  -0.0031   0.0016   0.0047
  -0.0028  -0.0017   0.9869  -0.0023   0.0049   0.0019   0.0045   0.0028  -0.0047
   0.0034  -0.0041  -0.0023   0.9819   0.0014   0.0045  -0.0009  -0.0025   0.0005
  -0.0013   0.0011   0.0049   0.0014   0.9769   0.0004  -0.0028   0.0045   0.0008
  -0.0036  -0.0028   0.0019   0.0045   0.0004   0.9719   0.0046   0.0039   0.0015
   0.0007  -0.0031   0.0045  -0.0009  -0.0028   0.0046   0.9669   0.0041   0.0026
   0.0019   0.0016   0.0028  -0.0025   0.0045   0.0039   0.0041   0.9619   0.0011
   0.0046   0.0047  -0.0047   0.0005   0.0008   0.0015   0.0026   0.0011   0.9569

sum_p_eig,sum_abs_p_eig,sign_condition_number=  1.905979  1.922966  0.641680

psig=   0.8957  -0.1375  -0.3155   0.2159  -0.1095  -0.0884  -0.0127  -0.0197   0.1111

p after making eigenvec +ve =
   0.9969   0.0016   0.0028   0.0034   0.0013   0.0036  -0.0007  -0.0019   0.0046
   0.0016   0.9919  -0.0017   0.0041   0.0011  -0.0028  -0.0031   0.0016  -0.0047
   0.0028  -0.0017   0.9869   0.0023   0.0049   0.0019   0.0045   0.0028   0.0047
   0.0034   0.0041   0.0023   0.9819  -0.0014  -0.0045   0.0009   0.0025   0.0005
   0.0013   0.0011   0.0049  -0.0014   0.9769   0.0004  -0.0028   0.0045  -0.0008
   0.0036  -0.0028   0.0019  -0.0045   0.0004   0.9719   0.0046   0.0039  -0.0015
  -0.0007  -0.0031   0.0045   0.0009  -0.0028   0.0046   0.9669   0.0041  -0.0026
  -0.0019   0.0016   0.0028   0.0025   0.0045   0.0039   0.0041   0.9619  -0.0011
   0.0046  -0.0047   0.0047   0.0005  -0.0008  -0.0015  -0.0026  -0.0011   0.9569

1+(E_0*1-H) (i.e. p with tau=1) after making eigenvec +ve =
   0.8463  -0.0800  -0.1401  -0.1696  -0.0630  -0.1789   0.0366   0.0928  -0.2290
  -0.0800   0.5963   0.0859  -0.2028  -0.0542   0.1379   0.1569  -0.0799   0.2353
  -0.1401   0.0859   0.3463  -0.1165  -0.2461  -0.0961  -0.2234  -0.1402  -0.2370
  -0.1696  -0.2028  -0.1165   0.0963   0.0711   0.2226  -0.0454  -0.1250  -0.0263
  -0.0630  -0.0542  -0.2461   0.0711  -0.1537  -0.0210   0.1375  -0.2232   0.0393
  -0.1789   0.1379  -0.0961   0.2226  -0.0210  -0.4037  -0.2276  -0.1955   0.0772
   0.0366   0.1569  -0.2234  -0.0454   0.1375  -0.2276  -0.6537  -0.2075   0.1275
   0.0928  -0.0799  -0.1402  -0.1250  -0.2232  -0.1955  -0.2075  -0.9037   0.0525
  -0.2290   0.2353  -0.2370  -0.0263   0.0393   0.0772   0.1275   0.0525  -1.1537
psi for p    =   0.8957   0.1375   0.3155   0.2159   0.1095   0.0884   0.0127   0.0197   0.1112
psig         =   0.8957   0.1375   0.3155   0.2159   0.1095   0.0884   0.0127   0.0197   0.1111

E_G= -1.153737

h_imp=
  -1.0000  -0.5208  -0.3979  -0.7038  -0.5155  -1.8134   2.5782   4.2202  -1.8452
  -0.0123  -0.7500   0.0374  -0.1292  -0.0681   0.2145   1.6989  -0.5577   0.2911
  -0.0494   0.1970  -0.5000  -0.1703  -0.7092  -0.3430  -5.5487  -2.2454  -0.6726
  -0.0409  -0.3183  -0.0797  -0.2500   0.1402   0.5438  -0.7718  -1.3699  -0.0512
  -0.0077  -0.0432  -0.0854   0.0360   0.0000  -0.0260   1.1852  -1.2403   0.0387
  -0.0177   0.0886  -0.0269   0.0911  -0.0170   0.2500  -1.5835  -0.8773   0.0614
   0.0005   0.0145  -0.0090  -0.0027   0.0160  -0.0327   0.5000  -0.1338   0.0146
   0.0020  -0.0114  -0.0088  -0.0114  -0.0402  -0.0436  -0.3217   0.7500   0.0093
  -0.0284   0.1902  -0.0835  -0.0136   0.0399   0.0971   1.1159   0.2965   1.0000

p_imp=
   0.9969   0.0104   0.0080   0.0141   0.0103   0.0363  -0.0516  -0.0844   0.0369
   0.0002   0.9919  -0.0007   0.0026   0.0014  -0.0043  -0.0340   0.0112  -0.0058
   0.0010  -0.0039   0.9869   0.0034   0.0142   0.0069   0.1110   0.0449   0.0135
   0.0008   0.0064   0.0016   0.9819  -0.0028  -0.0109   0.0154   0.0274   0.0010
   0.0002   0.0009   0.0017  -0.0007   0.9769   0.0005  -0.0237   0.0248  -0.0008
   0.0004  -0.0018   0.0005  -0.0018   0.0003   0.9719   0.0317   0.0175  -0.0012
  -0.0000  -0.0003   0.0002   0.0001  -0.0003   0.0007   0.9669   0.0027  -0.0003
  -0.0000   0.0002   0.0002   0.0002   0.0008   0.0009   0.0064   0.9619  -0.0002
   0.0006  -0.0038   0.0017   0.0003  -0.0008  -0.0019  -0.0223  -0.0059   0.9569
tau_av_expon_proj    = 6.295018 0.722521 1.372393 0.863455 0.646812 0.321105 0.067549 0.091399 0.335109
tau_av_expon_proj_new= 6.504622 2.476861 1.529668 1.106517 0.866749 0.712384 0.604691 0.525283 0.464309
factor=                1.032749 2.030520 1.108288 1.245658 1.288848 1.731958 2.430972 2.284163 1.320834
factor2=                 1.0333   3.4281   1.1146   1.2815   1.3400   2.2185   8.9518   5.7471   1.3855

eigenvalues of p_imp=  0.953835  0.957765  0.963171  0.973933  0.976522  0.982440  0.989117  0.995544  1.000000
eigenvalues of h_imp=  1.154489  0.958038  0.687698  0.149593  0.020158 -0.275736 -0.609584 -0.930919 -1.153737

eigenval_p,eigenval_h=  1.000000 -1.153737
psi for p_imp=   0.9902   0.0233   0.1228   0.0575   0.0148   0.0096   0.0002   0.0005   0.0153

imp-sampled: sum_p_eig,sum_abs_p_eig,sign_condition_number=  1.234281  1.236154  0.926958

p_FN1=
   0.9969   0.0104   0.0080   0.0141   0.0103   0.0363   0.0000   0.0000   0.0369
   0.0002   0.9821   0.0000   0.0026   0.0014   0.0000   0.0000   0.0112   0.0000
   0.0010   0.0000   0.9862   0.0034   0.0142   0.0069   0.1110   0.0449   0.0135
   0.0008   0.0064   0.0016   0.9794   0.0000   0.0000   0.0154   0.0274   0.0010
   0.0002   0.0009   0.0017   0.0000   0.9730   0.0005   0.0000   0.0248   0.0000
   0.0004   0.0000   0.0005   0.0000   0.0003   0.9548   0.0317   0.0175   0.0000
   0.0000   0.0000   0.0002   0.0001   0.0000   0.0007   0.8354   0.0027   0.0000
   0.0000   0.0002   0.0002   0.0002   0.0008   0.0009   0.0064   0.8716   0.0000
   0.0006   0.0000   0.0017   0.0003   0.0000   0.0000   0.0000   0.0000   0.9486

eigenvalues of p_FN1=  0.834637  0.871483  0.947614  0.954812  0.971296  0.976420  0.984203  0.987483  1.000000
eigenvalues of h_FN1=  7.114412  5.272111  1.465547  1.105683  0.281453  0.025238 -0.363886 -0.527865 -1.153737

eigenval_p,eigenval_h=  1.000000 -1.153737
psi for p_FN1=   0.9902   0.0233   0.1228   0.0575   0.0148   0.0096   0.0002   0.0005   0.0152
p_L2 =   1.0000   1.0000   1.0000   1.0000   1.0000   1.0000   0.9999   1.0001   1.0000
p_abs_L2 =   1.0001   1.0098   1.0007   1.0025   1.0039   1.0171   1.1314   1.0904   1.0083

p_propos2=
   0.9969   0.0103   0.0080   0.0140   0.0103   0.0357   0.0000   0.0000   0.0366
   0.0002   0.9823   0.0000   0.0026   0.0014   0.0000   0.0000   0.0102   0.0000
   0.0010   0.0000   0.9862   0.0034   0.0141   0.0067   0.0981   0.0412   0.0133
   0.0008   0.0063   0.0016   0.9794   0.0000   0.0000   0.0136   0.0251   0.0010
   0.0002   0.0009   0.0017   0.0000   0.9731   0.0005   0.0000   0.0227   0.0000
   0.0004   0.0000   0.0005   0.0000   0.0003   0.9556   0.0280   0.0161   0.0000
   0.0000   0.0000   0.0002   0.0001   0.0000   0.0006   0.8546   0.0025   0.0000
   0.0000   0.0002   0.0002   0.0002   0.0008   0.0009   0.0057   0.8822   0.0000
   0.0006   0.0000   0.0017   0.0003   0.0000   0.0000   0.0000   0.0000   0.9490

p_markov2=
   0.9969   0.0103   0.0080   0.0140   0.0103   0.0357   0.0000   0.0000   0.0366
   0.0002   0.9823   0.0000   0.0026   0.0013   0.0000   0.0000   0.0102   0.0000
   0.0010   0.0000   0.9863   0.0034   0.0141   0.0067   0.0981   0.0412   0.0133
   0.0008   0.0063   0.0016   0.9795   0.0000   0.0000   0.0136   0.0251   0.0010
   0.0002   0.0009   0.0017   0.0000   0.9732   0.0005   0.0000   0.0227   0.0000
   0.0003   0.0000   0.0005   0.0000   0.0003   0.9557   0.0280   0.0161   0.0000
   0.0000   0.0000   0.0002   0.0000   0.0000   0.0006   0.8546   0.0024   0.0000
   0.0000   0.0002   0.0002   0.0002   0.0007   0.0008   0.0057   0.8823   0.0000
   0.0006   0.0000   0.0017   0.0003   0.0000   0.0000   0.0000   0.0000   0.9490

eigenvalues of p_markov2=  0.853895  0.882185  0.948047  0.955682  0.971469  0.976577  0.984336  0.987525  1.000000
eigenvalues of h_markov2=  6.151496  4.737023  1.443895  1.062145  0.272818  0.017424 -0.370561 -0.529983 -1.153737

eigenval_p,eigenval_h=  1.000000 -1.153737
psi for p_mar=   0.9902   0.0233   0.1228   0.0575   0.0148   0.0096   0.0002   0.0005   0.0152
psig**2      =   0.9902   0.0233   0.1228   0.0575   0.0148   0.0096   0.0002   0.0005   0.0152
Above 2 lines should be equal since Markov matrix has dominant state psig**2

p_FN3=
   0.9969   0.0103   0.0080   0.0140   0.0103   0.0357   0.0000   0.0000   0.0366
   0.0002   0.9823   0.0000   0.0026   0.0013   0.0000   0.0000   0.0102   0.0000
   0.0010   0.0000   0.9863   0.0034   0.0141   0.0067   0.0981   0.0412   0.0133
   0.0008   0.0063   0.0016   0.9795   0.0000   0.0000   0.0136   0.0251   0.0010
   0.0002   0.0009   0.0017   0.0000   0.9732   0.0005   0.0000   0.0228   0.0000
   0.0003   0.0000   0.0005   0.0000   0.0003   0.9557   0.0280   0.0161   0.0000
   0.0000   0.0000   0.0002   0.0000   0.0000   0.0006   0.8545   0.0024   0.0000
   0.0000   0.0002   0.0002   0.0002   0.0007   0.0008   0.0057   0.8823   0.0000
   0.0006   0.0000   0.0017   0.0003   0.0000   0.0000   0.0000   0.0000   0.9490

eigenvalues of p_FN3=  0.853792  0.882252  0.948049  0.955675  0.971474  0.976576  0.984334  0.987526  1.000000
eigenvalues of h_FN3=  6.156640  4.733686  1.443825  1.062516  0.272588  0.017451 -0.370413 -0.530018 -1.153737

eigenval_p,eigenval_h=  1.000000 -1.153737
psi for p_FN3=   0.9902   0.0233   0.1228   0.0575   0.0148   0.0096   0.0002   0.0005   0.0152

p_FN4=
   0.9969   0.0103   0.0080   0.0140   0.0103   0.0357   0.0000   0.0000   0.0366
   0.0002   0.9823   0.0000   0.0026   0.0014   0.0000   0.0000   0.0102   0.0000
   0.0010   0.0000   0.9862   0.0034   0.0141   0.0067   0.0981   0.0412   0.0133
   0.0008   0.0063   0.0016   0.9794   0.0000   0.0000   0.0136   0.0251   0.0010
   0.0002   0.0009   0.0017   0.0000   0.9731   0.0005   0.0000   0.0228   0.0000
   0.0004   0.0000   0.0005   0.0000   0.0003   0.9556   0.0280   0.0161   0.0000
   0.0000   0.0000   0.0002   0.0001   0.0000   0.0006   0.8545   0.0025   0.0000
   0.0000   0.0002   0.0002   0.0002   0.0008   0.0009   0.0057   0.8822   0.0000
   0.0006   0.0000   0.0017   0.0003   0.0000   0.0000   0.0000   0.0000   0.9490

eigenvalues of p_FN4=  0.853746  0.882134  0.948039  0.955577  0.971406  0.976526  0.984320  0.987498  1.000000
eigenvalues of h_FN4=  6.158938  4.739539  1.444326  1.067401  0.275954  0.019953 -0.369757 -0.528613 -1.153737

eigenval_p,eigenval_h=  1.000000 -1.153737
psi for p_FN4=   0.9902   0.0236   0.1229   0.0577   0.0149   0.0098   0.0002   0.0005   0.0154

E_G, E_FN1, E_FN3, E_FN4, E_0, recover_FN1, recover_FN3, recover_FN4, ovlp_FN1, ovlp_FN3, ovlp_FN4, sign_cond_num= -1.153737 -1.153737 -1.153737 -1.153737 -1.153737 0.404 0.394-5.718 2.E-11 2.E-11 6.E-08 0.927
------------------------------------------------------------

Data set    2

h=
  -1.0000   0.2078   0.2465  -0.1774   0.1550   0.0818   0.1172   0.0597   0.0351
   0.2078  -0.7500   0.0317   0.1078  -0.1529   0.2204  -0.0884   0.0460  -0.1722
   0.2465   0.0317  -0.5000  -0.0188   0.1205   0.0786   0.1065   0.0542  -0.2134
  -0.1774   0.1078  -0.0188  -0.2500   0.1196   0.2078   0.0252   0.1955   0.1204
   0.1550  -0.1529   0.1205   0.1196   0.0000  -0.1889   0.1373  -0.1491  -0.1836
   0.0818   0.2204   0.0786   0.2078  -0.1889   0.2500   0.0471   0.2473  -0.0761
   0.1172  -0.0884   0.1065   0.0252   0.1373   0.0471   0.5000  -0.0512   0.1073
   0.0597   0.0460   0.0542   0.1955  -0.1491   0.2473  -0.0512   0.7500  -0.1677
   0.0351  -0.1722  -0.2134   0.1204  -0.1836  -0.0761   0.1073  -0.1677   1.0000

eigenval_p,eigenval_h=  1.000000 -1.275242
psi for p    =   0.8174  -0.4330  -0.2248   0.2275  -0.1681  -0.0167  -0.0476  -0.0495  -0.0940

eigenvalues of p=  0.950560  0.956825  0.962966  0.969652  0.974931  0.980377  0.985440  0.989706  1.000000
eigenvalues of h=  1.196769  0.883489  0.576467  0.242178 -0.021770 -0.294090 -0.547235 -0.760567 -1.275242
tau, tau_max= 0.020000 0.404529
p=
   0.9945  -0.0042  -0.0049   0.0035  -0.0031  -0.0016  -0.0023  -0.0012  -0.0007
  -0.0042   0.9895  -0.0006  -0.0022   0.0031  -0.0044   0.0018  -0.0009   0.0034
  -0.0049  -0.0006   0.9845   0.0004  -0.0024  -0.0016  -0.0021  -0.0011   0.0043
   0.0035  -0.0022   0.0004   0.9795  -0.0024  -0.0042  -0.0005  -0.0039  -0.0024
  -0.0031   0.0031  -0.0024  -0.0024   0.9745   0.0038  -0.0027   0.0030   0.0037
  -0.0016  -0.0044  -0.0016  -0.0042   0.0038   0.9695  -0.0009  -0.0049   0.0015
  -0.0023   0.0018  -0.0021  -0.0005  -0.0027  -0.0009   0.9645   0.0010  -0.0021
  -0.0012  -0.0009  -0.0011  -0.0039   0.0030  -0.0049   0.0010   0.9595   0.0034
  -0.0007   0.0034   0.0043  -0.0024   0.0037   0.0015  -0.0021   0.0034   0.9545

sum_p_eig,sum_abs_p_eig,sign_condition_number=  2.078525  2.091526  0.732144

psig=   0.8174  -0.4329  -0.2248   0.2275  -0.1681  -0.0166  -0.0476  -0.0495  -0.0940

p after making eigenvec +ve =
   0.9945   0.0042   0.0049   0.0035   0.0031   0.0016   0.0023   0.0012   0.0007
   0.0042   0.9895  -0.0006   0.0022   0.0031  -0.0044   0.0018  -0.0009   0.0034
   0.0049  -0.0006   0.9845  -0.0004  -0.0024  -0.0016  -0.0021  -0.0011   0.0043
   0.0035   0.0022  -0.0004   0.9795   0.0024   0.0042   0.0005   0.0039   0.0024
   0.0031   0.0031  -0.0024   0.0024   0.9745   0.0038  -0.0027   0.0030   0.0037
   0.0016  -0.0044  -0.0016   0.0042   0.0038   0.9695  -0.0009  -0.0049   0.0015
   0.0023   0.0018  -0.0021   0.0005  -0.0027  -0.0009   0.9645   0.0010  -0.0021
   0.0012  -0.0009  -0.0011   0.0039   0.0030  -0.0049   0.0010   0.9595   0.0034
   0.0007   0.0034   0.0043   0.0024   0.0037   0.0015  -0.0021   0.0034   0.9545

1+(E_0*1-H) (i.e. p with tau=1) after making eigenvec +ve =
   0.7248  -0.2078  -0.2465  -0.1774  -0.1550  -0.0818  -0.1172  -0.0597  -0.0351
  -0.2078   0.4748   0.0317  -0.1078  -0.1529   0.2204  -0.0884   0.0460  -0.1722
  -0.2465   0.0317   0.2248   0.0188   0.1205   0.0786   0.1065   0.0542  -0.2134
  -0.1774  -0.1078   0.0188  -0.0252  -0.1196  -0.2078  -0.0252  -0.1955  -0.1204
  -0.1550  -0.1529   0.1205  -0.1196  -0.2752  -0.1889   0.1373  -0.1491  -0.1836
  -0.0818   0.2204   0.0786  -0.2078  -0.1889  -0.5252   0.0471   0.2473  -0.0761
  -0.1172  -0.0884   0.1065  -0.0252   0.1373   0.0471  -0.7752  -0.0512   0.1073
  -0.0597   0.0460   0.0542  -0.1955  -0.1491   0.2473  -0.0512  -1.0252  -0.1677
  -0.0351  -0.1722  -0.2134  -0.1204  -0.1836  -0.0761   0.1073  -0.1677  -1.2752
psi for p    =   0.8174   0.4330   0.2248   0.2275   0.1681   0.0167   0.0476   0.0495   0.0940
psig         =   0.8174   0.4329   0.2248   0.2275   0.1681   0.0166   0.0476   0.0495   0.0940

E_G= -1.275242

h_imp=
  -1.0000  -0.3924  -0.8966  -0.6374  -0.7539  -4.0175  -2.0133  -0.9847  -0.3054
  -0.1100  -0.7500   0.0610  -0.2052  -0.3939   5.7362  -0.8043   0.4023  -0.7925
  -0.0678   0.0164  -0.5000   0.0186   0.1611   1.0615   0.5029   0.2461  -0.5100
  -0.0494  -0.0567   0.0190  -0.2500  -0.1619  -2.8415  -0.1205  -0.8979  -0.2912
  -0.0319  -0.0594   0.0901  -0.0884   0.0000  -1.9085   0.4849  -0.5060  -0.3282
  -0.0017   0.0085   0.0058  -0.0152  -0.0187   0.2500   0.0165   0.0831  -0.0135
  -0.0068  -0.0097   0.0226  -0.0053   0.0389   0.1347   0.5000  -0.0492   0.0543
  -0.0036   0.0053   0.0120  -0.0426  -0.0440   0.7363  -0.0533   0.7500  -0.0883
  -0.0040  -0.0374  -0.0893  -0.0498  -0.1028  -0.4303   0.2120  -0.3184   1.0000

p_imp=
   0.9945   0.0078   0.0179   0.0127   0.0151   0.0803   0.0403   0.0197   0.0061
   0.0022   0.9895  -0.0012   0.0041   0.0079  -0.1147   0.0161  -0.0080   0.0158
   0.0014  -0.0003   0.9845  -0.0004  -0.0032  -0.0212  -0.0101  -0.0049   0.0102
   0.0010   0.0011  -0.0004   0.9795   0.0032   0.0568   0.0024   0.0180   0.0058
   0.0006   0.0012  -0.0018   0.0018   0.9745   0.0382  -0.0097   0.0101   0.0066
   0.0000  -0.0002  -0.0001   0.0003   0.0004   0.9695  -0.0003  -0.0017   0.0003
   0.0001   0.0002  -0.0005   0.0001  -0.0008  -0.0027   0.9645   0.0010  -0.0011
   0.0001  -0.0001  -0.0002   0.0009   0.0009  -0.0147   0.0011   0.9595   0.0018
   0.0001   0.0007   0.0018   0.0010   0.0021   0.0086  -0.0042   0.0064   0.9545
tau_av_expon_proj    = 3.633528 1.707360 0.835899 0.941330 0.596963 0.059289 0.237667 0.286729 0.419603
tau_av_expon_proj_new= 3.633167 1.903884 1.289920 0.975379 0.784165 0.655634 0.563303 0.493768 0.439514
factor=                0.999900 1.108739 1.421874 1.035525 1.269633 2.483254 1.782619 1.520903 1.046342
factor2=                 0.9999   1.1151   1.5432   1.0362   1.3136  11.0582   2.3701   1.7221   1.0475

eigenvalues of p_imp=  0.950560  0.956825  0.962966  0.969652  0.974931  0.980377  0.985440  0.989706  1.000000
eigenvalues of h_imp=  1.196769  0.883489  0.576467  0.242178 -0.021770 -0.294090 -0.547235 -0.760567 -1.275242

eigenval_p,eigenval_h=  1.000000 -1.275242
psi for p_imp=   0.9568   0.2684   0.0724   0.0741   0.0404   0.0004   0.0032   0.0035   0.0127

imp-sampled: sum_p_eig,sum_abs_p_eig,sign_condition_number=  1.431868  1.433589  0.941694

p_FN1=
   0.9945   0.0078   0.0179   0.0127   0.0151   0.0803   0.0403   0.0197   0.0061
   0.0022   0.9889   0.0000   0.0041   0.0079   0.0000   0.0161   0.0000   0.0158
   0.0014   0.0000   0.9803   0.0000   0.0000   0.0000   0.0000   0.0000   0.0102
   0.0010   0.0011   0.0000   0.9791   0.0032   0.0568   0.0024   0.0180   0.0058
   0.0006   0.0012   0.0000   0.0018   0.9705   0.0382   0.0000   0.0101   0.0066
   0.0000   0.0000   0.0000   0.0003   0.0004   0.8161   0.0000   0.0000   0.0003
   0.0001   0.0002   0.0000   0.0001   0.0000   0.0000   0.9402   0.0010   0.0000
   0.0001   0.0000   0.0000   0.0009   0.0009   0.0000   0.0011   0.9449   0.0018
   0.0001   0.0007   0.0018   0.0010   0.0021   0.0086   0.0000   0.0064   0.9534

eigenvalues of p_FN1=  0.815900  0.939754  0.943542  0.952405  0.970075  0.978689  0.979866  0.987629  1.000000
eigenvalues of h_FN1=  7.929759  1.737055  1.547666  1.104502  0.221013 -0.209713 -0.268561 -0.656682 -1.275242

eigenval_p,eigenval_h=  1.000000 -1.275242
psi for p_FN1=   0.9568   0.2684   0.0724   0.0741   0.0404   0.0004   0.0032   0.0035   0.0127
p_L2 =   1.0000   1.0000   1.0000   1.0000   1.0000   1.0001   1.0000   1.0000   1.0000
p_abs_L2 =   1.0000   1.0006   1.0042   1.0004   1.0040   1.1535   1.0243   1.0146   1.0011

p_propos2=
   0.9945   0.0078   0.0179   0.0127   0.0150   0.0697   0.0393   0.0194   0.0061
   0.0022   0.9889   0.0000   0.0041   0.0078   0.0000   0.0157   0.0000   0.0158
   0.0014   0.0000   0.9804   0.0000   0.0000   0.0000   0.0000   0.0000   0.0102
   0.0010   0.0011   0.0000   0.9791   0.0032   0.0493   0.0024   0.0177   0.0058
   0.0006   0.0012   0.0000   0.0018   0.9706   0.0331   0.0000   0.0100   0.0066
   0.0000   0.0000   0.0000   0.0003   0.0004   0.8405   0.0000   0.0000   0.0003
   0.0001   0.0002   0.0000   0.0001   0.0000   0.0000   0.9416   0.0010   0.0000
   0.0001   0.0000   0.0000   0.0009   0.0009   0.0000   0.0010   0.9457   0.0018
   0.0001   0.0007   0.0018   0.0010   0.0020   0.0075   0.0000   0.0063   0.9535

p_markov2=
   0.9945   0.0078   0.0179   0.0127   0.0150   0.0697   0.0393   0.0194   0.0061
   0.0022   0.9889   0.0000   0.0041   0.0078   0.0000   0.0157   0.0000   0.0158
   0.0014   0.0000   0.9804   0.0000   0.0000   0.0000   0.0000   0.0000   0.0102
   0.0010   0.0011   0.0000   0.9792   0.0032   0.0493   0.0024   0.0177   0.0058
   0.0006   0.0012   0.0000   0.0018   0.9707   0.0331   0.0000   0.0100   0.0065
   0.0000   0.0000   0.0000   0.0003   0.0003   0.8405   0.0000   0.0000   0.0002
   0.0001   0.0002   0.0000   0.0001   0.0000   0.0000   0.9416   0.0010   0.0000
   0.0001   0.0000   0.0000   0.0008   0.0009   0.0000   0.0010   0.9457   0.0017
   0.0001   0.0007   0.0018   0.0010   0.0020   0.0075   0.0000   0.0063   0.9536

eigenvalues of p_markov2=  0.840321  0.941144  0.944364  0.952620  0.970240  0.978758  0.979930  0.987646  1.000000
eigenvalues of h_markov2=  6.708691  1.667564  1.506568  1.093766  0.212740 -0.213138 -0.271761 -0.657563 -1.275242

eigenval_p,eigenval_h=  1.000000 -1.275242
psi for p_mar=   0.9568   0.2684   0.0723   0.0741   0.0404   0.0004   0.0032   0.0035   0.0127
psig**2      =   0.9568   0.2684   0.0723   0.0741   0.0404   0.0004   0.0032   0.0035   0.0127
Above 2 lines should be equal since Markov matrix has dominant state psig**2

p_FN3=
   0.9945   0.0078   0.0179   0.0127   0.0150   0.0697   0.0393   0.0194   0.0061
   0.0022   0.9889   0.0000   0.0041   0.0078   0.0000   0.0157   0.0000   0.0158
   0.0014   0.0000   0.9804   0.0000   0.0000   0.0000   0.0000   0.0000   0.0102
   0.0010   0.0011   0.0000   0.9792   0.0032   0.0493   0.0024   0.0177   0.0058
   0.0006   0.0012   0.0000   0.0018   0.9707   0.0331   0.0000   0.0100   0.0065
   0.0000   0.0000   0.0000   0.0003   0.0003   0.8406   0.0000   0.0000   0.0002
   0.0001   0.0002   0.0000   0.0001   0.0000   0.0000   0.9416   0.0010   0.0000
   0.0001   0.0000   0.0000   0.0008   0.0009   0.0000   0.0010   0.9457   0.0017
   0.0001   0.0007   0.0018   0.0010   0.0020   0.0075   0.0000   0.0063   0.9536

eigenvalues of p_FN3=  0.840386  0.941140  0.944355  0.952609  0.970239  0.978759  0.979932  0.987648  1.000000
eigenvalues of h_FN3=  6.705441  1.667747  1.507003  1.094294  0.212828 -0.213189 -0.271858 -0.657632 -1.275242

eigenval_p,eigenval_h=  1.000000 -1.275242
psi for p_FN3=   0.9568   0.2684   0.0724   0.0741   0.0404   0.0004   0.0032   0.0035   0.0127

p_FN4=
   0.9945   0.0078   0.0179   0.0127   0.0150   0.0697   0.0393   0.0194   0.0061
   0.0022   0.9889   0.0000   0.0041   0.0078   0.0000   0.0157   0.0000   0.0158
   0.0014   0.0000   0.9804   0.0000   0.0000   0.0000   0.0000   0.0000   0.0102
   0.0010   0.0011   0.0000   0.9791   0.0032   0.0493   0.0024   0.0177   0.0058
   0.0006   0.0012   0.0000   0.0018   0.9706   0.0331   0.0000   0.0100   0.0066
   0.0000   0.0000   0.0000   0.0003   0.0004   0.8406   0.0000   0.0000   0.0003
   0.0001   0.0002   0.0000   0.0001   0.0000   0.0000   0.9416   0.0010   0.0000
   0.0001   0.0000   0.0000   0.0009   0.0009   0.0000   0.0010   0.9457   0.0018
   0.0001   0.0007   0.0018   0.0010   0.0020   0.0075   0.0000   0.0063   0.9535

eigenvalues of p_FN4=  0.840357  0.941131  0.944322  0.952518  0.970185  0.978733  0.979916  0.987638  1.000000
eigenvalues of h_FN4=  6.706924  1.668184  1.508643  1.098839  0.215484 -0.211916 -0.271019 -0.657154 -1.275242

eigenval_p,eigenval_h=  1.000000 -1.275242
psi for p_FN4=   0.9567   0.2685   0.0727   0.0741   0.0406   0.0005   0.0033   0.0036   0.0127

E_G, E_FN1, E_FN3, E_FN4, E_0, recover_FN1, recover_FN3, recover_FN4, ovlp_FN1, ovlp_FN3, ovlp_FN4, sign_cond_num= -1.275242 -1.275242 -1.275242 -1.275242 -1.275242 0.749 0.73021.393 5.E-11 5.E-11 8.E-08 0.942
------------------------------------------------------------

Data set    3

h=
  -1.0000   0.0404   0.0718  -0.0811   0.1244  -0.0287  -0.1692  -0.0427  -0.1855
   0.0404  -0.7500   0.0116  -0.1719   0.1516  -0.0466   0.2187  -0.1013   0.0946
   0.0718   0.0116  -0.5000   0.2356  -0.0595  -0.1163   0.2479  -0.1902  -0.0795
  -0.0811  -0.1719   0.2356  -0.2500  -0.0695   0.2271   0.0548   0.1091  -0.0390
   0.1244   0.1516  -0.0595  -0.0695   0.0000  -0.1933  -0.1028  -0.1993  -0.1509
  -0.0287  -0.0466  -0.1163   0.2271  -0.1933   0.2500   0.0086  -0.2237   0.1178
  -0.1692   0.2187   0.2479   0.0548  -0.1028   0.0086   0.5000   0.0091  -0.1426
  -0.0427  -0.1013  -0.1902   0.1091  -0.1993  -0.2237   0.0091   0.7500  -0.1474
  -0.1855   0.0946  -0.0795  -0.0390  -0.1509   0.1178  -0.1426  -0.1474   1.0000

eigenval_p,eigenval_h=  1.000000 -1.090220
psi for p    =   0.9278  -0.1370  -0.2455   0.1362  -0.0797  -0.0542   0.1543  -0.0284   0.0876

eigenvalues of p=  0.955026  0.961663  0.965603  0.970181  0.980983  0.982016  0.992355  0.995933  1.000000
eigenvalues of h=  1.158502  0.826606  0.629632  0.400707 -0.139383 -0.191035 -0.707961 -0.886848 -1.090220
tau, tau_max= 0.020000 0.444697
p=
   0.9982  -0.0008  -0.0014   0.0016  -0.0025   0.0006   0.0034   0.0009   0.0037
  -0.0008   0.9932  -0.0002   0.0034  -0.0030   0.0009  -0.0044   0.0020  -0.0019
  -0.0014  -0.0002   0.9882  -0.0047   0.0012   0.0023  -0.0050   0.0038   0.0016
   0.0016   0.0034  -0.0047   0.9832   0.0014  -0.0045  -0.0011  -0.0022   0.0008
  -0.0025  -0.0030   0.0012   0.0014   0.9782   0.0039   0.0021   0.0040   0.0030
   0.0006   0.0009   0.0023  -0.0045   0.0039   0.9732  -0.0002   0.0045  -0.0024
   0.0034  -0.0044  -0.0050  -0.0011   0.0021  -0.0002   0.9682  -0.0002   0.0029
   0.0009   0.0020   0.0038  -0.0022   0.0040   0.0045  -0.0002   0.9632   0.0029
   0.0037  -0.0019   0.0016   0.0008   0.0030  -0.0024   0.0029   0.0029   0.9582

sum_p_eig,sum_abs_p_eig,sign_condition_number=  1.850582  1.861661  0.741959

psig=   0.9278  -0.1370  -0.2455   0.1361  -0.0796  -0.0542   0.1543  -0.0284   0.0876

p after making eigenvec +ve =
   0.9982   0.0008   0.0014   0.0016   0.0025  -0.0006   0.0034  -0.0009   0.0037
   0.0008   0.9932  -0.0002  -0.0034  -0.0030   0.0009   0.0044   0.0020   0.0019
   0.0014  -0.0002   0.9882   0.0047   0.0012   0.0023   0.0050   0.0038  -0.0016
   0.0016  -0.0034   0.0047   0.9832  -0.0014   0.0045  -0.0011   0.0022   0.0008
   0.0025  -0.0030   0.0012  -0.0014   0.9782   0.0039  -0.0021   0.0040  -0.0030
  -0.0006   0.0009   0.0023   0.0045   0.0039   0.9732   0.0002   0.0045   0.0024
   0.0034   0.0044   0.0050  -0.0011  -0.0021   0.0002   0.9682   0.0002   0.0029
  -0.0009   0.0020   0.0038   0.0022   0.0040   0.0045   0.0002   0.9632  -0.0029
   0.0037   0.0019  -0.0016   0.0008  -0.0030   0.0024   0.0029  -0.0029   0.9582

1+(E_0*1-H) (i.e. p with tau=1) after making eigenvec +ve =
   0.9098  -0.0404  -0.0718  -0.0811  -0.1244   0.0287  -0.1692   0.0427  -0.1855
  -0.0404   0.6598   0.0116   0.1719   0.1516  -0.0466  -0.2187  -0.1013  -0.0946
  -0.0718   0.0116   0.4098  -0.2356  -0.0595  -0.1163  -0.2479  -0.1902   0.0795
  -0.0811   0.1719  -0.2356   0.1598   0.0695  -0.2271   0.0548  -0.1091  -0.0390
  -0.1244   0.1516  -0.0595   0.0695  -0.0902  -0.1933   0.1028  -0.1993   0.1509
   0.0287  -0.0466  -0.1163  -0.2271  -0.1933  -0.3402  -0.0086  -0.2237  -0.1178
  -0.1692  -0.2187  -0.2479   0.0548   0.1028  -0.0086  -0.5902  -0.0091  -0.1426
   0.0427  -0.1013  -0.1902  -0.1091  -0.1993  -0.2237  -0.0091  -0.8402   0.1474
  -0.1855  -0.0946   0.0795  -0.0390   0.1509  -0.1178  -0.1426   0.1474  -1.0902
psi for p    =   0.9278   0.1370   0.2455   0.1362   0.0797   0.0542   0.1543   0.0284   0.0876
psig         =   0.9278   0.1370   0.2455   0.1361   0.0796   0.0542   0.1543   0.0284   0.0876

E_G= -1.090220

h_imp=
  -1.0000  -0.2738  -0.2716  -0.5530  -1.4493   0.4904  -1.0174   1.3932  -1.9644
  -0.0060  -0.7500   0.0065   0.1730   0.2608  -0.1177  -0.1942  -0.4880  -0.1480
  -0.0190   0.0209  -0.5000  -0.4247  -0.1835  -0.5265  -0.3944  -1.6411   0.2226
  -0.0119   0.1708  -0.1307  -0.2500   0.1189  -0.5702   0.0483  -0.5224  -0.0606
  -0.0107   0.0881  -0.0193   0.0407   0.0000  -0.2838   0.0531  -0.5581   0.1371
   0.0017  -0.0184  -0.0257  -0.0904  -0.1316   0.2500  -0.0030  -0.4265  -0.0729
  -0.0281  -0.2463  -0.1559   0.0621   0.1992  -0.0245   0.5000  -0.0493  -0.2511
   0.0013  -0.0210  -0.0220  -0.0228  -0.0712  -0.1174  -0.0017   0.7500   0.0479
  -0.0175  -0.0605   0.0284  -0.0251   0.1660  -0.1904  -0.0809   0.4541   1.0000

p_imp=
   0.9982   0.0055   0.0054   0.0111   0.0290  -0.0098   0.0203  -0.0279   0.0393
   0.0001   0.9932  -0.0001  -0.0035  -0.0052   0.0024   0.0039   0.0098   0.0030
   0.0004  -0.0004   0.9882   0.0085   0.0037   0.0105   0.0079   0.0328  -0.0045
   0.0002  -0.0034   0.0026   0.9832  -0.0024   0.0114  -0.0010   0.0104   0.0012
   0.0002  -0.0018   0.0004  -0.0008   0.9782   0.0057  -0.0011   0.0112  -0.0027
  -0.0000   0.0004   0.0005   0.0018   0.0026   0.9732   0.0001   0.0085   0.0015
   0.0006   0.0049   0.0031  -0.0012  -0.0040   0.0005   0.9682   0.0010   0.0050
  -0.0000   0.0004   0.0004   0.0005   0.0014   0.0023   0.0000   0.9632  -0.0010
   0.0004   0.0012  -0.0006   0.0005  -0.0033   0.0038   0.0016  -0.0091   0.9582
tau_av_expon_proj    =10.396270 1.111375 1.515194 0.718469 0.387508 0.430878 0.557727 0.180746 0.344269
tau_av_expon_proj_new=11.084036 2.939276 1.694284 1.190165 0.917246 0.746146 0.628844 0.543413 0.478419
factor=                1.064016 1.862441 1.111491 1.486357 1.781633 1.525815 1.119734 1.949140 1.323661
factor2=                 1.0662   2.6447   1.1182   1.6565   2.3670   1.7317   1.1275   3.0065   1.3897

eigenvalues of p_imp=  0.955026  0.961663  0.965603  0.970181  0.980983  0.982016  0.992355  0.995933  1.000000
eigenvalues of h_imp=  1.158502  0.826606  0.629632  0.400707 -0.139383 -0.191035 -0.707961 -0.886848 -1.090220

eigenval_p,eigenval_h=  1.000000 -1.090220
psi for p_imp=   0.9966   0.0217   0.0698   0.0215   0.0073   0.0034   0.0276   0.0009   0.0089

imp-sampled: sum_p_eig,sum_abs_p_eig,sign_condition_number=  1.157711  1.159019  0.945132

p_FN1=
   0.9981   0.0055   0.0054   0.0111   0.0290   0.0000   0.0203   0.0000   0.0393
   0.0001   0.9876   0.0000   0.0000   0.0000   0.0024   0.0039   0.0098   0.0030
   0.0004   0.0000   0.9875   0.0085   0.0037   0.0105   0.0079   0.0328   0.0000
   0.0002   0.0000   0.0026   0.9777   0.0000   0.0114   0.0000   0.0104   0.0012
   0.0002   0.0000   0.0004   0.0000   0.9633   0.0057   0.0000   0.0112   0.0000
   0.0000   0.0004   0.0005   0.0018   0.0026   0.9634   0.0001   0.0085   0.0015
   0.0006   0.0049   0.0031   0.0000   0.0000   0.0005   0.9662   0.0010   0.0050
   0.0000   0.0004   0.0004   0.0005   0.0014   0.0023   0.0000   0.9262   0.0000
   0.0004   0.0012   0.0000   0.0005   0.0000   0.0038   0.0016   0.0000   0.9500

eigenvalues of p_FN1=  0.925099  0.948896  0.959031  0.964284  0.966956  0.976985  0.988187  0.990621  1.000000
eigenvalues of h_FN1=  2.654815  1.465002  0.958209  0.695574  0.561991  0.060530 -0.499555 -0.621266 -1.090220

eigenval_p,eigenval_h=  1.000000 -1.090220
psi for p_FN1=   0.9966   0.0217   0.0698   0.0215   0.0073   0.0034   0.0276   0.0009   0.0089
p_L2 =   1.0000   1.0000   1.0000   1.0000   1.0000   1.0000   1.0000   1.0000   1.0000
p_abs_L2 =   1.0001   1.0056   1.0007   1.0055   1.0149   1.0098   1.0020   1.0369   1.0081

p_propos2=
   0.9981   0.0054   0.0054   0.0110   0.0286   0.0000   0.0203   0.0000   0.0390
   0.0001   0.9877   0.0000   0.0000   0.0000   0.0023   0.0039   0.0094   0.0029
   0.0004   0.0000   0.9875   0.0084   0.0036   0.0104   0.0079   0.0317   0.0000
   0.0002   0.0000   0.0026   0.9778   0.0000   0.0113   0.0000   0.0101   0.0012
   0.0002   0.0000   0.0004   0.0000   0.9638   0.0056   0.0000   0.0108   0.0000
   0.0000   0.0004   0.0005   0.0018   0.0026   0.9637   0.0001   0.0082   0.0014
   0.0006   0.0049   0.0031   0.0000   0.0000   0.0005   0.9662   0.0009   0.0050
   0.0000   0.0004   0.0004   0.0005   0.0014   0.0023   0.0000   0.9289   0.0000
   0.0004   0.0012   0.0000   0.0005   0.0000   0.0038   0.0016   0.0000   0.9505

p_markov2=
   0.9981   0.0054   0.0054   0.0110   0.0286   0.0000   0.0203   0.0000   0.0390
   0.0001   0.9877   0.0000   0.0000   0.0000   0.0023   0.0039   0.0094   0.0029
   0.0004   0.0000   0.9875   0.0084   0.0036   0.0104   0.0079   0.0317   0.0000
   0.0002   0.0000   0.0026   0.9778   0.0000   0.0113   0.0000   0.0101   0.0012
   0.0002   0.0000   0.0004   0.0000   0.9639   0.0056   0.0000   0.0108   0.0000
   0.0000   0.0004   0.0005   0.0018   0.0026   0.9638   0.0001   0.0082   0.0014
   0.0006   0.0049   0.0031   0.0000   0.0000   0.0005   0.9663   0.0009   0.0050
   0.0000   0.0004   0.0004   0.0004   0.0014   0.0023   0.0000   0.9289   0.0000
   0.0003   0.0012   0.0000   0.0005   0.0000   0.0038   0.0016   0.0000   0.9505

eigenvalues of p_markov2=  0.927792  0.949328  0.959576  0.964400  0.967394  0.977134  0.988264  0.990651  1.000000
eigenvalues of h_markov2=  2.520200  1.443397  0.930955  0.689801  0.540079  0.053097 -0.503397 -0.622767 -1.090220

eigenval_p,eigenval_h=  1.000000 -1.090220
psi for p_mar=   0.9966   0.0217   0.0698   0.0215   0.0073   0.0034   0.0276   0.0009   0.0089
psig**2      =   0.9966   0.0217   0.0698   0.0215   0.0073   0.0034   0.0276   0.0009   0.0089
Above 2 lines should be equal since Markov matrix has dominant state psig**2

p_FN3=
   0.9981   0.0054   0.0054   0.0110   0.0286   0.0000   0.0203   0.0000   0.0390
   0.0001   0.9877   0.0000   0.0000   0.0000   0.0023   0.0039   0.0094   0.0029
   0.0004   0.0000   0.9875   0.0084   0.0036   0.0104   0.0079   0.0317   0.0000
   0.0002   0.0000   0.0026   0.9778   0.0000   0.0113   0.0000   0.0101   0.0012
   0.0002   0.0000   0.0004   0.0000   0.9639   0.0056   0.0000   0.0108   0.0000
   0.0000   0.0004   0.0005   0.0018   0.0026   0.9638   0.0001   0.0082   0.0014
   0.0006   0.0049   0.0031   0.0000   0.0000   0.0005   0.9663   0.0009   0.0050
   0.0000   0.0004   0.0004   0.0004   0.0014   0.0023   0.0000   0.9289   0.0000
   0.0003   0.0012   0.0000   0.0005   0.0000   0.0038   0.0016   0.0000   0.9504

eigenvalues of p_FN3=  0.927753  0.949314  0.959578  0.964399  0.967396  0.977134  0.988264  0.990651  1.000000
eigenvalues of h_FN3=  2.522152  1.444061  0.930898  0.689821  0.539961  0.053065 -0.503410 -0.622788 -1.090220

eigenval_p,eigenval_h=  1.000000 -1.090220
psi for p_FN3=   0.9966   0.0217   0.0698   0.0215   0.0073   0.0034   0.0276   0.0009   0.0089

p_FN4=
   0.9981   0.0054   0.0054   0.0110   0.0286   0.0000   0.0203   0.0000   0.0390
   0.0001   0.9877   0.0000   0.0000   0.0000   0.0023   0.0039   0.0094   0.0029
   0.0004   0.0000   0.9875   0.0084   0.0036   0.0104   0.0079   0.0317   0.0000
   0.0002   0.0000   0.0026   0.9778   0.0000   0.0113   0.0000   0.0101   0.0012
   0.0002   0.0000   0.0004   0.0000   0.9638   0.0056   0.0000   0.0108   0.0000
   0.0000   0.0004   0.0005   0.0018   0.0026   0.9637   0.0001   0.0082   0.0014
   0.0006   0.0049   0.0031   0.0000   0.0000   0.0005   0.9662   0.0009   0.0050
   0.0000   0.0004   0.0004   0.0005   0.0014   0.0023   0.0000   0.9289   0.0000
   0.0004   0.0012   0.0000   0.0005   0.0000   0.0038   0.0016   0.0000   0.9504

eigenvalues of p_FN4=  0.927722  0.949304  0.959507  0.964370  0.967363  0.977100  0.988247  0.990639  1.000000
eigenvalues of h_FN4=  2.523692  1.444592  0.934434  0.691284  0.541612  0.054758 -0.502571 -0.622170 -1.090220

eigenval_p,eigenval_h=  1.000000 -1.090220
psi for p_FN4=   0.9966   0.0219   0.0698   0.0216   0.0075   0.0034   0.0276   0.0010   0.0090

E_G, E_FN1, E_FN3, E_FN4, E_0, recover_FN1, recover_FN3, recover_FN4, ovlp_FN1, ovlp_FN3, ovlp_FN4, sign_cond_num= -1.090220 -1.090220 -1.090220 -1.090220 -1.090220 0.632 0.609****** 2.E-11 3.E-11 3.E-08 0.945
------------------------------------------------------------

Data set    4

h=
  -1.0000   0.1492  -0.2338  -0.2177  -0.1953  -0.1935  -0.1441   0.1318   0.2392
   0.1492  -0.7500  -0.0199  -0.2187  -0.0731  -0.1511   0.1065   0.1675  -0.1985
  -0.2338  -0.0199  -0.5000  -0.0046  -0.1655  -0.1104  -0.1226  -0.1790   0.0679
  -0.2177  -0.2187  -0.0046  -0.2500   0.2048  -0.1071  -0.0817   0.1570  -0.0264
  -0.1953  -0.0731  -0.1655   0.2048   0.0000  -0.1087   0.0397  -0.0754   0.0547
  -0.1935  -0.1511  -0.1104  -0.1071  -0.1087   0.2500  -0.2439   0.0691  -0.0416
  -0.1441   0.1065  -0.1226  -0.0817   0.0397  -0.2439   0.5000  -0.0434   0.1540
   0.1318   0.1675  -0.1790   0.1570  -0.0754   0.0691  -0.0434   0.7500  -0.2259
   0.2392  -0.1985   0.0679  -0.0264   0.0547  -0.0416   0.1540  -0.2259   1.0000

eigenval_p,eigenval_h=  1.000000 -1.288178
psi for p    =   0.8687  -0.1664   0.3331   0.1475   0.1540   0.1580   0.1377  -0.0354  -0.1270

eigenvalues of p=  0.949602  0.960381  0.961461  0.969139  0.970922  0.979156  0.985120  0.992347  1.000000
eigenvalues of h=  1.231728  0.692767  0.638787  0.254868  0.165714 -0.245972 -0.544198 -0.905517 -1.288178
tau, tau_max= 0.020000 0.396840
p=
   0.9942  -0.0030   0.0047   0.0044   0.0039   0.0039   0.0029  -0.0026  -0.0048
  -0.0030   0.9892   0.0004   0.0044   0.0015   0.0030  -0.0021  -0.0034   0.0040
   0.0047   0.0004   0.9842   0.0001   0.0033   0.0022   0.0025   0.0036  -0.0014
   0.0044   0.0044   0.0001   0.9792  -0.0041   0.0021   0.0016  -0.0031   0.0005
   0.0039   0.0015   0.0033  -0.0041   0.9742   0.0022  -0.0008   0.0015  -0.0011
   0.0039   0.0030   0.0022   0.0021   0.0022   0.9692   0.0049  -0.0014   0.0008
   0.0029  -0.0021   0.0025   0.0016  -0.0008   0.0049   0.9642   0.0009  -0.0031
  -0.0026  -0.0034   0.0036  -0.0031   0.0015  -0.0014   0.0009   0.9592   0.0045
  -0.0048   0.0040  -0.0014   0.0005  -0.0011   0.0008  -0.0031   0.0045   0.9542

sum_p_eig,sum_abs_p_eig,sign_condition_number=  2.127697  2.142294  0.710462

psig=   0.8687  -0.1664   0.3331   0.1474   0.1540   0.1579   0.1377  -0.0354  -0.1270

p after making eigenvec +ve =
   0.9942   0.0030   0.0047   0.0044   0.0039   0.0039   0.0029   0.0026   0.0048
   0.0030   0.9892  -0.0004  -0.0044  -0.0015  -0.0030   0.0021  -0.0034   0.0040
   0.0047  -0.0004   0.9842   0.0001   0.0033   0.0022   0.0025  -0.0036   0.0014
   0.0044  -0.0044   0.0001   0.9792  -0.0041   0.0021   0.0016   0.0031  -0.0005
   0.0039  -0.0015   0.0033  -0.0041   0.9742   0.0022  -0.0008  -0.0015   0.0011
   0.0039  -0.0030   0.0022   0.0021   0.0022   0.9692   0.0049   0.0014  -0.0008
   0.0029   0.0021   0.0025   0.0016  -0.0008   0.0049   0.9642  -0.0009   0.0031
   0.0026  -0.0034  -0.0036   0.0031  -0.0015   0.0014  -0.0009   0.9592   0.0045
   0.0048   0.0040   0.0014  -0.0005   0.0011  -0.0008   0.0031   0.0045   0.9542

1+(E_0*1-H) (i.e. p with tau=1) after making eigenvec +ve =
   0.7118  -0.1492  -0.2338  -0.2177  -0.1953  -0.1935  -0.1441  -0.1318  -0.2392
  -0.1492   0.4618   0.0199   0.2187   0.0731   0.1511  -0.1065   0.1675  -0.1985
  -0.2338   0.0199   0.2118  -0.0046  -0.1655  -0.1104  -0.1226   0.1790  -0.0679
  -0.2177   0.2187  -0.0046  -0.0382   0.2048  -0.1071  -0.0817  -0.1570   0.0264
  -0.1953   0.0731  -0.1655   0.2048  -0.2882  -0.1087   0.0397   0.0754  -0.0547
  -0.1935   0.1511  -0.1104  -0.1071  -0.1087  -0.5382  -0.2439  -0.0691   0.0416
  -0.1441  -0.1065  -0.1226  -0.0817   0.0397  -0.2439  -0.7882   0.0434  -0.1540
  -0.1318   0.1675   0.1790  -0.1570   0.0754  -0.0691   0.0434  -1.0382  -0.2259
