Input hamiltonian
hamiltonian=random                                                                          
Input ndim, E_T, tau
ndim, E_T, tau=    9-20.000000 0.040000
Input fraction_positive, off_diag_mag, psig_noise
fraction_positive, off_diag_mag,psig_noise= 0.500000 0.500000 0.200000
Input irand_seed
irand_seed=1425565376542456

Data set    1

h=
  -1.0000   0.0800   0.1401  -0.1696   0.0630   0.1789  -0.0366  -0.0928  -0.2290
   0.0800  -0.7500   0.0859   0.2028  -0.0542   0.1379   0.1569  -0.0799  -0.2353
   0.1401   0.0859  -0.5000   0.1165  -0.2461  -0.0961  -0.2234  -0.1402   0.2370
  -0.1696   0.2028   0.1165  -0.2500  -0.0711  -0.2226   0.0454   0.1250  -0.0263
   0.0630  -0.0542  -0.2461  -0.0711   0.0000  -0.0210   0.1375  -0.2232  -0.0393
   0.1789   0.1379  -0.0961  -0.2226  -0.0210   0.2500  -0.2276  -0.1955  -0.0772
  -0.0366   0.1569  -0.2234   0.0454   0.1375  -0.2276   0.5000  -0.2075  -0.1275
  -0.0928  -0.0799  -0.1402   0.1250  -0.2232  -0.1955  -0.2075   0.7500  -0.0525
  -0.2290  -0.2353   0.2370  -0.0263  -0.0393  -0.0772  -0.1275  -0.0525   1.0000

eigenval_p,eigenval_h=  1.000000 -1.153737
psi for p    =   0.8957  -0.1375  -0.3155   0.2159  -0.1095  -0.0884  -0.0127  -0.0197   0.1112

eigenvalues of p=  0.907671  0.915529  0.926343  0.947867  0.953044  0.964880  0.978234  0.991087  1.000000
eigenvalues of h=  1.154489  0.958038  0.687698  0.149593  0.020158 -0.275736 -0.609584 -0.930919 -1.153737
tau, tau_max= 0.040000 0.433233
p=
   0.9939  -0.0032  -0.0056   0.0068  -0.0025  -0.0072   0.0015   0.0037   0.0092
  -0.0032   0.9839  -0.0034  -0.0081   0.0022  -0.0055  -0.0063   0.0032   0.0094
  -0.0056  -0.0034   0.9739  -0.0047   0.0098   0.0038   0.0089   0.0056  -0.0095
   0.0068  -0.0081  -0.0047   0.9639   0.0028   0.0089  -0.0018  -0.0050   0.0011
  -0.0025   0.0022   0.0098   0.0028   0.9539   0.0008  -0.0055   0.0089   0.0016
  -0.0072  -0.0055   0.0038   0.0089   0.0008   0.9439   0.0091   0.0078   0.0031
   0.0015  -0.0063   0.0089  -0.0018  -0.0055   0.0091   0.9339   0.0083   0.0051
   0.0037   0.0032   0.0056  -0.0050   0.0089   0.0078   0.0083   0.9239   0.0021
   0.0092   0.0094  -0.0095   0.0011   0.0016   0.0031   0.0051   0.0021   0.9139

sum_p_eig,sum_abs_p_eig,sign_condition_number=  1.905979  1.939954  0.642933

psig=   0.8884  -0.2564  -0.2494   0.2121  -0.0175  -0.1295  -0.1019   0.0657   0.0783

p after making eigenvec +ve =
   0.9939   0.0032   0.0056   0.0068   0.0025   0.0072  -0.0015  -0.0037   0.0092
   0.0032   0.9839  -0.0034   0.0081   0.0022  -0.0055  -0.0063   0.0032  -0.0094
   0.0056  -0.0034   0.9739   0.0047   0.0098   0.0038   0.0089   0.0056   0.0095
   0.0068   0.0081   0.0047   0.9639  -0.0028  -0.0089   0.0018   0.0050   0.0011
   0.0025   0.0022   0.0098  -0.0028   0.9539   0.0008  -0.0055   0.0089  -0.0016
   0.0072  -0.0055   0.0038  -0.0089   0.0008   0.9439   0.0091   0.0078  -0.0031
  -0.0015  -0.0063   0.0089   0.0018  -0.0055   0.0091   0.9339   0.0083  -0.0051
  -0.0037   0.0032   0.0056   0.0050   0.0089   0.0078   0.0083   0.9239  -0.0021
   0.0092  -0.0094   0.0095   0.0011  -0.0016  -0.0031  -0.0051  -0.0021   0.9139

1+(E_0*1-H) (i.e. p with tau=1) after making eigenvec +ve =
   0.8463  -0.0800  -0.1401  -0.1696  -0.0630  -0.1789   0.0366   0.0928  -0.2290
  -0.0800   0.5963   0.0859  -0.2028  -0.0542   0.1379   0.1569  -0.0799   0.2353
  -0.1401   0.0859   0.3463  -0.1165  -0.2461  -0.0961  -0.2234  -0.1402  -0.2370
  -0.1696  -0.2028  -0.1165   0.0963   0.0711   0.2226  -0.0454  -0.1250  -0.0263
  -0.0630  -0.0542  -0.2461   0.0711  -0.1537  -0.0210   0.1375  -0.2232   0.0393
  -0.1789   0.1379  -0.0961   0.2226  -0.0210  -0.4037  -0.2276  -0.1955   0.0772
   0.0366   0.1569  -0.2234  -0.0454   0.1375  -0.2276  -0.6537  -0.2075   0.1275
   0.0928  -0.0799  -0.1402  -0.1250  -0.2232  -0.1955  -0.2075  -0.9037   0.0525
  -0.2290   0.2353  -0.2370  -0.0263   0.0393   0.0772   0.1275   0.0525  -1.1537
psi for p    =   0.8957   0.1375   0.3155   0.2159   0.1095   0.0884   0.0127   0.0197   0.1112
psig         =   0.8884   0.2564   0.2494   0.2121   0.0175   0.1295   0.1019  -0.0657   0.0783

E_G= -1.104938

h_imp=
  -1.0000  -0.2771  -0.4992  -0.7104  -3.1928  -1.2276   0.3189  -1.2558  -2.5993
  -0.0231  -0.7500   0.0883  -0.2452  -0.7930   0.2730   0.3950   0.3120   0.7710
  -0.0393   0.0835  -0.5000  -0.1370  -3.5008  -0.1851  -0.5470   0.5325  -0.7552
  -0.0405  -0.1678  -0.0991  -0.2500   0.8600   0.3647  -0.0946   0.4038  -0.0714
  -0.0012  -0.0037  -0.0173   0.0059   0.0000  -0.0028   0.0237   0.0596   0.0088
  -0.0261   0.0696  -0.0499   0.1359  -0.1553   0.2500  -0.2893   0.3856   0.1278
   0.0042   0.0623  -0.0912  -0.0218   0.7988  -0.1790   0.5000   0.3218   0.1660
  -0.0069   0.0205   0.0369   0.0387   0.8357   0.0991   0.1337   0.7500  -0.0441
  -0.0202   0.0718  -0.0744  -0.0097   0.1753   0.0467   0.0980  -0.0626   1.0000

p_imp=
   0.9939   0.0111   0.0200   0.0284   0.1277   0.0491  -0.0128   0.0502   0.1040
   0.0009   0.9839  -0.0035   0.0098   0.0317  -0.0109  -0.0158  -0.0125  -0.0308
   0.0016  -0.0033   0.9739   0.0055   0.1400   0.0074   0.0219  -0.0213   0.0302
   0.0016   0.0067   0.0040   0.9639  -0.0344  -0.0146   0.0038  -0.0162   0.0029
   0.0000   0.0001   0.0007  -0.0002   0.9539   0.0001  -0.0009  -0.0024  -0.0004
   0.0010  -0.0028   0.0020  -0.0054   0.0062   0.9439   0.0116  -0.0154  -0.0051
  -0.0002  -0.0025   0.0036   0.0009  -0.0320   0.0072   0.9339  -0.0129  -0.0066
   0.0003  -0.0008  -0.0015  -0.0015  -0.0334  -0.0040  -0.0053   0.9239   0.0018
   0.0008  -0.0029   0.0030   0.0004  -0.0070  -0.0019  -0.0039   0.0025   0.9139
tau_av_expon_proj    = 6.192820 1.322284 1.045591 0.766551 0.096976 0.420511 0.526273 0.299952 0.220087
tau_av_expon_proj_new= 6.504622 2.476861 1.529668 1.106517 0.866749 0.712384 0.604691 0.525283 0.464309
factor=                1.049103 1.593839 1.372260 1.359666 2.430544 1.506386 1.138467 1.535674 1.692133
factor2=                 1.0503   1.8732   1.4630   1.4435   8.9378   1.6941   1.1490   1.7512   2.1097

eigenvalues of p_imp=  0.907671  0.915529  0.926343  0.947867  0.953044  0.964880  0.978234  0.991087  1.000000
eigenvalues of h_imp=  1.154489  0.958038  0.687698  0.149593  0.020158 -0.275736 -0.609584 -0.930919 -1.153737

eigenval_p,eigenval_h=  1.000000 -1.153737
psi for p_imp=   0.9924   0.0440   0.0981   0.0571   0.0024   0.0143   0.0016  -0.0016   0.0108

imp-sampled: sum_p_eig,sum_abs_p_eig,sign_condition_number=  1.222341  1.227951  0.891836

p_FN1=
   0.9937   0.0111   0.0200   0.0284   0.1277   0.0491   0.0000   0.0502   0.1040
   0.0009   0.9715   0.0000   0.0098   0.0317   0.0000   0.0000   0.0000   0.0000
   0.0016   0.0000   0.9688   0.0055   0.1400   0.0074   0.0219   0.0000   0.0302
   0.0016   0.0067   0.0040   0.9566   0.0000   0.0000   0.0038   0.0000   0.0029
   0.0000   0.0001   0.0007   0.0000   0.8471   0.0001   0.0000   0.0000   0.0000
   0.0010   0.0000   0.0020   0.0000   0.0062   0.9125   0.0116   0.0000   0.0000
   0.0000   0.0000   0.0036   0.0009   0.0000   0.0072   0.8951   0.0000   0.0000
   0.0003   0.0000   0.0000   0.0000   0.0000   0.0000   0.0000   0.8432   0.0018
   0.0008   0.0000   0.0030   0.0004   0.0000   0.0000   0.0000   0.0025   0.8709

eigenvalues of p_FN1=  0.843008  0.846145  0.869544  0.890513  0.915123  0.951839  0.970388  0.973711  0.999208
eigenvalues of h_FN1=  2.771070  2.692629  2.107666  1.583445  0.968176  0.050299 -0.413433 -0.496511 -1.133942

eigenval_p,eigenval_h=  0.999208 -1.133942
psi for p_FN1=   0.9937   0.0534   0.0796   0.0546   0.0007   0.0144   0.0042   0.0018   0.0083
p_L2 =   1.0000   0.9895   1.0021   1.0016   1.1527   0.9763   0.9323   0.8960   1.0097
p_abs_L2 =   1.0001   1.0018   1.0071   1.0088   1.2595   1.0076   0.9711   0.9766   1.0527

p_propos2=
   0.9937   0.0111   0.0198   0.0282   0.1014   0.0487   0.0000   0.0514   0.0988
   0.0009   0.9821   0.0000   0.0097   0.0252   0.0000   0.0000   0.0000   0.0000
   0.0016   0.0000   0.9670   0.0054   0.1112   0.0073   0.0225   0.0000   0.0287
   0.0016   0.0067   0.0039   0.9554   0.0000   0.0000   0.0039   0.0000   0.0027
   0.0000   0.0001   0.0007   0.0000   0.7573   0.0001   0.0000   0.0000   0.0000
   0.0010   0.0000   0.0020   0.0000   0.0049   0.9367   0.0119   0.0000   0.0000
   0.0000   0.0000   0.0036   0.0009   0.0000   0.0071   0.9617   0.0000   0.0000
   0.0003   0.0000   0.0000   0.0000   0.0000   0.0000   0.0000   0.9460   0.0017
   0.0008   0.0000   0.0030   0.0004   0.0000   0.0000   0.0000   0.0026   0.8681

p_markov2=
   0.9938   0.0111   0.0198   0.0282   0.1014   0.0487   0.0000   0.0502   0.0988
   0.0009   0.9822   0.0000   0.0097   0.0252   0.0000   0.0000   0.0000   0.0000
   0.0016   0.0000   0.9673   0.0054   0.1112   0.0073   0.0217   0.0000   0.0287
   0.0016   0.0067   0.0039   0.9554   0.0000   0.0000   0.0037   0.0000   0.0027
   0.0000   0.0001   0.0005   0.0000   0.7573   0.0001   0.0000   0.0000   0.0000
   0.0010   0.0000   0.0020   0.0000   0.0049   0.9367   0.0115   0.0000   0.0000
   0.0000   0.0000   0.0036   0.0009   0.0000   0.0071   0.9630   0.0000   0.0000
   0.0003   0.0000   0.0000   0.0000   0.0000   0.0000   0.0000   0.9474   0.0017
   0.0008   0.0000   0.0028   0.0004   0.0000   0.0000   0.0000   0.0024   0.8681

eigenvalues of p_markov2=  0.756989  0.866756  0.933076  0.947111  0.951675  0.957588  0.975215  0.982869  1.000000
eigenvalues of h_markov2=  4.921536  2.177358  0.519371  0.168498  0.054397 -0.093427 -0.534112 -0.725453 -1.153737

eigenval_p,eigenval_h=  1.000000 -1.153737
psi for p_mar=   0.9915   0.0826   0.0781   0.0565   0.0004   0.0211   0.0130   0.0054   0.0077
psig**2      =   0.9915   0.0826   0.0781   0.0565   0.0004   0.0211   0.0130   0.0054   0.0077
Above 2 lines should be equal since Markov matrix has dominant state psig**2

p_FN3=
   0.9938   0.0109   0.0199   0.0282   0.1169   0.0476   0.0000   0.0450   0.0997
   0.0009   0.9718   0.0000   0.0097   0.0290   0.0000   0.0000   0.0000   0.0000
   0.0016   0.0000   0.9693   0.0054   0.1282   0.0072   0.0203   0.0000   0.0290
   0.0016   0.0066   0.0039   0.9570   0.0000   0.0000   0.0035   0.0000   0.0027
   0.0000   0.0001   0.0006   0.0000   0.8730   0.0001   0.0000   0.0000   0.0000
   0.0010   0.0000   0.0020   0.0000   0.0057   0.9145   0.0107   0.0000   0.0000
   0.0000   0.0000   0.0036   0.0009   0.0000   0.0069   0.8979   0.0000   0.0000
   0.0003   0.0000   0.0000   0.0000   0.0000   0.0000   0.0000   0.8488   0.0017
   0.0008   0.0000   0.0028   0.0004   0.0000   0.0000   0.0000   0.0021   0.8766

eigenvalues of p_FN3=  0.848645  0.871912  0.875455  0.893566  0.916938  0.952255  0.970699  0.973949  0.999187
eigenvalues of h_FN3=  2.630142  2.048455  1.959895  1.507123  0.922804  0.039879 -0.421215 -0.502463 -1.133424

eigenval_p,eigenval_h=  0.999187 -1.133424
psi for p_FN3=   0.9938   0.0536   0.0793   0.0545   0.0007   0.0146   0.0043   0.0019   0.0082

p_FN4=
   0.9937   0.0109   0.0199   0.0282   0.1169   0.0476   0.0000   0.0461   0.0997
   0.0009   0.9718   0.0000   0.0097   0.0290   0.0000   0.0000   0.0000   0.0000
   0.0016   0.0000   0.9690   0.0054   0.1282   0.0072   0.0210   0.0000   0.0290
   0.0016   0.0066   0.0039   0.9570   0.0000   0.0000   0.0036   0.0000   0.0027
   0.0000   0.0001   0.0007   0.0000   0.8730   0.0001   0.0000   0.0000   0.0000
   0.0010   0.0000   0.0020   0.0000   0.0057   0.9145   0.0111   0.0000   0.0000
   0.0000   0.0000   0.0036   0.0009   0.0000   0.0069   0.8966   0.0000   0.0000
   0.0003   0.0000   0.0000   0.0000   0.0000   0.0000   0.0000   0.8476   0.0017
   0.0008   0.0000   0.0030   0.0004   0.0000   0.0000   0.0000   0.0023   0.8766

eigenvalues of p_FN4=  0.847388  0.871646  0.875446  0.892335  0.916844  0.952219  0.970602  0.973896  0.999215
eigenvalues of h_FN4=  2.661551  2.055102  1.960103  1.537890  0.925169  0.040779 -0.418781 -0.501143 -1.134121

eigenval_p,eigenval_h=  0.999215 -1.134121
psi for p_FN4=   0.9936   0.0539   0.0803   0.0550   0.0009   0.0147   0.0043   0.0019   0.0087

E_G, E_FN1, E_FN3, E_FN4, E_0, recover_FN1, recover_FN3, recover_FN4, ovlp_FN1, ovlp_FN3, ovlp_FN4, sign_cond_num= -1.104938 -1.133942 -1.133424 -1.134121 -1.153737 0.594 0.584 0.598 2.E-04 2.E-04 2.E-04 0.892
------------------------------------------------------------

Data set    2

h=
  -1.0000   0.2078   0.2465  -0.1774   0.1550   0.0818   0.1172   0.0597   0.0351
   0.2078  -0.7500   0.0317   0.1078  -0.1529   0.2204  -0.0884   0.0460  -0.1722
   0.2465   0.0317  -0.5000  -0.0188   0.1205   0.0786   0.1065   0.0542  -0.2134
  -0.1774   0.1078  -0.0188  -0.2500   0.1196   0.2078   0.0252   0.1955   0.1204
   0.1550  -0.1529   0.1205   0.1196   0.0000  -0.1889   0.1373  -0.1491  -0.1836
   0.0818   0.2204   0.0786   0.2078  -0.1889   0.2500   0.0471   0.2473  -0.0761
   0.1172  -0.0884   0.1065   0.0252   0.1373   0.0471   0.5000  -0.0512   0.1073
   0.0597   0.0460   0.0542   0.1955  -0.1491   0.2473  -0.0512   0.7500  -0.1677
   0.0351  -0.1722  -0.2134   0.1204  -0.1836  -0.0761   0.1073  -0.1677   1.0000

eigenval_p,eigenval_h=  1.000000 -1.275242
psi for p    =   0.8174  -0.4330  -0.2248   0.2275  -0.1681  -0.0167  -0.0476  -0.0495  -0.0940

eigenvalues of p=  0.901120  0.913651  0.925932  0.939303  0.949861  0.960754  0.970880  0.979413  1.000000
eigenvalues of h=  1.196769  0.883489  0.576467  0.242178 -0.021770 -0.294090 -0.547235 -0.760567 -1.275242
tau, tau_max= 0.040000 0.404529
p=
   0.9890  -0.0083  -0.0099   0.0071  -0.0062  -0.0033  -0.0047  -0.0024  -0.0014
  -0.0083   0.9790  -0.0013  -0.0043   0.0061  -0.0088   0.0035  -0.0018   0.0069
  -0.0099  -0.0013   0.9690   0.0008  -0.0048  -0.0031  -0.0043  -0.0022   0.0085
   0.0071  -0.0043   0.0008   0.9590  -0.0048  -0.0083  -0.0010  -0.0078  -0.0048
  -0.0062   0.0061  -0.0048  -0.0048   0.9490   0.0076  -0.0055   0.0060   0.0073
  -0.0033  -0.0088  -0.0031  -0.0083   0.0076   0.9390  -0.0019  -0.0099   0.0030
  -0.0047   0.0035  -0.0043  -0.0010  -0.0055  -0.0019   0.9290   0.0020  -0.0043
  -0.0024  -0.0018  -0.0022  -0.0078   0.0060  -0.0099   0.0020   0.9190   0.0067
  -0.0014   0.0069   0.0085  -0.0048   0.0073   0.0030  -0.0043   0.0067   0.9090

sum_p_eig,sum_abs_p_eig,sign_condition_number=  2.078525  2.104528  0.732852

psig=   0.8505  -0.3668  -0.1204   0.2412  -0.1959   0.0453  -0.0597  -0.0910  -0.1307

p after making eigenvec +ve =
   0.9890   0.0083   0.0099   0.0071   0.0062   0.0033   0.0047   0.0024   0.0014
   0.0083   0.9790  -0.0013   0.0043   0.0061  -0.0088   0.0035  -0.0018   0.0069
   0.0099  -0.0013   0.9690  -0.0008  -0.0048  -0.0031  -0.0043  -0.0022   0.0085
   0.0071   0.0043  -0.0008   0.9590   0.0048   0.0083   0.0010   0.0078   0.0048
   0.0062   0.0061  -0.0048   0.0048   0.9490   0.0076  -0.0055   0.0060   0.0073
   0.0033  -0.0088  -0.0031   0.0083   0.0076   0.9390  -0.0019  -0.0099   0.0030
   0.0047   0.0035  -0.0043   0.0010  -0.0055  -0.0019   0.9290   0.0020  -0.0043
   0.0024  -0.0018  -0.0022   0.0078   0.0060  -0.0099   0.0020   0.9190   0.0067
   0.0014   0.0069   0.0085   0.0048   0.0073   0.0030  -0.0043   0.0067   0.9090

1+(E_0*1-H) (i.e. p with tau=1) after making eigenvec +ve =
   0.7248  -0.2078  -0.2465  -0.1774  -0.1550  -0.0818  -0.1172  -0.0597  -0.0351
  -0.2078   0.4748   0.0317  -0.1078  -0.1529   0.2204  -0.0884   0.0460  -0.1722
  -0.2465   0.0317   0.2248   0.0188   0.1205   0.0786   0.1065   0.0542  -0.2134
  -0.1774  -0.1078   0.0188  -0.0252  -0.1196  -0.2078  -0.0252  -0.1955  -0.1204
  -0.1550  -0.1529   0.1205  -0.1196  -0.2752  -0.1889   0.1373  -0.1491  -0.1836
  -0.0818   0.2204   0.0786  -0.2078  -0.1889  -0.5252   0.0471   0.2473  -0.0761
  -0.1172  -0.0884   0.1065  -0.0252   0.1373   0.0471  -0.7752  -0.0512   0.1073
  -0.0597   0.0460   0.0542  -0.1955  -0.1491   0.2473  -0.0512  -1.0252  -0.1677
  -0.0351  -0.1722  -0.2134  -0.1204  -0.1836  -0.0761   0.1073  -0.1677  -1.2752
psi for p    =   0.8174   0.4330   0.2248   0.2275   0.1681   0.0167   0.0476   0.0495   0.0940
psig         =   0.8505   0.3668   0.1204   0.2412   0.1959  -0.0453   0.0597   0.0910   0.1307

E_G= -1.244824

h_imp=
  -1.0000  -0.4819  -1.7410  -0.6254  -0.6730   1.5360  -1.6708  -0.5574  -0.2285
  -0.0896  -0.7500   0.0965  -0.1639  -0.2863  -1.7858  -0.5435   0.1854  -0.4829
  -0.0349   0.0104  -0.5000   0.0094   0.0741  -0.2090   0.2149   0.0717  -0.1966
  -0.0503  -0.0709   0.0376  -0.2500  -0.1473   1.1073  -0.1019  -0.5181  -0.2221
  -0.0357  -0.0817   0.1959  -0.0971   0.0000   0.8174   0.4509  -0.3209  -0.2751
   0.0044  -0.0272  -0.0295   0.0390   0.0437   0.2500  -0.0357  -0.1230   0.0264
  -0.0082  -0.0144   0.0528  -0.0062   0.0418  -0.0620   0.5000  -0.0336   0.0490
  -0.0064   0.0114   0.0410  -0.0738  -0.0693  -0.4973  -0.0781   0.7500  -0.1167
  -0.0054  -0.0614  -0.2316  -0.0652  -0.1226   0.2198   0.2350  -0.2408   1.0000

p_imp=
   0.9890   0.0193   0.0696   0.0250   0.0269  -0.0614   0.0668   0.0223   0.0091
   0.0036   0.9790  -0.0039   0.0066   0.0115   0.0714   0.0217  -0.0074   0.0193
   0.0014  -0.0004   0.9690  -0.0004  -0.0030   0.0084  -0.0086  -0.0029   0.0079
   0.0020   0.0028  -0.0015   0.9590   0.0059  -0.0443   0.0041   0.0207   0.0089
   0.0014   0.0033  -0.0078   0.0039   0.9490  -0.0327  -0.0180   0.0128   0.0110
  -0.0002   0.0011   0.0012  -0.0016  -0.0017   0.9390   0.0014   0.0049  -0.0011
   0.0003   0.0006  -0.0021   0.0002  -0.0017   0.0025   0.9290   0.0013  -0.0020
   0.0003  -0.0005  -0.0016   0.0030   0.0028   0.0199   0.0031   0.9190   0.0047
   0.0002   0.0025   0.0093   0.0026   0.0049  -0.0088  -0.0094   0.0096   0.9090
tau_av_expon_proj    = 4.257135 1.317100 0.412214 0.925873 0.685869 0.160392 0.300217 0.487577 0.626031
tau_av_expon_proj_new= 3.633167 1.903884 1.289920 0.975379 0.784165 0.655634 0.563303 0.493768 0.439514
factor=                0.842196 1.360979 1.974735 1.052067 1.133547 2.128383 1.595270 1.012618 0.654180
factor2=                 0.8534   1.4455   3.1292   1.0535   1.1433   4.0877   1.8763   1.0127   0.7021

eigenvalues of p_imp=  0.901120  0.913651  0.925932  0.939303  0.949861  0.960754  0.970880  0.979413  1.000000
eigenvalues of h_imp=  1.196769  0.883489  0.576467  0.242178 -0.021770 -0.294090 -0.547235 -0.760567 -1.275242

eigenval_p,eigenval_h=  1.000000 -1.275242
psi for p_imp=   0.9701   0.2216   0.0378   0.0766   0.0459  -0.0011   0.0040   0.0063   0.0172

imp-sampled: sum_p_eig,sum_abs_p_eig,sign_condition_number=  1.380470  1.383963  0.938770

p_FN1=
   0.9888   0.0193   0.0696   0.0250   0.0269   0.0000   0.0668   0.0223   0.0091
   0.0036   0.9781   0.0000   0.0066   0.0115   0.0714   0.0217   0.0000   0.0193
   0.0014   0.0000   0.9520   0.0000   0.0000   0.0084   0.0000   0.0000   0.0079
   0.0020   0.0028   0.0000   0.9571   0.0059   0.0000   0.0041   0.0207   0.0089
   0.0014   0.0033   0.0000   0.0039   0.9426   0.0000   0.0000   0.0128   0.0110
   0.0000   0.0011   0.0012   0.0000   0.0000   0.7918   0.0014   0.0049   0.0000
   0.0003   0.0006   0.0000   0.0002   0.0000   0.0025   0.8930   0.0013   0.0000
   0.0003   0.0000   0.0000   0.0030   0.0028   0.0199   0.0031   0.9087   0.0047
   0.0002   0.0025   0.0093   0.0026   0.0049   0.0000   0.0000   0.0096   0.9060

eigenvalues of p_FN1=  0.790422  0.892251  0.899641  0.910299  0.941519  0.950961  0.957901  0.975354  0.999692
eigenvalues of h_FN1=  3.964201  1.418482  1.233729  0.967279  0.186787 -0.049271 -0.222773 -0.659097 -1.267553

eigenval_p,eigenval_h=  0.999692 -1.267553
psi for p_FN1=   0.9673   0.2342   0.0314   0.0757   0.0478   0.0016   0.0046   0.0080   0.0169
p_L2 =   0.9980   1.0076   1.0321   0.9983   0.9945   0.8939   0.9902   0.9805   0.9669
p_abs_L2 =   0.9982   1.0085   1.0491   1.0003   1.0009   1.0412   1.0262   0.9907   0.9699

p_propos2=
   0.9908   0.0191   0.0664   0.0250   0.0269   0.0000   0.0651   0.0225   0.0094
   0.0036   0.9708   0.0000   0.0066   0.0114   0.0686   0.0212   0.0000   0.0199
   0.0014   0.0000   0.9237   0.0000   0.0000   0.0080   0.0000   0.0000   0.0081
   0.0020   0.0028   0.0000   0.9587   0.0059   0.0000   0.0040   0.0209   0.0092
   0.0014   0.0032   0.0000   0.0039   0.9481   0.0000   0.0000   0.0130   0.0113
   0.0000   0.0011   0.0011   0.0000   0.0000   0.9019   0.0014   0.0050   0.0000
   0.0003   0.0006   0.0000   0.0002   0.0000   0.0024   0.9053   0.0014   0.0000
   0.0003   0.0000   0.0000   0.0030   0.0028   0.0191   0.0030   0.9276   0.0048
   0.0002   0.0024   0.0088   0.0026   0.0049   0.0000   0.0000   0.0097   0.9372

p_markov2=
   0.9909   0.0191   0.0664   0.0250   0.0269   0.0000   0.0651   0.0223   0.0092
   0.0036   0.9708   0.0000   0.0065   0.0114   0.0686   0.0212   0.0000   0.0192
   0.0013   0.0000   0.9237   0.0000   0.0000   0.0080   0.0000   0.0000   0.0075
   0.0020   0.0028   0.0000   0.9588   0.0059   0.0000   0.0040   0.0207   0.0089
   0.0014   0.0032   0.0000   0.0039   0.9482   0.0000   0.0000   0.0128   0.0110
   0.0000   0.0010   0.0011   0.0000   0.0000   0.9019   0.0014   0.0047   0.0000
   0.0003   0.0006   0.0000   0.0002   0.0000   0.0024   0.9053   0.0013   0.0000
   0.0003   0.0000   0.0000   0.0030   0.0028   0.0191   0.0030   0.9284   0.0047
   0.0002   0.0024   0.0088   0.0026   0.0049   0.0000   0.0000   0.0097   0.9396

eigenvalues of p_markov2=  0.897026  0.904749  0.919134  0.927757  0.938639  0.948144  0.960376  0.971713  1.000000
eigenvalues of h_markov2=  1.299108  1.106044  0.746419  0.530824  0.258788  0.021164 -0.284645 -0.568067 -1.275242

eigenval_p,eigenval_h=  1.000000 -1.275242
psi for p_mar=   0.9782   0.1819   0.0196   0.0787   0.0519   0.0028   0.0048   0.0112   0.0231
psig**2      =   0.9782   0.1819   0.0196   0.0787   0.0519   0.0028   0.0048   0.0112   0.0231
Above 2 lines should be equal since Markov matrix has dominant state psig**2

p_FN3=
   0.9889   0.0193   0.0685   0.0250   0.0267   0.0000   0.0645   0.0219   0.0089
   0.0035   0.9782   0.0000   0.0065   0.0113   0.0613   0.0210   0.0000   0.0185
   0.0013   0.0000   0.9533   0.0000   0.0000   0.0071   0.0000   0.0000   0.0072
   0.0020   0.0028   0.0000   0.9572   0.0059   0.0000   0.0039   0.0203   0.0086
   0.0014   0.0033   0.0000   0.0039   0.9430   0.0000   0.0000   0.0126   0.0106
   0.0000   0.0011   0.0012   0.0000   0.0000   0.8063   0.0014   0.0046   0.0000
   0.0003   0.0006   0.0000   0.0002   0.0000   0.0021   0.8964   0.0013   0.0000
   0.0003   0.0000   0.0000   0.0029   0.0028   0.0171   0.0030   0.9102   0.0046
   0.0002   0.0025   0.0091   0.0026   0.0049   0.0000   0.0000   0.0095   0.9085

eigenvalues of p_FN3=  0.805046  0.895654  0.902042  0.911949  0.941942  0.952207  0.958098  0.975431  0.999651
eigenvalues of h_FN3=  3.598616  1.333396  1.173715  0.926021  0.176197 -0.080417 -0.227683 -0.661016 -1.266529

eigenval_p,eigenval_h=  0.999651 -1.266529
psi for p_FN3=   0.9679   0.2321   0.0307   0.0756   0.0479   0.0017   0.0046   0.0081   0.0172

p_FN4=
   0.9888   0.0193   0.0685   0.0250   0.0267   0.0000   0.0645   0.0221   0.0091
   0.0036   0.9781   0.0000   0.0065   0.0114   0.0613   0.0210   0.0000   0.0193
   0.0014   0.0000   0.9533   0.0000   0.0000   0.0072   0.0000   0.0000   0.0078
   0.0020   0.0028   0.0000   0.9571   0.0059   0.0000   0.0039   0.0205   0.0089
   0.0014   0.0033   0.0000   0.0039   0.9429   0.0000   0.0000   0.0127   0.0110
   0.0000   0.0011   0.0012   0.0000   0.0000   0.8062   0.0014   0.0049   0.0000
   0.0003   0.0006   0.0000   0.0002   0.0000   0.0021   0.8964   0.0013   0.0000
   0.0003   0.0000   0.0000   0.0029   0.0028   0.0171   0.0030   0.9094   0.0047
   0.0002   0.0025   0.0091   0.0026   0.0049   0.0000   0.0000   0.0095   0.9062

eigenvalues of p_FN4=  0.804934  0.895526  0.900159  0.910906  0.941829  0.952106  0.958021  0.975387  0.999698
eigenvalues of h_FN4=  3.601403  1.336599  1.220771  0.952099  0.179043 -0.077896 -0.225770 -0.659924 -1.267691

eigenval_p,eigenval_h=  0.999698 -1.267691
psi for p_FN4=   0.9674   0.2339   0.0323   0.0757   0.0480   0.0017   0.0047   0.0080   0.0169

E_G, E_FN1, E_FN3, E_FN4, E_0, recover_FN1, recover_FN3, recover_FN4, ovlp_FN1, ovlp_FN3, ovlp_FN4, sign_cond_num= -1.244824 -1.267553 -1.266529 -1.267691 -1.275242 0.747 0.714 0.752 1.E-04 9.E-05 1.E-04 0.939
------------------------------------------------------------

Data set    3

h=
  -1.0000   0.0404   0.0718  -0.0811   0.1244  -0.0287  -0.1692  -0.0427  -0.1855
   0.0404  -0.7500   0.0116  -0.1719   0.1516  -0.0466   0.2187  -0.1013   0.0946
   0.0718   0.0116  -0.5000   0.2356  -0.0595  -0.1163   0.2479  -0.1902  -0.0795
  -0.0811  -0.1719   0.2356  -0.2500  -0.0695   0.2271   0.0548   0.1091  -0.0390
   0.1244   0.1516  -0.0595  -0.0695   0.0000  -0.1933  -0.1028  -0.1993  -0.1509
  -0.0287  -0.0466  -0.1163   0.2271  -0.1933   0.2500   0.0086  -0.2237   0.1178
  -0.1692   0.2187   0.2479   0.0548  -0.1028   0.0086   0.5000   0.0091  -0.1426
  -0.0427  -0.1013  -0.1902   0.1091  -0.1993  -0.2237   0.0091   0.7500  -0.1474
  -0.1855   0.0946  -0.0795  -0.0390  -0.1509   0.1178  -0.1426  -0.1474   1.0000

eigenval_p,eigenval_h=  1.000000 -1.090220
psi for p    =   0.9278  -0.1370  -0.2455   0.1362  -0.0797  -0.0542   0.1543  -0.0284   0.0876

eigenvalues of p=  0.910051  0.923327  0.931206  0.940363  0.961967  0.964033  0.984710  0.991865  1.000000
eigenvalues of h=  1.158502  0.826606  0.629632  0.400707 -0.139383 -0.191035 -0.707961 -0.886848 -1.090220
tau, tau_max= 0.040000 0.444697
p=
   0.9964  -0.0016  -0.0029   0.0032  -0.0050   0.0011   0.0068   0.0017   0.0074
  -0.0016   0.9864  -0.0005   0.0069  -0.0061   0.0019  -0.0087   0.0041  -0.0038
  -0.0029  -0.0005   0.9764  -0.0094   0.0024   0.0047  -0.0099   0.0076   0.0032
   0.0032   0.0069  -0.0094   0.9664   0.0028  -0.0091  -0.0022  -0.0044   0.0016
  -0.0050  -0.0061   0.0024   0.0028   0.9564   0.0077   0.0041   0.0080   0.0060
   0.0011   0.0019   0.0047  -0.0091   0.0077   0.9464  -0.0003   0.0089  -0.0047
   0.0068  -0.0087  -0.0099  -0.0022   0.0041  -0.0003   0.9364  -0.0004   0.0057
   0.0017   0.0041   0.0076  -0.0044   0.0080   0.0089  -0.0004   0.9264   0.0059
   0.0074  -0.0038   0.0032   0.0016   0.0060  -0.0047   0.0057   0.0059   0.9164

sum_p_eig,sum_abs_p_eig,sign_condition_number=  1.850582  1.872741  0.742616

psig=   0.9132  -0.2246  -0.1979   0.1050  -0.0045  -0.0707   0.1700  -0.0821   0.1573

p after making eigenvec +ve =
   0.9964   0.0016   0.0029   0.0032   0.0050  -0.0011   0.0068  -0.0017   0.0074
   0.0016   0.9864  -0.0005  -0.0069  -0.0061   0.0019   0.0087   0.0041   0.0038
   0.0029  -0.0005   0.9764   0.0094   0.0024   0.0047   0.0099   0.0076  -0.0032
   0.0032  -0.0069   0.0094   0.9664  -0.0028   0.0091  -0.0022   0.0044   0.0016
   0.0050  -0.0061   0.0024  -0.0028   0.9564   0.0077  -0.0041   0.0080  -0.0060
  -0.0011   0.0019   0.0047   0.0091   0.0077   0.9464   0.0003   0.0089   0.0047
   0.0068   0.0087   0.0099  -0.0022  -0.0041   0.0003   0.9364   0.0004   0.0057
  -0.0017   0.0041   0.0076   0.0044   0.0080   0.0089   0.0004   0.9264  -0.0059
   0.0074   0.0038  -0.0032   0.0016  -0.0060   0.0047   0.0057  -0.0059   0.9164

1+(E_0*1-H) (i.e. p with tau=1) after making eigenvec +ve =
   0.9098  -0.0404  -0.0718  -0.0811  -0.1244   0.0287  -0.1692   0.0427  -0.1855
  -0.0404   0.6598   0.0116   0.1719   0.1516  -0.0466  -0.2187  -0.1013  -0.0946
  -0.0718   0.0116   0.4098  -0.2356  -0.0595  -0.1163  -0.2479  -0.1902   0.0795
  -0.0811   0.1719  -0.2356   0.1598   0.0695  -0.2271   0.0548  -0.1091  -0.0390
  -0.1244   0.1516  -0.0595   0.0695  -0.0902  -0.1933   0.1028  -0.1993   0.1509
   0.0287  -0.0466  -0.1163  -0.2271  -0.1933  -0.3402  -0.0086  -0.2237  -0.1178
  -0.1692  -0.2187  -0.2479   0.0548   0.1028  -0.0086  -0.5902  -0.0091  -0.1426
   0.0427  -0.1013  -0.1902  -0.1091  -0.1993  -0.2237  -0.0091  -0.8402   0.1474
  -0.1855  -0.0946   0.0795  -0.0390   0.1509  -0.1178  -0.1426   0.1474  -1.0902
psi for p    =   0.9278   0.1370   0.2455   0.1362   0.0797   0.0542   0.1543   0.0284   0.0876
psig         =   0.9132   0.2246   0.1979   0.1050   0.0045   0.0707   0.1700   0.0821   0.1573

E_G= -1.067616

h_imp=
  -1.0000  -0.1643  -0.3315  -0.7058 -24.9745   0.3699  -0.9087   0.4748  -1.0768
  -0.0099  -0.7500   0.0132   0.3679   7.4872  -0.1478  -0.2889  -0.2770  -0.1352
  -0.0156   0.0103  -0.5000  -0.4441  -2.5904  -0.3253  -0.2886  -0.4582   0.1000
  -0.0093   0.0803  -0.1250  -0.2500   1.6054  -0.3370   0.0338  -0.1395  -0.0260
  -0.0006   0.0031  -0.0014   0.0030   0.0000  -0.0124   0.0028  -0.0110   0.0044
   0.0022  -0.0147  -0.0416  -0.1530  -3.0062   0.2500  -0.0036  -0.1927  -0.0530
  -0.0315  -0.1655  -0.2130   0.0887   3.8441  -0.0207   0.5000  -0.0188  -0.1541
   0.0038  -0.0370  -0.0789  -0.0854  -3.6007  -0.2598  -0.0044   0.7500   0.0770
  -0.0319  -0.0663   0.0631  -0.0584   5.2177  -0.2619  -0.1319   0.2823   1.0000

p_imp=
   0.9964   0.0066   0.0133   0.0282   0.9990  -0.0148   0.0363  -0.0190   0.0431
   0.0004   0.9864  -0.0005  -0.0147  -0.2995   0.0059   0.0116   0.0111   0.0054
   0.0006  -0.0004   0.9764   0.0178   0.1036   0.0130   0.0115   0.0183  -0.0040
   0.0004  -0.0032   0.0050   0.9664  -0.0642   0.0135  -0.0014   0.0056   0.0010
   0.0000  -0.0001   0.0001  -0.0001   0.9564   0.0005  -0.0001   0.0004  -0.0002
  -0.0001   0.0006   0.0017   0.0061   0.1202   0.9464   0.0001   0.0077   0.0021
   0.0013   0.0066   0.0085  -0.0035  -0.1538   0.0008   0.9364   0.0008   0.0062
  -0.0002   0.0015   0.0032   0.0034   0.1440   0.0104   0.0002   0.9264  -0.0031
   0.0013   0.0027  -0.0025   0.0023  -0.2087   0.0105   0.0053  -0.0113   0.9164
tau_av_expon_proj    = 9.526142 1.846630 1.152561 0.524559 0.019111 0.576375 0.601458 0.539326 0.614829
tau_av_expon_proj_new=11.084036 2.939276 1.694284 1.190165 0.917246 0.746146 0.628844 0.543413 0.478419
factor=                1.150910 1.450255 1.376764 1.749369 2.662232 1.255496 1.044512 1.007551 0.751918
factor2=                 1.1635   1.5917   1.4700   2.2689  47.9961   1.2945   1.0455   1.0076   0.7781

eigenvalues of p_imp=  0.910051  0.923327  0.931206  0.940363  0.961967  0.964033  0.984710  0.991865  1.000000
eigenvalues of h_imp=  1.158502  0.826606  0.629632  0.400707 -0.139383 -0.191035 -0.707961 -0.886848 -1.090220

eigenval_p,eigenval_h=  1.000000 -1.090220
psi for p_imp=   0.9969   0.0362   0.0572   0.0168   0.0004   0.0045   0.0309   0.0027   0.0162

imp-sampled: sum_p_eig,sum_abs_p_eig,sign_condition_number=  1.161894  1.164861  0.938237

p_FN1=
   0.9961   0.0066   0.0133   0.0282   0.9990   0.0000   0.0363   0.0000   0.0431
   0.0004   0.9826   0.0000   0.0000   0.0000   0.0059   0.0116   0.0111   0.0054
   0.0006   0.0000   0.9733   0.0178   0.1036   0.0130   0.0115   0.0183   0.0000
   0.0004   0.0000   0.0050   0.9480   0.0000   0.0135   0.0000   0.0056   0.0010
   0.0000   0.0000   0.0001   0.0000   0.2302   0.0005   0.0000   0.0004   0.0000
   0.0000   0.0006   0.0017   0.0061   0.1202   0.9316   0.0001   0.0077   0.0021
   0.0013   0.0066   0.0085   0.0000   0.0000   0.0008   0.9349   0.0008   0.0062
   0.0000   0.0015   0.0032   0.0034   0.1440   0.0104   0.0002   0.8961   0.0000
   0.0013   0.0027   0.0000   0.0023   0.0000   0.0105   0.0053   0.0000   0.9091

eigenvalues of p_FN1=  0.229996  0.893244  0.906705  0.929059  0.931354  0.949011  0.978776  0.984291  0.999687
eigenvalues of h_FN1= 18.159869  1.578680  1.242160  0.683302  0.625942  0.184515 -0.559608 -0.697484 -1.082403

eigenval_p,eigenval_h=  0.999687 -1.082403
psi for p_FN1=   0.9962   0.0557   0.0524   0.0141   0.0000   0.0041   0.0338   0.0034   0.0185
p_L2 =   1.0001   1.0006   1.0050   1.0059   1.5971   0.9862   1.0000   0.9400   0.9669
p_abs_L2 =   1.0003   1.0043   1.0080   1.0243   2.3233   1.0010   1.0014   0.9703   0.9742

p_propos2=
   0.9960   0.0065   0.0132   0.0276   0.4300   0.0000   0.0363   0.0000   0.0442
   0.0004   0.9822   0.0000   0.0000   0.0000   0.0059   0.0115   0.0114   0.0056
   0.0006   0.0000   0.9686   0.0173   0.0446   0.0130   0.0115   0.0189   0.0000
   0.0004   0.0000   0.0050   0.9435   0.0000   0.0135   0.0000   0.0057   0.0011
   0.0000   0.0000   0.0001   0.0000   0.4117   0.0005   0.0000   0.0005   0.0000
   0.0000   0.0006   0.0016   0.0060   0.0518   0.9455   0.0001   0.0079   0.0022
   0.0013   0.0066   0.0085   0.0000   0.0000   0.0008   0.9351   0.0008   0.0063
   0.0000   0.0015   0.0031   0.0033   0.0620   0.0104   0.0002   0.9548   0.0000
   0.0013   0.0026   0.0000   0.0023   0.0000   0.0105   0.0053   0.0000   0.9407

p_markov2=
   0.9961   0.0065   0.0132   0.0276   0.4300   0.0000   0.0363   0.0000   0.0431
   0.0004   0.9822   0.0000   0.0000   0.0000   0.0059   0.0115   0.0110   0.0054
   0.0006   0.0000   0.9687   0.0173   0.0446   0.0129   0.0115   0.0182   0.0000
   0.0004   0.0000   0.0049   0.9435   0.0000   0.0132   0.0000   0.0054   0.0010
   0.0000   0.0000   0.0000   0.0000   0.4117   0.0002   0.0000   0.0002   0.0000
   0.0000   0.0006   0.0016   0.0060   0.0518   0.9462   0.0001   0.0077   0.0021
   0.0013   0.0066   0.0085   0.0000   0.0000   0.0008   0.9352   0.0008   0.0062
   0.0000   0.0015   0.0031   0.0033   0.0620   0.0104   0.0002   0.9567   0.0000
   0.0013   0.0026   0.0000   0.0023   0.0000   0.0105   0.0053   0.0000   0.9423

eigenvalues of p_markov2=  0.411607  0.928495  0.933986  0.941436  0.947175  0.956980  0.977757  0.984950  1.000000
eigenvalues of h_markov2= 13.619598  0.697406  0.560130  0.373887  0.230402 -0.014713 -0.534144 -0.713981 -1.090220

eigenval_p,eigenval_h=  1.000000 -1.090220
psi for p_mar=   0.9959   0.0603   0.0468   0.0132   0.0000   0.0060   0.0345   0.0081   0.0295
psig**2      =   0.9959   0.0603   0.0468   0.0132   0.0000   0.0060   0.0345   0.0081   0.0295
Above 2 lines should be equal since Markov matrix has dominant state psig**2

p_FN3=
   0.9962   0.0065   0.0132   0.0277   0.6867   0.0000   0.0363   0.0000   0.0416
   0.0004   0.9827   0.0000   0.0000   0.0000   0.0058   0.0115   0.0104   0.0052
   0.0006   0.0000   0.9735   0.0174   0.0712   0.0127   0.0115   0.0171   0.0000
   0.0004   0.0000   0.0049   0.9490   0.0000   0.0130   0.0000   0.0051   0.0010
   0.0000   0.0000   0.0000   0.0000   0.6575   0.0002   0.0000   0.0002   0.0000
   0.0000   0.0006   0.0017   0.0060   0.0827   0.9331   0.0001   0.0072   0.0020
   0.0013   0.0066   0.0085   0.0000   0.0000   0.0008   0.9351   0.0007   0.0060
   0.0000   0.0015   0.0031   0.0034   0.0990   0.0102   0.0002   0.8993   0.0000
   0.0013   0.0026   0.0000   0.0023   0.0000   0.0103   0.0053   0.0000   0.9111

eigenvalues of p_FN3=  0.657297  0.896509  0.908689  0.930474  0.931776  0.949904  0.978911  0.984341  0.999671
eigenvalues of h_FN3=  7.477366  1.497046  1.192547  0.647926  0.615388  0.162188 -0.562985 -0.698740 -1.082007

eigenval_p,eigenval_h=  0.999671 -1.082007
psi for p_FN3=   0.9962   0.0555   0.0521   0.0140   0.0000   0.0041   0.0338   0.0034   0.0189

p_FN4=
   0.9961   0.0065   0.0132   0.0277   0.6867   0.0000   0.0363   0.0000   0.0428
   0.0004   0.9827   0.0000   0.0000   0.0000   0.0058   0.0115   0.0107   0.0054
   0.0006   0.0000   0.9734   0.0174   0.0712   0.0128   0.0115   0.0178   0.0000
   0.0004   0.0000   0.0050   0.9490   0.0000   0.0133   0.0000   0.0054   0.0010
   0.0000   0.0000   0.0001   0.0000   0.6575   0.0005   0.0000   0.0004   0.0000
   0.0000   0.0006   0.0017   0.0060   0.0827   0.9324   0.0001   0.0075   0.0021
   0.0013   0.0066   0.0085   0.0000   0.0000   0.0008   0.9350   0.0007   0.0061
   0.0000   0.0015   0.0031   0.0034   0.0990   0.0102   0.0002   0.8975   0.0000
   0.0013   0.0026   0.0000   0.0023   0.0000   0.0103   0.0053   0.0000   0.9096

eigenvalues of p_FN4=  0.657082  0.894731  0.907168  0.930008  0.931529  0.949818  0.978884  0.984339  0.999708
eigenvalues of h_FN4=  7.482727  1.541510  1.230576  0.659580  0.621561  0.164323 -0.562315 -0.698686 -1.082927

eigenval_p,eigenval_h=  0.999708 -1.082927
psi for p_FN4=   0.9962   0.0558   0.0526   0.0144   0.0001   0.0042   0.0339   0.0035   0.0186

E_G, E_FN1, E_FN3, E_FN4, E_0, recover_FN1, recover_FN3, recover_FN4, ovlp_FN1, ovlp_FN3, ovlp_FN4, sign_cond_num= -1.067616 -1.082403 -1.082007 -1.082927 -1.090220 0.654 0.637 0.677 2.E-04 2.E-04 2.E-04 0.938
------------------------------------------------------------

Data set    4

h=
  -1.0000   0.1492  -0.2338  -0.2177  -0.1953  -0.1935  -0.1441   0.1318   0.2392
   0.1492  -0.7500  -0.0199  -0.2187  -0.0731  -0.1511   0.1065   0.1675  -0.1985
  -0.2338  -0.0199  -0.5000  -0.0046  -0.1655  -0.1104  -0.1226  -0.1790   0.0679
  -0.2177  -0.2187  -0.0046  -0.2500   0.2048  -0.1071  -0.0817   0.1570  -0.0264
  -0.1953  -0.0731  -0.1655   0.2048   0.0000  -0.1087   0.0397  -0.0754   0.0547
  -0.1935  -0.1511  -0.1104  -0.1071  -0.1087   0.2500  -0.2439   0.0691  -0.0416
  -0.1441   0.1065  -0.1226  -0.0817   0.0397  -0.2439   0.5000  -0.0434   0.1540
   0.1318   0.1675  -0.1790   0.1570  -0.0754   0.0691  -0.0434   0.7500  -0.2259
   0.2392  -0.1985   0.0679  -0.0264   0.0547  -0.0416   0.1540  -0.2259   1.0000

eigenval_p,eigenval_h=  1.000000 -1.288178
psi for p    =   0.8687  -0.1664   0.3331   0.1475   0.1540   0.1580   0.1377  -0.0354  -0.1270

eigenvalues of p=  0.899204  0.920762  0.922921  0.938278  0.941844  0.958312  0.970241  0.984694  1.000000
eigenvalues of h=  1.231728  0.692767  0.638787  0.254868  0.165714 -0.245972 -0.544198 -0.905517 -1.288178
tau, tau_max= 0.040000 0.396840
p=
   0.9885  -0.0060   0.0094   0.0087   0.0078   0.0077   0.0058  -0.0053  -0.0096
  -0.0060   0.9785   0.0008   0.0087   0.0029   0.0060  -0.0043  -0.0067   0.0079
   0.0094   0.0008   0.9685   0.0002   0.0066   0.0044   0.0049   0.0072  -0.0027
   0.0087   0.0087   0.0002   0.9585  -0.0082   0.0043   0.0033  -0.0063   0.0011
   0.0078   0.0029   0.0066  -0.0082   0.9485   0.0043  -0.0016   0.0030  -0.0022
   0.0077   0.0060   0.0044   0.0043   0.0043   0.9385   0.0098  -0.0028   0.0017
   0.0058  -0.0043   0.0049   0.0033  -0.0016   0.0098   0.9285   0.0017  -0.0062
  -0.0053  -0.0067   0.0072  -0.0063   0.0030  -0.0028   0.0017   0.9185   0.0090
  -0.0096   0.0079  -0.0027   0.0011  -0.0022   0.0017  -0.0062   0.0090   0.9085

sum_p_eig,sum_abs_p_eig,sign_condition_number=  2.127697  2.156890  0.711287

psig=   0.8996  -0.2246   0.2591   0.0597   0.1816   0.1034   0.1473   0.0308  -0.0580

p after making eigenvec +ve =
   0.9885   0.0060   0.0094   0.0087   0.0078   0.0077   0.0058   0.0053   0.0096
   0.0060   0.9785  -0.0008  -0.0087  -0.0029  -0.0060   0.0043  -0.0067   0.0079
   0.0094  -0.0008   0.9685   0.0002   0.0066   0.0044   0.0049  -0.0072   0.0027
   0.0087  -0.0087   0.0002   0.9585  -0.0082   0.0043   0.0033   0.0063  -0.0011
   0.0078  -0.0029   0.0066  -0.0082   0.9485   0.0043  -0.0016  -0.0030   0.0022
   0.0077  -0.0060   0.0044   0.0043   0.0043   0.9385   0.0098   0.0028  -0.0017
   0.0058   0.0043   0.0049   0.0033  -0.0016   0.0098   0.9285  -0.0017   0.0062
   0.0053  -0.0067  -0.0072   0.0063  -0.0030   0.0028  -0.0017   0.9185   0.0090
   0.0096   0.0079   0.0027  -0.0011   0.0022  -0.0017   0.0062   0.0090   0.9085

1+(E_0*1-H) (i.e. p with tau=1) after making eigenvec +ve =
   0.7118  -0.1492  -0.2338  -0.2177  -0.1953  -0.1935  -0.1441  -0.1318  -0.2392
  -0.1492   0.4618   0.0199   0.2187   0.0731   0.1511  -0.1065   0.1675  -0.1985
  -0.2338   0.0199   0.2118  -0.0046  -0.1655  -0.1104  -0.1226   0.1790  -0.0679
  -0.2177   0.2187  -0.0046  -0.0382   0.2048  -0.1071  -0.0817  -0.1570   0.0264
  -0.1953   0.0731  -0.1655   0.2048  -0.2882  -0.1087   0.0397   0.0754  -0.0547
  -0.1935   0.1511  -0.1104  -0.1071  -0.1087  -0.5382  -0.2439  -0.0691   0.0416
  -0.1441  -0.1065  -0.1226  -0.0817   0.0397  -0.2439  -0.7882   0.0434  -0.1540
  -0.1318   0.1675   0.1790  -0.1570   0.0754  -0.0691   0.0434  -1.0382  -0.2259
