Input hamiltonian
hamiltonian=random                                                                          
Input ndim, E_T, tau
ndim, E_T, tau=    9-20.000000 0.020000
Input fraction_positive, off_diag_mag, psig_noise
fraction_positive, off_diag_mag,psig_noise= 0.500000 0.500000 0.200000
Input irand_seed
irand_seed=1425565376542456

Data set    1

h=
  -1.0000   0.0800   0.1401  -0.1696   0.0630   0.1789  -0.0366  -0.0928  -0.2290
   0.0800  -0.7500   0.0859   0.2028  -0.0542   0.1379   0.1569  -0.0799  -0.2353
   0.1401   0.0859  -0.5000   0.1165  -0.2461  -0.0961  -0.2234  -0.1402   0.2370
  -0.1696   0.2028   0.1165  -0.2500  -0.0711  -0.2226   0.0454   0.1250  -0.0263
   0.0630  -0.0542  -0.2461  -0.0711   0.0000  -0.0210   0.1375  -0.2232  -0.0393
   0.1789   0.1379  -0.0961  -0.2226  -0.0210   0.2500  -0.2276  -0.1955  -0.0772
  -0.0366   0.1569  -0.2234   0.0454   0.1375  -0.2276   0.5000  -0.2075  -0.1275
  -0.0928  -0.0799  -0.1402   0.1250  -0.2232  -0.1955  -0.2075   0.7500  -0.0525
  -0.2290  -0.2353   0.2370  -0.0263  -0.0393  -0.0772  -0.1275  -0.0525   1.0000

eigenval_p,eigenval_h=  1.000000 -1.153737
psi for p    =   0.8957  -0.1375  -0.3155   0.2159  -0.1095  -0.0884  -0.0127  -0.0197   0.1112

eigenvalues of p=  0.953835  0.957765  0.963171  0.973933  0.976522  0.982440  0.989117  0.995544  1.000000
eigenvalues of h=  1.154489  0.958038  0.687698  0.149593  0.020158 -0.275736 -0.609584 -0.930919 -1.153737
tau, tau_max= 0.020000 0.433233
p=
   0.9969  -0.0016  -0.0028   0.0034  -0.0013  -0.0036   0.0007   0.0019   0.0046
  -0.0016   0.9919  -0.0017  -0.0041   0.0011  -0.0028  -0.0031   0.0016   0.0047
  -0.0028  -0.0017   0.9869  -0.0023   0.0049   0.0019   0.0045   0.0028  -0.0047
   0.0034  -0.0041  -0.0023   0.9819   0.0014   0.0045  -0.0009  -0.0025   0.0005
  -0.0013   0.0011   0.0049   0.0014   0.9769   0.0004  -0.0028   0.0045   0.0008
  -0.0036  -0.0028   0.0019   0.0045   0.0004   0.9719   0.0046   0.0039   0.0015
   0.0007  -0.0031   0.0045  -0.0009  -0.0028   0.0046   0.9669   0.0041   0.0026
   0.0019   0.0016   0.0028  -0.0025   0.0045   0.0039   0.0041   0.9619   0.0011
   0.0046   0.0047  -0.0047   0.0005   0.0008   0.0015   0.0026   0.0011   0.9569

sum_p_eig,sum_abs_p_eig,sign_condition_number=  1.905979  1.922966  0.641680

psig=   0.8884  -0.2564  -0.2494   0.2121  -0.0175  -0.1295  -0.1019   0.0657   0.0783

p after making eigenvec +ve =
   0.9969   0.0016   0.0028   0.0034   0.0013   0.0036  -0.0007  -0.0019   0.0046
   0.0016   0.9919  -0.0017   0.0041   0.0011  -0.0028  -0.0031   0.0016  -0.0047
   0.0028  -0.0017   0.9869   0.0023   0.0049   0.0019   0.0045   0.0028   0.0047
   0.0034   0.0041   0.0023   0.9819  -0.0014  -0.0045   0.0009   0.0025   0.0005
   0.0013   0.0011   0.0049  -0.0014   0.9769   0.0004  -0.0028   0.0045  -0.0008
   0.0036  -0.0028   0.0019  -0.0045   0.0004   0.9719   0.0046   0.0039  -0.0015
  -0.0007  -0.0031   0.0045   0.0009  -0.0028   0.0046   0.9669   0.0041  -0.0026
  -0.0019   0.0016   0.0028   0.0025   0.0045   0.0039   0.0041   0.9619  -0.0011
   0.0046  -0.0047   0.0047   0.0005  -0.0008  -0.0015  -0.0026  -0.0011   0.9569

1+(E_0*1-H) (i.e. p with tau=1) after making eigenvec +ve =
   0.8463  -0.0800  -0.1401  -0.1696  -0.0630  -0.1789   0.0366   0.0928  -0.2290
  -0.0800   0.5963   0.0859  -0.2028  -0.0542   0.1379   0.1569  -0.0799   0.2353
  -0.1401   0.0859   0.3463  -0.1165  -0.2461  -0.0961  -0.2234  -0.1402  -0.2370
  -0.1696  -0.2028  -0.1165   0.0963   0.0711   0.2226  -0.0454  -0.1250  -0.0263
  -0.0630  -0.0542  -0.2461   0.0711  -0.1537  -0.0210   0.1375  -0.2232   0.0393
  -0.1789   0.1379  -0.0961   0.2226  -0.0210  -0.4037  -0.2276  -0.1955   0.0772
   0.0366   0.1569  -0.2234  -0.0454   0.1375  -0.2276  -0.6537  -0.2075   0.1275
   0.0928  -0.0799  -0.1402  -0.1250  -0.2232  -0.1955  -0.2075  -0.9037   0.0525
  -0.2290   0.2353  -0.2370  -0.0263   0.0393   0.0772   0.1275   0.0525  -1.1537
psi for p    =   0.8957   0.1375   0.3155   0.2159   0.1095   0.0884   0.0127   0.0197   0.1112
psig         =   0.8884   0.2564   0.2494   0.2121   0.0175   0.1295   0.1019  -0.0657   0.0783

E_G= -1.104938

h_imp=
  -1.0000  -0.2771  -0.4992  -0.7104  -3.1928  -1.2276   0.3189  -1.2558  -2.5993
  -0.0231  -0.7500   0.0883  -0.2452  -0.7930   0.2730   0.3950   0.3120   0.7710
  -0.0393   0.0835  -0.5000  -0.1370  -3.5008  -0.1851  -0.5470   0.5325  -0.7552
  -0.0405  -0.1678  -0.0991  -0.2500   0.8600   0.3647  -0.0946   0.4038  -0.0714
  -0.0012  -0.0037  -0.0173   0.0059   0.0000  -0.0028   0.0237   0.0596   0.0088
  -0.0261   0.0696  -0.0499   0.1359  -0.1553   0.2500  -0.2893   0.3856   0.1278
   0.0042   0.0623  -0.0912  -0.0218   0.7988  -0.1790   0.5000   0.3218   0.1660
  -0.0069   0.0205   0.0369   0.0387   0.8357   0.0991   0.1337   0.7500  -0.0441
  -0.0202   0.0718  -0.0744  -0.0097   0.1753   0.0467   0.0980  -0.0626   1.0000

p_imp=
   0.9969   0.0055   0.0100   0.0142   0.0639   0.0246  -0.0064   0.0251   0.0520
   0.0005   0.9919  -0.0018   0.0049   0.0159  -0.0055  -0.0079  -0.0062  -0.0154
   0.0008  -0.0017   0.9869   0.0027   0.0700   0.0037   0.0109  -0.0107   0.0151
   0.0008   0.0034   0.0020   0.9819  -0.0172  -0.0073   0.0019  -0.0081   0.0014
   0.0000   0.0001   0.0003  -0.0001   0.9769   0.0001  -0.0005  -0.0012  -0.0002
   0.0005  -0.0014   0.0010  -0.0027   0.0031   0.9719   0.0058  -0.0077  -0.0026
  -0.0001  -0.0012   0.0018   0.0004  -0.0160   0.0036   0.9669  -0.0064  -0.0033
   0.0001  -0.0004  -0.0007  -0.0008  -0.0167  -0.0020  -0.0027   0.9619   0.0009
   0.0004  -0.0014   0.0015   0.0002  -0.0035  -0.0009  -0.0020   0.0013   0.9569
tau_av_expon_proj    = 6.192820 1.322284 1.045591 0.766551 0.096976 0.420511 0.526273 0.299952 0.220087
tau_av_expon_proj_new= 6.504622 2.476861 1.529668 1.106517 0.866749 0.712384 0.604691 0.525283 0.464309
factor=                1.049103 1.593839 1.372260 1.359666 2.430544 1.506386 1.138467 1.535674 1.692133
factor2=                 1.0503   1.8732   1.4630   1.4435   8.9378   1.6941   1.1490   1.7512   2.1097

eigenvalues of p_imp=  0.953835  0.957765  0.963171  0.973933  0.976522  0.982440  0.989117  0.995544  1.000000
eigenvalues of h_imp=  1.154489  0.958038  0.687698  0.149593  0.020158 -0.275736 -0.609584 -0.930919 -1.153737

eigenval_p,eigenval_h=  1.000000 -1.153737
psi for p_imp=   0.9924   0.0440   0.0981   0.0571   0.0024   0.0143   0.0016  -0.0016   0.0108

imp-sampled: sum_p_eig,sum_abs_p_eig,sign_condition_number=  1.222341  1.225146  0.891719

p_FN1=
   0.9968   0.0055   0.0100   0.0142   0.0639   0.0246   0.0000   0.0251   0.0520
   0.0005   0.9858   0.0000   0.0049   0.0159   0.0000   0.0000   0.0000   0.0000
   0.0008   0.0000   0.9844   0.0027   0.0700   0.0037   0.0109   0.0000   0.0151
   0.0008   0.0034   0.0020   0.9783   0.0000   0.0000   0.0019   0.0000   0.0014
   0.0000   0.0001   0.0003   0.0000   0.9235   0.0001   0.0000   0.0000   0.0000
   0.0005   0.0000   0.0010   0.0000   0.0031   0.9563   0.0058   0.0000   0.0000
   0.0000   0.0000   0.0018   0.0004   0.0000   0.0036   0.9475   0.0000   0.0000
   0.0001   0.0000   0.0000   0.0000   0.0000   0.0000   0.0000   0.9216   0.0009
   0.0004   0.0000   0.0015   0.0002   0.0000   0.0000   0.0000   0.0013   0.9355

eigenvalues of p_FN1=  0.921504  0.923073  0.934772  0.945256  0.957562  0.975919  0.985194  0.986855  0.999604
eigenvalues of h_FN1=  2.771070  2.692629  2.107666  1.583445  0.968176  0.050299 -0.413433 -0.496511 -1.133942

eigenval_p,eigenval_h=  0.999604 -1.133942
psi for p_FN1=   0.9937   0.0534   0.0796   0.0546   0.0007   0.0144   0.0042   0.0018   0.0083
p_L2 =   1.0000   0.9947   1.0010   1.0008   1.0764   0.9881   0.9662   0.9480   1.0049
p_abs_L2 =   1.0001   1.0009   1.0035   1.0044   1.1298   1.0038   0.9855   0.9883   1.0263

p_propos2=
   0.9969   0.0055   0.0099   0.0141   0.0565   0.0245   0.0000   0.0254   0.0507
   0.0005   0.9910   0.0000   0.0049   0.0140   0.0000   0.0000   0.0000   0.0000
   0.0008   0.0000   0.9834   0.0027   0.0620   0.0037   0.0111   0.0000   0.0147
   0.0008   0.0034   0.0020   0.9776   0.0000   0.0000   0.0019   0.0000   0.0014
   0.0000   0.0001   0.0003   0.0000   0.8647   0.0001   0.0000   0.0000   0.0000
   0.0005   0.0000   0.0010   0.0000   0.0027   0.9682   0.0059   0.0000   0.0000
   0.0000   0.0000   0.0018   0.0004   0.0000   0.0036   0.9811   0.0000   0.0000
   0.0001   0.0000   0.0000   0.0000   0.0000   0.0000   0.0000   0.9733   0.0009
   0.0004   0.0000   0.0015   0.0002   0.0000   0.0000   0.0000   0.0013   0.9324

p_markov2=
   0.9969   0.0055   0.0099   0.0141   0.0565   0.0245   0.0000   0.0251   0.0507
   0.0005   0.9911   0.0000   0.0049   0.0140   0.0000   0.0000   0.0000   0.0000
   0.0008   0.0000   0.9835   0.0027   0.0620   0.0037   0.0109   0.0000   0.0147
   0.0008   0.0033   0.0020   0.9776   0.0000   0.0000   0.0019   0.0000   0.0014
   0.0000   0.0001   0.0003   0.0000   0.8647   0.0001   0.0000   0.0000   0.0000
   0.0005   0.0000   0.0010   0.0000   0.0027   0.9682   0.0058   0.0000   0.0000
   0.0000   0.0000   0.0018   0.0004   0.0000   0.0036   0.9815   0.0000   0.0000
   0.0001   0.0000   0.0000   0.0000   0.0000   0.0000   0.0000   0.9737   0.0009
   0.0004   0.0000   0.0014   0.0002   0.0000   0.0000   0.0000   0.0012   0.9324

eigenvalues of p_markov2=  0.864541  0.931671  0.966406  0.973523  0.975727  0.978697  0.987538  0.991410  1.000000
eigenvalues of h_markov2=  5.619204  2.262692  0.525957  0.170138  0.059897 -0.088589 -0.530633 -0.724243 -1.153737

eigenval_p,eigenval_h=  1.000000 -1.153737
psi for p_mar=   0.9915   0.0826   0.0781   0.0565   0.0004   0.0211   0.0130   0.0054   0.0077
psig**2      =   0.9915   0.0826   0.0781   0.0565   0.0004   0.0211   0.0130   0.0054   0.0077
Above 2 lines should be equal since Markov matrix has dominant state psig**2

p_FN3=
   0.9969   0.0055   0.0100   0.0142   0.0608   0.0242   0.0000   0.0238   0.0509
   0.0005   0.9858   0.0000   0.0049   0.0151   0.0000   0.0000   0.0000   0.0000
   0.0008   0.0000   0.9845   0.0027   0.0667   0.0036   0.0105   0.0000   0.0148
   0.0008   0.0033   0.0020   0.9784   0.0000   0.0000   0.0018   0.0000   0.0014
   0.0000   0.0001   0.0003   0.0000   0.9307   0.0000   0.0000   0.0000   0.0000
   0.0005   0.0000   0.0010   0.0000   0.0030   0.9568   0.0056   0.0000   0.0000
   0.0000   0.0000   0.0018   0.0004   0.0000   0.0035   0.9482   0.0000   0.0000
   0.0001   0.0000   0.0000   0.0000   0.0000   0.0000   0.0000   0.9230   0.0009
   0.0004   0.0000   0.0015   0.0002   0.0000   0.0000   0.0000   0.0012   0.9369

eigenvalues of p_FN3=  0.922916  0.930298  0.936250  0.946022  0.958018  0.976024  0.985275  0.986916  0.999599
eigenvalues of h_FN3=  2.700461  2.331388  2.033768  1.545186  0.945366  0.045057 -0.417489 -0.499530 -1.133685

eigenval_p,eigenval_h=  0.999599 -1.133685
psi for p_FN3=   0.9938   0.0535   0.0795   0.0545   0.0007   0.0145   0.0043   0.0019   0.0083

p_FN4=
   0.9968   0.0055   0.0100   0.0142   0.0608   0.0242   0.0000   0.0241   0.0509
   0.0005   0.9858   0.0000   0.0049   0.0151   0.0000   0.0000   0.0000   0.0000
   0.0008   0.0000   0.9845   0.0027   0.0667   0.0036   0.0107   0.0000   0.0148
   0.0008   0.0033   0.0020   0.9784   0.0000   0.0000   0.0019   0.0000   0.0014
   0.0000   0.0001   0.0003   0.0000   0.9307   0.0001   0.0000   0.0000   0.0000
   0.0005   0.0000   0.0010   0.0000   0.0030   0.9568   0.0057   0.0000   0.0000
   0.0000   0.0000   0.0018   0.0004   0.0000   0.0035   0.9479   0.0000   0.0000
   0.0001   0.0000   0.0000   0.0000   0.0000   0.0000   0.0000   0.9227   0.0009
   0.0004   0.0000   0.0015   0.0002   0.0000   0.0000   0.0000   0.0012   0.9369

eigenvalues of p_FN4=  0.922587  0.930239  0.936238  0.945706  0.957992  0.976015  0.985248  0.986902  0.999606
eigenvalues of h_FN4=  2.716936  2.334294  2.034377  1.560952  0.946652  0.045525 -0.416124 -0.498831 -1.134040

eigenval_p,eigenval_h=  0.999606 -1.134040
psi for p_FN4=   0.9937   0.0536   0.0800   0.0548   0.0008   0.0146   0.0043   0.0019   0.0085

E_G, E_FN1, E_FN3, E_FN4, E_0, recover_FN1, recover_FN3, recover_FN4, ovlp_FN1, ovlp_FN3, ovlp_FN4, sign_cond_num= -1.104938 -1.133942 -1.133685 -1.134040 -1.153737 0.594 0.589 0.596 2.E-04 2.E-04 2.E-04 0.892
------------------------------------------------------------

Data set    2

h=
  -1.0000   0.2078   0.2465  -0.1774   0.1550   0.0818   0.1172   0.0597   0.0351
   0.2078  -0.7500   0.0317   0.1078  -0.1529   0.2204  -0.0884   0.0460  -0.1722
   0.2465   0.0317  -0.5000  -0.0188   0.1205   0.0786   0.1065   0.0542  -0.2134
  -0.1774   0.1078  -0.0188  -0.2500   0.1196   0.2078   0.0252   0.1955   0.1204
   0.1550  -0.1529   0.1205   0.1196   0.0000  -0.1889   0.1373  -0.1491  -0.1836
   0.0818   0.2204   0.0786   0.2078  -0.1889   0.2500   0.0471   0.2473  -0.0761
   0.1172  -0.0884   0.1065   0.0252   0.1373   0.0471   0.5000  -0.0512   0.1073
   0.0597   0.0460   0.0542   0.1955  -0.1491   0.2473  -0.0512   0.7500  -0.1677
   0.0351  -0.1722  -0.2134   0.1204  -0.1836  -0.0761   0.1073  -0.1677   1.0000

eigenval_p,eigenval_h=  1.000000 -1.275242
psi for p    =   0.8174  -0.4330  -0.2248   0.2275  -0.1681  -0.0167  -0.0476  -0.0495  -0.0940

eigenvalues of p=  0.950560  0.956825  0.962966  0.969652  0.974931  0.980377  0.985440  0.989706  1.000000
eigenvalues of h=  1.196769  0.883489  0.576467  0.242178 -0.021770 -0.294090 -0.547235 -0.760567 -1.275242
tau, tau_max= 0.020000 0.404529
p=
   0.9945  -0.0042  -0.0049   0.0035  -0.0031  -0.0016  -0.0023  -0.0012  -0.0007
  -0.0042   0.9895  -0.0006  -0.0022   0.0031  -0.0044   0.0018  -0.0009   0.0034
  -0.0049  -0.0006   0.9845   0.0004  -0.0024  -0.0016  -0.0021  -0.0011   0.0043
   0.0035  -0.0022   0.0004   0.9795  -0.0024  -0.0042  -0.0005  -0.0039  -0.0024
  -0.0031   0.0031  -0.0024  -0.0024   0.9745   0.0038  -0.0027   0.0030   0.0037
  -0.0016  -0.0044  -0.0016  -0.0042   0.0038   0.9695  -0.0009  -0.0049   0.0015
  -0.0023   0.0018  -0.0021  -0.0005  -0.0027  -0.0009   0.9645   0.0010  -0.0021
  -0.0012  -0.0009  -0.0011  -0.0039   0.0030  -0.0049   0.0010   0.9595   0.0034
  -0.0007   0.0034   0.0043  -0.0024   0.0037   0.0015  -0.0021   0.0034   0.9545

sum_p_eig,sum_abs_p_eig,sign_condition_number=  2.078525  2.091526  0.732144

psig=   0.8505  -0.3668  -0.1204   0.2412  -0.1959   0.0453  -0.0597  -0.0910  -0.1307

p after making eigenvec +ve =
   0.9945   0.0042   0.0049   0.0035   0.0031   0.0016   0.0023   0.0012   0.0007
   0.0042   0.9895  -0.0006   0.0022   0.0031  -0.0044   0.0018  -0.0009   0.0034
   0.0049  -0.0006   0.9845  -0.0004  -0.0024  -0.0016  -0.0021  -0.0011   0.0043
   0.0035   0.0022  -0.0004   0.9795   0.0024   0.0042   0.0005   0.0039   0.0024
   0.0031   0.0031  -0.0024   0.0024   0.9745   0.0038  -0.0027   0.0030   0.0037
   0.0016  -0.0044  -0.0016   0.0042   0.0038   0.9695  -0.0009  -0.0049   0.0015
   0.0023   0.0018  -0.0021   0.0005  -0.0027  -0.0009   0.9645   0.0010  -0.0021
   0.0012  -0.0009  -0.0011   0.0039   0.0030  -0.0049   0.0010   0.9595   0.0034
   0.0007   0.0034   0.0043   0.0024   0.0037   0.0015  -0.0021   0.0034   0.9545

1+(E_0*1-H) (i.e. p with tau=1) after making eigenvec +ve =
   0.7248  -0.2078  -0.2465  -0.1774  -0.1550  -0.0818  -0.1172  -0.0597  -0.0351
  -0.2078   0.4748   0.0317  -0.1078  -0.1529   0.2204  -0.0884   0.0460  -0.1722
  -0.2465   0.0317   0.2248   0.0188   0.1205   0.0786   0.1065   0.0542  -0.2134
  -0.1774  -0.1078   0.0188  -0.0252  -0.1196  -0.2078  -0.0252  -0.1955  -0.1204
  -0.1550  -0.1529   0.1205  -0.1196  -0.2752  -0.1889   0.1373  -0.1491  -0.1836
  -0.0818   0.2204   0.0786  -0.2078  -0.1889  -0.5252   0.0471   0.2473  -0.0761
  -0.1172  -0.0884   0.1065  -0.0252   0.1373   0.0471  -0.7752  -0.0512   0.1073
  -0.0597   0.0460   0.0542  -0.1955  -0.1491   0.2473  -0.0512  -1.0252  -0.1677
  -0.0351  -0.1722  -0.2134  -0.1204  -0.1836  -0.0761   0.1073  -0.1677  -1.2752
psi for p    =   0.8174   0.4330   0.2248   0.2275   0.1681   0.0167   0.0476   0.0495   0.0940
psig         =   0.8505   0.3668   0.1204   0.2412   0.1959  -0.0453   0.0597   0.0910   0.1307

E_G= -1.244824

h_imp=
  -1.0000  -0.4819  -1.7410  -0.6254  -0.6730   1.5360  -1.6708  -0.5574  -0.2285
  -0.0896  -0.7500   0.0965  -0.1639  -0.2863  -1.7858  -0.5435   0.1854  -0.4829
  -0.0349   0.0104  -0.5000   0.0094   0.0741  -0.2090   0.2149   0.0717  -0.1966
  -0.0503  -0.0709   0.0376  -0.2500  -0.1473   1.1073  -0.1019  -0.5181  -0.2221
  -0.0357  -0.0817   0.1959  -0.0971   0.0000   0.8174   0.4509  -0.3209  -0.2751
   0.0044  -0.0272  -0.0295   0.0390   0.0437   0.2500  -0.0357  -0.1230   0.0264
  -0.0082  -0.0144   0.0528  -0.0062   0.0418  -0.0620   0.5000  -0.0336   0.0490
  -0.0064   0.0114   0.0410  -0.0738  -0.0693  -0.4973  -0.0781   0.7500  -0.1167
  -0.0054  -0.0614  -0.2316  -0.0652  -0.1226   0.2198   0.2350  -0.2408   1.0000

p_imp=
   0.9945   0.0096   0.0348   0.0125   0.0135  -0.0307   0.0334   0.0111   0.0046
   0.0018   0.9895  -0.0019   0.0033   0.0057   0.0357   0.0109  -0.0037   0.0097
   0.0007  -0.0002   0.9845  -0.0002  -0.0015   0.0042  -0.0043  -0.0014   0.0039
   0.0010   0.0014  -0.0008   0.9795   0.0029  -0.0221   0.0020   0.0104   0.0044
   0.0007   0.0016  -0.0039   0.0019   0.9745  -0.0163  -0.0090   0.0064   0.0055
  -0.0001   0.0005   0.0006  -0.0008  -0.0009   0.9695   0.0007   0.0025  -0.0005
   0.0002   0.0003  -0.0011   0.0001  -0.0008   0.0012   0.9645   0.0007  -0.0010
   0.0001  -0.0002  -0.0008   0.0015   0.0014   0.0099   0.0016   0.9595   0.0023
   0.0001   0.0012   0.0046   0.0013   0.0025  -0.0044  -0.0047   0.0048   0.9545
tau_av_expon_proj    = 4.257135 1.317100 0.412214 0.925873 0.685869 0.160392 0.300217 0.487577 0.626031
tau_av_expon_proj_new= 3.633167 1.903884 1.289920 0.975379 0.784165 0.655634 0.563303 0.493768 0.439514
factor=                0.842196 1.360979 1.974735 1.052067 1.133547 2.128383 1.595270 1.012618 0.654180
factor2=                 0.8534   1.4455   3.1292   1.0535   1.1433   4.0877   1.8763   1.0127   0.7021

eigenvalues of p_imp=  0.950560  0.956825  0.962966  0.969652  0.974931  0.980377  0.985440  0.989706  1.000000
eigenvalues of h_imp=  1.196769  0.883489  0.576467  0.242178 -0.021770 -0.294090 -0.547235 -0.760567 -1.275242

eigenval_p,eigenval_h=  1.000000 -1.275242
psi for p_imp=   0.9701   0.2216   0.0378   0.0766   0.0459  -0.0011   0.0040   0.0063   0.0172

imp-sampled: sum_p_eig,sum_abs_p_eig,sign_condition_number=  1.380470  1.382216  0.938733

p_FN1=
   0.9944   0.0096   0.0348   0.0125   0.0135   0.0000   0.0334   0.0111   0.0046
   0.0018   0.9891   0.0000   0.0033   0.0057   0.0357   0.0109   0.0000   0.0097
   0.0007   0.0000   0.9760   0.0000   0.0000   0.0042   0.0000   0.0000   0.0039
   0.0010   0.0014   0.0000   0.9785   0.0029   0.0000   0.0020   0.0104   0.0044
   0.0007   0.0016   0.0000   0.0019   0.9713   0.0000   0.0000   0.0064   0.0055
   0.0000   0.0005   0.0006   0.0000   0.0000   0.8959   0.0007   0.0025   0.0000
   0.0002   0.0003   0.0000   0.0001   0.0000   0.0012   0.9465   0.0007   0.0000
   0.0001   0.0000   0.0000   0.0015   0.0014   0.0099   0.0016   0.9544   0.0023
   0.0001   0.0012   0.0046   0.0013   0.0025   0.0000   0.0000   0.0048   0.9530

eigenvalues of p_FN1=  0.895211  0.946126  0.949821  0.955150  0.970759  0.975481  0.978951  0.987677  0.999846
eigenvalues of h_FN1=  3.964201  1.418482  1.233729  0.967279  0.186787 -0.049271 -0.222773 -0.659097 -1.267553

eigenval_p,eigenval_h=  0.999846 -1.267553
psi for p_FN1=   0.9673   0.2342   0.0314   0.0757   0.0478   0.0016   0.0046   0.0080   0.0169
p_L2 =   0.9990   1.0038   1.0161   0.9992   0.9973   0.9470   0.9951   0.9902   0.9834
p_abs_L2 =   0.9991   1.0042   1.0245   1.0001   1.0005   1.0206   1.0131   0.9954   0.9849

p_propos2=
   0.9954   0.0096   0.0340   0.0125   0.0135   0.0000   0.0330   0.0112   0.0046
   0.0018   0.9853   0.0000   0.0033   0.0057   0.0350   0.0107   0.0000   0.0098
   0.0007   0.0000   0.9609   0.0000   0.0000   0.0041   0.0000   0.0000   0.0040
   0.0010   0.0014   0.0000   0.9794   0.0029   0.0000   0.0020   0.0104   0.0045
   0.0007   0.0016   0.0000   0.0019   0.9740   0.0000   0.0000   0.0064   0.0056
   0.0000   0.0005   0.0006   0.0000   0.0000   0.9499   0.0007   0.0025   0.0000
   0.0002   0.0003   0.0000   0.0001   0.0000   0.0012   0.9520   0.0007   0.0000
   0.0001   0.0000   0.0000   0.0015   0.0014   0.0097   0.0015   0.9640   0.0024
   0.0001   0.0012   0.0045   0.0013   0.0024   0.0000   0.0000   0.0048   0.9691

p_markov2=
   0.9954   0.0096   0.0340   0.0125   0.0135   0.0000   0.0330   0.0112   0.0046
   0.0018   0.9853   0.0000   0.0033   0.0057   0.0350   0.0107   0.0000   0.0096
   0.0007   0.0000   0.9609   0.0000   0.0000   0.0041   0.0000   0.0000   0.0038
   0.0010   0.0014   0.0000   0.9794   0.0029   0.0000   0.0020   0.0104   0.0044
   0.0007   0.0016   0.0000   0.0019   0.9741   0.0000   0.0000   0.0064   0.0055
   0.0000   0.0005   0.0006   0.0000   0.0000   0.9500   0.0007   0.0024   0.0000
   0.0002   0.0003   0.0000   0.0001   0.0000   0.0012   0.9520   0.0007   0.0000
   0.0001   0.0000   0.0000   0.0015   0.0014   0.0097   0.0015   0.9642   0.0023
   0.0001   0.0012   0.0045   0.0013   0.0024   0.0000   0.0000   0.0048   0.9697

eigenvalues of p_markov2=  0.947539  0.951760  0.958723  0.963790  0.969162  0.974018  0.980143  0.985803  1.000000
eigenvalues of h_markov2=  1.347805  1.136762  0.788611  0.535243  0.266668  0.023841 -0.282377 -0.565373 -1.275242

eigenval_p,eigenval_h=  1.000000 -1.275242
psi for p_mar=   0.9782   0.1819   0.0196   0.0787   0.0519   0.0028   0.0048   0.0112   0.0231
psig**2      =   0.9782   0.1819   0.0196   0.0787   0.0519   0.0028   0.0048   0.0112   0.0231
Above 2 lines should be equal since Markov matrix has dominant state psig**2

p_FN3=
   0.9944   0.0096   0.0345   0.0125   0.0134   0.0000   0.0328   0.0110   0.0045
   0.0018   0.9891   0.0000   0.0033   0.0057   0.0331   0.0107   0.0000   0.0095
   0.0007   0.0000   0.9764   0.0000   0.0000   0.0039   0.0000   0.0000   0.0038
   0.0010   0.0014   0.0000   0.9786   0.0029   0.0000   0.0020   0.0103   0.0044
   0.0007   0.0016   0.0000   0.0019   0.9714   0.0000   0.0000   0.0064   0.0054
   0.0000   0.0005   0.0006   0.0000   0.0000   0.8996   0.0007   0.0024   0.0000
   0.0002   0.0003   0.0000   0.0001   0.0000   0.0012   0.9473   0.0007   0.0000
   0.0001   0.0000   0.0000   0.0015   0.0014   0.0092   0.0015   0.9547   0.0023
   0.0001   0.0012   0.0046   0.0013   0.0024   0.0000   0.0000   0.0048   0.9536

eigenvalues of p_FN3=  0.898941  0.946988  0.950427  0.955562  0.970866  0.975800  0.979000  0.987697  0.999836
eigenvalues of h_FN3=  3.777687  1.375347  1.203427  0.946648  0.181478 -0.065221 -0.225220 -0.660069 -1.267041

eigenval_p,eigenval_h=  0.999836 -1.267041
psi for p_FN3=   0.9676   0.2332   0.0311   0.0757   0.0479   0.0016   0.0046   0.0080   0.0170

p_FN4=
   0.9944   0.0096   0.0345   0.0125   0.0134   0.0000   0.0328   0.0111   0.0046
   0.0018   0.9891   0.0000   0.0033   0.0057   0.0331   0.0107   0.0000   0.0096
   0.0007   0.0000   0.9764   0.0000   0.0000   0.0039   0.0000   0.0000   0.0039
   0.0010   0.0014   0.0000   0.9785   0.0029   0.0000   0.0020   0.0103   0.0044
   0.0007   0.0016   0.0000   0.0019   0.9714   0.0000   0.0000   0.0064   0.0055
   0.0000   0.0005   0.0006   0.0000   0.0000   0.8996   0.0007   0.0024   0.0000
   0.0002   0.0003   0.0000   0.0001   0.0000   0.0012   0.9473   0.0007   0.0000
   0.0001   0.0000   0.0000   0.0015   0.0014   0.0092   0.0015   0.9545   0.0023
   0.0001   0.0012   0.0046   0.0013   0.0024   0.0000   0.0000   0.0048   0.9530

eigenvalues of p_FN4=  0.898912  0.946962  0.949944  0.955300  0.970837  0.975774  0.978980  0.987685  0.999848
eigenvalues of h_FN4=  3.779179  1.376653  1.227561  0.959753  0.182909 -0.063962 -0.224247 -0.659515 -1.267627

eigenval_p,eigenval_h=  0.999848 -1.267627
psi for p_FN4=   0.9674   0.2340   0.0318   0.0757   0.0479   0.0017   0.0046   0.0080   0.0169

E_G, E_FN1, E_FN3, E_FN4, E_0, recover_FN1, recover_FN3, recover_FN4, ovlp_FN1, ovlp_FN3, ovlp_FN4, sign_cond_num= -1.244824 -1.267553 -1.267041 -1.267627 -1.275242 0.747 0.730 0.750 1.E-04 1.E-04 1.E-04 0.939
------------------------------------------------------------

Data set    3

h=
  -1.0000   0.0404   0.0718  -0.0811   0.1244  -0.0287  -0.1692  -0.0427  -0.1855
   0.0404  -0.7500   0.0116  -0.1719   0.1516  -0.0466   0.2187  -0.1013   0.0946
   0.0718   0.0116  -0.5000   0.2356  -0.0595  -0.1163   0.2479  -0.1902  -0.0795
  -0.0811  -0.1719   0.2356  -0.2500  -0.0695   0.2271   0.0548   0.1091  -0.0390
   0.1244   0.1516  -0.0595  -0.0695   0.0000  -0.1933  -0.1028  -0.1993  -0.1509
  -0.0287  -0.0466  -0.1163   0.2271  -0.1933   0.2500   0.0086  -0.2237   0.1178
  -0.1692   0.2187   0.2479   0.0548  -0.1028   0.0086   0.5000   0.0091  -0.1426
  -0.0427  -0.1013  -0.1902   0.1091  -0.1993  -0.2237   0.0091   0.7500  -0.1474
  -0.1855   0.0946  -0.0795  -0.0390  -0.1509   0.1178  -0.1426  -0.1474   1.0000

eigenval_p,eigenval_h=  1.000000 -1.090220
psi for p    =   0.9278  -0.1370  -0.2455   0.1362  -0.0797  -0.0542   0.1543  -0.0284   0.0876

eigenvalues of p=  0.955026  0.961663  0.965603  0.970181  0.980983  0.982016  0.992355  0.995933  1.000000
eigenvalues of h=  1.158502  0.826606  0.629632  0.400707 -0.139383 -0.191035 -0.707961 -0.886848 -1.090220
tau, tau_max= 0.020000 0.444697
p=
   0.9982  -0.0008  -0.0014   0.0016  -0.0025   0.0006   0.0034   0.0009   0.0037
  -0.0008   0.9932  -0.0002   0.0034  -0.0030   0.0009  -0.0044   0.0020  -0.0019
  -0.0014  -0.0002   0.9882  -0.0047   0.0012   0.0023  -0.0050   0.0038   0.0016
   0.0016   0.0034  -0.0047   0.9832   0.0014  -0.0045  -0.0011  -0.0022   0.0008
  -0.0025  -0.0030   0.0012   0.0014   0.9782   0.0039   0.0021   0.0040   0.0030
   0.0006   0.0009   0.0023  -0.0045   0.0039   0.9732  -0.0002   0.0045  -0.0024
   0.0034  -0.0044  -0.0050  -0.0011   0.0021  -0.0002   0.9682  -0.0002   0.0029
   0.0009   0.0020   0.0038  -0.0022   0.0040   0.0045  -0.0002   0.9632   0.0029
   0.0037  -0.0019   0.0016   0.0008   0.0030  -0.0024   0.0029   0.0029   0.9582

sum_p_eig,sum_abs_p_eig,sign_condition_number=  1.850582  1.861661  0.741959

psig=   0.9132  -0.2246  -0.1979   0.1050  -0.0045  -0.0707   0.1700  -0.0821   0.1573

p after making eigenvec +ve =
   0.9982   0.0008   0.0014   0.0016   0.0025  -0.0006   0.0034  -0.0009   0.0037
   0.0008   0.9932  -0.0002  -0.0034  -0.0030   0.0009   0.0044   0.0020   0.0019
   0.0014  -0.0002   0.9882   0.0047   0.0012   0.0023   0.0050   0.0038  -0.0016
   0.0016  -0.0034   0.0047   0.9832  -0.0014   0.0045  -0.0011   0.0022   0.0008
   0.0025  -0.0030   0.0012  -0.0014   0.9782   0.0039  -0.0021   0.0040  -0.0030
  -0.0006   0.0009   0.0023   0.0045   0.0039   0.9732   0.0002   0.0045   0.0024
   0.0034   0.0044   0.0050  -0.0011  -0.0021   0.0002   0.9682   0.0002   0.0029
  -0.0009   0.0020   0.0038   0.0022   0.0040   0.0045   0.0002   0.9632  -0.0029
   0.0037   0.0019  -0.0016   0.0008  -0.0030   0.0024   0.0029  -0.0029   0.9582

1+(E_0*1-H) (i.e. p with tau=1) after making eigenvec +ve =
   0.9098  -0.0404  -0.0718  -0.0811  -0.1244   0.0287  -0.1692   0.0427  -0.1855
  -0.0404   0.6598   0.0116   0.1719   0.1516  -0.0466  -0.2187  -0.1013  -0.0946
  -0.0718   0.0116   0.4098  -0.2356  -0.0595  -0.1163  -0.2479  -0.1902   0.0795
  -0.0811   0.1719  -0.2356   0.1598   0.0695  -0.2271   0.0548  -0.1091  -0.0390
  -0.1244   0.1516  -0.0595   0.0695  -0.0902  -0.1933   0.1028  -0.1993   0.1509
   0.0287  -0.0466  -0.1163  -0.2271  -0.1933  -0.3402  -0.0086  -0.2237  -0.1178
  -0.1692  -0.2187  -0.2479   0.0548   0.1028  -0.0086  -0.5902  -0.0091  -0.1426
   0.0427  -0.1013  -0.1902  -0.1091  -0.1993  -0.2237  -0.0091  -0.8402   0.1474
  -0.1855  -0.0946   0.0795  -0.0390   0.1509  -0.1178  -0.1426   0.1474  -1.0902
psi for p    =   0.9278   0.1370   0.2455   0.1362   0.0797   0.0542   0.1543   0.0284   0.0876
psig         =   0.9132   0.2246   0.1979   0.1050   0.0045   0.0707   0.1700   0.0821   0.1573

E_G= -1.067616

h_imp=
  -1.0000  -0.1643  -0.3315  -0.7058 -24.9745   0.3699  -0.9087   0.4748  -1.0768
  -0.0099  -0.7500   0.0132   0.3679   7.4872  -0.1478  -0.2889  -0.2770  -0.1352
  -0.0156   0.0103  -0.5000  -0.4441  -2.5904  -0.3253  -0.2886  -0.4582   0.1000
  -0.0093   0.0803  -0.1250  -0.2500   1.6054  -0.3370   0.0338  -0.1395  -0.0260
  -0.0006   0.0031  -0.0014   0.0030   0.0000  -0.0124   0.0028  -0.0110   0.0044
   0.0022  -0.0147  -0.0416  -0.1530  -3.0062   0.2500  -0.0036  -0.1927  -0.0530
  -0.0315  -0.1655  -0.2130   0.0887   3.8441  -0.0207   0.5000  -0.0188  -0.1541
   0.0038  -0.0370  -0.0789  -0.0854  -3.6007  -0.2598  -0.0044   0.7500   0.0770
  -0.0319  -0.0663   0.0631  -0.0584   5.2177  -0.2619  -0.1319   0.2823   1.0000

p_imp=
   0.9982   0.0033   0.0066   0.0141   0.4995  -0.0074   0.0182  -0.0095   0.0215
   0.0002   0.9932  -0.0003  -0.0074  -0.1497   0.0030   0.0058   0.0055   0.0027
   0.0003  -0.0002   0.9882   0.0089   0.0518   0.0065   0.0058   0.0092  -0.0020
   0.0002  -0.0016   0.0025   0.9832  -0.0321   0.0067  -0.0007   0.0028   0.0005
   0.0000  -0.0001   0.0000  -0.0001   0.9782   0.0002  -0.0001   0.0002  -0.0001
  -0.0000   0.0003   0.0008   0.0031   0.0601   0.9732   0.0001   0.0039   0.0011
   0.0006   0.0033   0.0043  -0.0018  -0.0769   0.0004   0.9682   0.0004   0.0031
  -0.0001   0.0007   0.0016   0.0017   0.0720   0.0052   0.0001   0.9632  -0.0015
   0.0006   0.0013  -0.0013   0.0012  -0.1044   0.0052   0.0026  -0.0056   0.9582
tau_av_expon_proj    = 9.526142 1.846630 1.152561 0.524559 0.019111 0.576375 0.601458 0.539326 0.614829
tau_av_expon_proj_new=11.084036 2.939276 1.694284 1.190165 0.917246 0.746146 0.628844 0.543413 0.478419
factor=                1.150910 1.450255 1.376764 1.749369 2.662232 1.255496 1.044512 1.007551 0.751918
factor2=                 1.1635   1.5917   1.4700   2.2689  47.9961   1.2945   1.0455   1.0076   0.7781

eigenvalues of p_imp=  0.955026  0.961663  0.965603  0.970181  0.980983  0.982016  0.992355  0.995933  1.000000
eigenvalues of h_imp=  1.158502  0.826606  0.629632  0.400707 -0.139383 -0.191035 -0.707961 -0.886848 -1.090220

eigenval_p,eigenval_h=  1.000000 -1.090220
psi for p_imp=   0.9969   0.0362   0.0572   0.0168   0.0004   0.0045   0.0309   0.0027   0.0162

imp-sampled: sum_p_eig,sum_abs_p_eig,sign_condition_number=  1.161894  1.163377  0.938199

p_FN1=
   0.9981   0.0033   0.0066   0.0141   0.4995   0.0000   0.0182   0.0000   0.0215
   0.0002   0.9913   0.0000   0.0000   0.0000   0.0030   0.0058   0.0055   0.0027
   0.0003   0.0000   0.9867   0.0089   0.0518   0.0065   0.0058   0.0092   0.0000
   0.0002   0.0000   0.0025   0.9740   0.0000   0.0067   0.0000   0.0028   0.0005
   0.0000   0.0000   0.0000   0.0000   0.6151   0.0002   0.0000   0.0002   0.0000
   0.0000   0.0003   0.0008   0.0031   0.0601   0.9658   0.0001   0.0039   0.0011
   0.0006   0.0033   0.0043   0.0000   0.0000   0.0004   0.9675   0.0004   0.0031
   0.0000   0.0007   0.0016   0.0017   0.0720   0.0052   0.0001   0.9481   0.0000
   0.0006   0.0013   0.0000   0.0012   0.0000   0.0052   0.0026   0.0000   0.9546

eigenvalues of p_FN1=  0.614998  0.946622  0.953352  0.964530  0.965677  0.974505  0.989388  0.992145  0.999844
eigenvalues of h_FN1= 18.159869  1.578680  1.242160  0.683302  0.625942  0.184515 -0.559608 -0.697484 -1.082403

eigenval_p,eigenval_h=  0.999844 -1.082403
psi for p_FN1=   0.9962   0.0557   0.0524   0.0141   0.0000   0.0041   0.0338   0.0034   0.0185
p_L2 =   1.0001   1.0003   1.0025   1.0029   1.2985   0.9931   1.0000   0.9700   0.9835
p_abs_L2 =   1.0002   1.0022   1.0040   1.0121   1.6616   1.0005   1.0007   0.9851   0.9871

p_propos2=
   0.9980   0.0033   0.0066   0.0139   0.3006   0.0000   0.0182   0.0000   0.0218
   0.0002   0.9911   0.0000   0.0000   0.0000   0.0030   0.0058   0.0056   0.0027
   0.0003   0.0000   0.9842   0.0088   0.0312   0.0065   0.0058   0.0093   0.0000
   0.0002   0.0000   0.0025   0.9714   0.0000   0.0067   0.0000   0.0028   0.0005
   0.0000   0.0000   0.0000   0.0000   0.5887   0.0002   0.0000   0.0002   0.0000
   0.0000   0.0003   0.0008   0.0030   0.0362   0.9727   0.0001   0.0039   0.0011
   0.0006   0.0033   0.0042   0.0000   0.0000   0.0004   0.9675   0.0004   0.0031
   0.0000   0.0007   0.0016   0.0017   0.0433   0.0052   0.0001   0.9777   0.0000
   0.0006   0.0013   0.0000   0.0012   0.0000   0.0052   0.0026   0.0000   0.9707

p_markov2=
   0.9980   0.0033   0.0066   0.0139   0.3006   0.0000   0.0182   0.0000   0.0215
   0.0002   0.9911   0.0000   0.0000   0.0000   0.0030   0.0058   0.0055   0.0027
   0.0003   0.0000   0.9843   0.0088   0.0312   0.0065   0.0057   0.0091   0.0000
   0.0002   0.0000   0.0025   0.9714   0.0000   0.0067   0.0000   0.0028   0.0005
   0.0000   0.0000   0.0000   0.0000   0.5887   0.0001   0.0000   0.0001   0.0000
   0.0000   0.0003   0.0008   0.0030   0.0362   0.9729   0.0001   0.0039   0.0011
   0.0006   0.0033   0.0042   0.0000   0.0000   0.0004   0.9675   0.0004   0.0031
   0.0000   0.0007   0.0016   0.0017   0.0433   0.0052   0.0001   0.9782   0.0000
   0.0006   0.0013   0.0000   0.0012   0.0000   0.0052   0.0026   0.0000   0.9711

eigenvalues of p_markov2=  0.588660  0.964173  0.966736  0.970587  0.973459  0.978369  0.988823  0.992452  1.000000
eigenvalues of h_markov2= 19.476756  0.701132  0.572983  0.380415  0.236822 -0.008664 -0.531380 -0.712817 -1.090220

eigenval_p,eigenval_h=  1.000000 -1.090220
psi for p_mar=   0.9959   0.0603   0.0468   0.0132   0.0000   0.0060   0.0345   0.0081   0.0295
psig**2      =   0.9959   0.0603   0.0468   0.0132   0.0000   0.0060   0.0345   0.0081   0.0295
Above 2 lines should be equal since Markov matrix has dominant state psig**2

p_FN3=
   0.9981   0.0033   0.0066   0.0140   0.3903   0.0000   0.0182   0.0000   0.0212
   0.0002   0.9913   0.0000   0.0000   0.0000   0.0029   0.0058   0.0054   0.0027
   0.0003   0.0000   0.9867   0.0088   0.0405   0.0064   0.0057   0.0089   0.0000
   0.0002   0.0000   0.0025   0.9743   0.0000   0.0066   0.0000   0.0027   0.0005
   0.0000   0.0000   0.0000   0.0000   0.7644   0.0001   0.0000   0.0001   0.0000
   0.0000   0.0003   0.0008   0.0030   0.0470   0.9662   0.0001   0.0037   0.0010
   0.0006   0.0033   0.0043   0.0000   0.0000   0.0004   0.9675   0.0004   0.0030
   0.0000   0.0007   0.0016   0.0017   0.0563   0.0052   0.0001   0.9489   0.0000
   0.0006   0.0013   0.0000   0.0012   0.0000   0.0052   0.0026   0.0000   0.9551

eigenvalues of p_FN3=  0.764360  0.947466  0.953850  0.964913  0.965775  0.974735  0.989425  0.992158  0.999840
eigenvalues of h_FN3= 10.691794  1.536500  1.217282  0.664127  0.621043  0.173010 -0.561453 -0.698143 -1.082210

eigenval_p,eigenval_h=  0.999840 -1.082210
psi for p_FN3=   0.9962   0.0556   0.0522   0.0140   0.0000   0.0041   0.0338   0.0034   0.0187

p_FN4=
   0.9981   0.0033   0.0066   0.0140   0.3903   0.0000   0.0182   0.0000   0.0215
   0.0002   0.9913   0.0000   0.0000   0.0000   0.0029   0.0058   0.0055   0.0027
   0.0003   0.0000   0.9867   0.0088   0.0405   0.0065   0.0058   0.0090   0.0000
   0.0002   0.0000   0.0025   0.9743   0.0000   0.0067   0.0000   0.0027   0.0005
   0.0000   0.0000   0.0000   0.0000   0.7644   0.0002   0.0000   0.0002   0.0000
   0.0000   0.0003   0.0008   0.0030   0.0470   0.9660   0.0001   0.0038   0.0011
   0.0006   0.0033   0.0043   0.0000   0.0000   0.0004   0.9675   0.0004   0.0031
   0.0000   0.0007   0.0016   0.0017   0.0563   0.0052   0.0001   0.9484   0.0000
   0.0006   0.0013   0.0000   0.0012   0.0000   0.0052   0.0026   0.0000   0.9547

eigenvalues of p_FN4=  0.764301  0.946988  0.953467  0.964770  0.965718  0.974709  0.989415  0.992157  0.999849
eigenvalues of h_FN4= 10.694730  1.560392  1.236440  0.671300  0.623870  0.174324 -0.560969 -0.698088 -1.082671

eigenval_p,eigenval_h=  0.999849 -1.082671
psi for p_FN4=   0.9962   0.0557   0.0525   0.0142   0.0001   0.0042   0.0338   0.0034   0.0185

E_G, E_FN1, E_FN3, E_FN4, E_0, recover_FN1, recover_FN3, recover_FN4, ovlp_FN1, ovlp_FN3, ovlp_FN4, sign_cond_num= -1.067616 -1.082403 -1.082210 -1.082671 -1.090220 0.654 0.646 0.666 2.E-04 2.E-04 2.E-04 0.938
------------------------------------------------------------

Data set    4

h=
  -1.0000   0.1492  -0.2338  -0.2177  -0.1953  -0.1935  -0.1441   0.1318   0.2392
   0.1492  -0.7500  -0.0199  -0.2187  -0.0731  -0.1511   0.1065   0.1675  -0.1985
  -0.2338  -0.0199  -0.5000  -0.0046  -0.1655  -0.1104  -0.1226  -0.1790   0.0679
  -0.2177  -0.2187  -0.0046  -0.2500   0.2048  -0.1071  -0.0817   0.1570  -0.0264
  -0.1953  -0.0731  -0.1655   0.2048   0.0000  -0.1087   0.0397  -0.0754   0.0547
  -0.1935  -0.1511  -0.1104  -0.1071  -0.1087   0.2500  -0.2439   0.0691  -0.0416
  -0.1441   0.1065  -0.1226  -0.0817   0.0397  -0.2439   0.5000  -0.0434   0.1540
   0.1318   0.1675  -0.1790   0.1570  -0.0754   0.0691  -0.0434   0.7500  -0.2259
   0.2392  -0.1985   0.0679  -0.0264   0.0547  -0.0416   0.1540  -0.2259   1.0000

eigenval_p,eigenval_h=  1.000000 -1.288178
psi for p    =   0.8687  -0.1664   0.3331   0.1475   0.1540   0.1580   0.1377  -0.0354  -0.1270

eigenvalues of p=  0.949602  0.960381  0.961461  0.969139  0.970922  0.979156  0.985120  0.992347  1.000000
eigenvalues of h=  1.231728  0.692767  0.638787  0.254868  0.165714 -0.245972 -0.544198 -0.905517 -1.288178
tau, tau_max= 0.020000 0.396840
p=
   0.9942  -0.0030   0.0047   0.0044   0.0039   0.0039   0.0029  -0.0026  -0.0048
  -0.0030   0.9892   0.0004   0.0044   0.0015   0.0030  -0.0021  -0.0034   0.0040
   0.0047   0.0004   0.9842   0.0001   0.0033   0.0022   0.0025   0.0036  -0.0014
   0.0044   0.0044   0.0001   0.9792  -0.0041   0.0021   0.0016  -0.0031   0.0005
   0.0039   0.0015   0.0033  -0.0041   0.9742   0.0022  -0.0008   0.0015  -0.0011
   0.0039   0.0030   0.0022   0.0021   0.0022   0.9692   0.0049  -0.0014   0.0008
   0.0029  -0.0021   0.0025   0.0016  -0.0008   0.0049   0.9642   0.0009  -0.0031
  -0.0026  -0.0034   0.0036  -0.0031   0.0015  -0.0014   0.0009   0.9592   0.0045
  -0.0048   0.0040  -0.0014   0.0005  -0.0011   0.0008  -0.0031   0.0045   0.9542

sum_p_eig,sum_abs_p_eig,sign_condition_number=  2.127697  2.142294  0.710462

psig=   0.8996  -0.2246   0.2591   0.0597   0.1816   0.1034   0.1473   0.0308  -0.0580

p after making eigenvec +ve =
   0.9942   0.0030   0.0047   0.0044   0.0039   0.0039   0.0029   0.0026   0.0048
   0.0030   0.9892  -0.0004  -0.0044  -0.0015  -0.0030   0.0021  -0.0034   0.0040
   0.0047  -0.0004   0.9842   0.0001   0.0033   0.0022   0.0025  -0.0036   0.0014
   0.0044  -0.0044   0.0001   0.9792  -0.0041   0.0021   0.0016   0.0031  -0.0005
   0.0039  -0.0015   0.0033  -0.0041   0.9742   0.0022  -0.0008  -0.0015   0.0011
   0.0039  -0.0030   0.0022   0.0021   0.0022   0.9692   0.0049   0.0014  -0.0008
   0.0029   0.0021   0.0025   0.0016  -0.0008   0.0049   0.9642  -0.0009   0.0031
   0.0026  -0.0034  -0.0036   0.0031  -0.0015   0.0014  -0.0009   0.9592   0.0045
   0.0048   0.0040   0.0014  -0.0005   0.0011  -0.0008   0.0031   0.0045   0.9542

1+(E_0*1-H) (i.e. p with tau=1) after making eigenvec +ve =
   0.7118  -0.1492  -0.2338  -0.2177  -0.1953  -0.1935  -0.1441  -0.1318  -0.2392
  -0.1492   0.4618   0.0199   0.2187   0.0731   0.1511  -0.1065   0.1675  -0.1985
  -0.2338   0.0199   0.2118  -0.0046  -0.1655  -0.1104  -0.1226   0.1790  -0.0679
  -0.2177   0.2187  -0.0046  -0.0382   0.2048  -0.1071  -0.0817  -0.1570   0.0264
  -0.1953   0.0731  -0.1655   0.2048  -0.2882  -0.1087   0.0397   0.0754  -0.0547
  -0.1935   0.1511  -0.1104  -0.1071  -0.1087  -0.5382  -0.2439  -0.0691   0.0416
  -0.1441  -0.1065  -0.1226  -0.0817   0.0397  -0.2439  -0.7882   0.0434  -0.1540
  -0.1318   0.1675   0.1790  -0.1570   0.0754  -0.0691   0.0434  -1.0382  -0.2259
