Input hamiltonian
hamiltonian=random                                                                          
Input ndim, E_T, tau
ndim, E_T, tau=    9-20.000000 0.300000
Input fraction_positive, off_diag_mag, psig_noise
fraction_positive, off_diag_mag,psig_noise= 0.500000 0.500000 0.200000
psig_correct_sign
psig_correct_sign= T
Input irand_seed
irand_seed=1425565376542456

Data set    1

h=
  -1.0000   0.0800   0.1401  -0.1696   0.0630   0.1789  -0.0366  -0.0928  -0.2290
   0.0800  -0.7500   0.0859   0.2028  -0.0542   0.1379   0.1569  -0.0799  -0.2353
   0.1401   0.0859  -0.5000   0.1165  -0.2461  -0.0961  -0.2234  -0.1402   0.2370
  -0.1696   0.2028   0.1165  -0.2500  -0.0711  -0.2226   0.0454   0.1250  -0.0263
   0.0630  -0.0542  -0.2461  -0.0711   0.0000  -0.0210   0.1375  -0.2232  -0.0393
   0.1789   0.1379  -0.0961  -0.2226  -0.0210   0.2500  -0.2276  -0.1955  -0.0772
  -0.0366   0.1569  -0.2234   0.0454   0.1375  -0.2276   0.5000  -0.2075  -0.1275
  -0.0928  -0.0799  -0.1402   0.1250  -0.2232  -0.1955  -0.2075   0.7500  -0.0525
  -0.2290  -0.2353   0.2370  -0.0263  -0.0393  -0.0772  -0.1275  -0.0525   1.0000

eigenval_p,eigenval_h=  1.000000 -1.153737
psi for p    =   0.8957  -0.1375  -0.3155   0.2159  -0.1095  -0.0884  -0.0127  -0.0197   0.1112

eigenvalues of p=  0.307532  0.366468  0.447570  0.609001  0.647832  0.736600  0.836754  0.933155  1.000000
eigenvalues of h=  1.154489  0.958038  0.687698  0.149593  0.020158 -0.275736 -0.609584 -0.930919 -1.153737
tau, tau_max= 0.300000 0.433233
p=
   0.9539  -0.0240  -0.0420   0.0509  -0.0189  -0.0537   0.0110   0.0278   0.0687
  -0.0240   0.8789  -0.0258  -0.0608   0.0163  -0.0414  -0.0471   0.0240   0.0706
  -0.0420  -0.0258   0.8039  -0.0350   0.0738   0.0288   0.0670   0.0421  -0.0711
   0.0509  -0.0608  -0.0350   0.7289   0.0213   0.0668  -0.0136  -0.0375   0.0079
  -0.0189   0.0163   0.0738   0.0213   0.6539   0.0063  -0.0413   0.0670   0.0118
  -0.0537  -0.0414   0.0288   0.0668   0.0063   0.5789   0.0683   0.0587   0.0232
   0.0110  -0.0471   0.0670  -0.0136  -0.0413   0.0683   0.5039   0.0622   0.0383
   0.0278   0.0240   0.0421  -0.0375   0.0670   0.0587   0.0622   0.4289   0.0158
   0.0687   0.0706  -0.0711   0.0079   0.0118   0.0232   0.0383   0.0158   0.3539

sum_p_eig,sum_abs_p_eig,sign_condition_number=  1.905979  2.160793  0.658188

p after making eigenvec +ve =
   0.9539   0.0240   0.0420   0.0509   0.0189   0.0537  -0.0110  -0.0278   0.0687
   0.0240   0.8789  -0.0258   0.0608   0.0163  -0.0414  -0.0471   0.0240  -0.0706
   0.0420  -0.0258   0.8039   0.0350   0.0738   0.0288   0.0670   0.0421   0.0711
   0.0509   0.0608   0.0350   0.7289  -0.0213  -0.0668   0.0136   0.0375   0.0079
   0.0189   0.0163   0.0738  -0.0213   0.6539   0.0063  -0.0413   0.0670  -0.0118
   0.0537  -0.0414   0.0288  -0.0668   0.0063   0.5789   0.0683   0.0587  -0.0232
  -0.0110  -0.0471   0.0670   0.0136  -0.0413   0.0683   0.5039   0.0622  -0.0383
  -0.0278   0.0240   0.0421   0.0375   0.0670   0.0587   0.0622   0.4289  -0.0158
   0.0687  -0.0706   0.0711   0.0079  -0.0118  -0.0232  -0.0383  -0.0158   0.3539

1+(E_0*1-H) (i.e. p with tau=1) after making eigenvec +ve =
   0.8463  -0.0800  -0.1401  -0.1696  -0.0630  -0.1789   0.0366   0.0928  -0.2290
  -0.0800   0.5963   0.0859  -0.2028  -0.0542   0.1379   0.1569  -0.0799   0.2353
  -0.1401   0.0859   0.3463  -0.1165  -0.2461  -0.0961  -0.2234  -0.1402  -0.2370
  -0.1696  -0.2028  -0.1165   0.0963   0.0711   0.2226  -0.0454  -0.1250  -0.0263
  -0.0630  -0.0542  -0.2461   0.0711  -0.1537  -0.0210   0.1375  -0.2232   0.0393
  -0.1789   0.1379  -0.0961   0.2226  -0.0210  -0.4037  -0.2276  -0.1955   0.0772
   0.0366   0.1569  -0.2234  -0.0454   0.1375  -0.2276  -0.6537  -0.2075   0.1275
   0.0928  -0.0799  -0.1402  -0.1250  -0.2232  -0.1955  -0.2075  -0.9037   0.0525
  -0.2290   0.2353  -0.2370  -0.0263   0.0393   0.0772   0.1275   0.0525  -1.1537
psi0         =   0.8957   0.1375   0.3155   0.2159   0.1095   0.0884   0.0127   0.0197   0.1112
psig         =   0.8497   0.2024   0.3495   0.2064   0.1758   0.1022   0.0804   0.0860   0.1307

E_G= -1.131880

h_imp=
  -1.0000  -0.3357  -0.3407  -0.6985  -0.3046  -1.4875   0.3864   0.9170  -1.4884
  -0.0191  -0.7500   0.0498  -0.1989  -0.0624   0.2730   0.3950  -0.1880   0.3643
  -0.0576   0.1483  -0.5000  -0.1973  -0.4893  -0.3286  -0.9710  -0.5697  -0.6336
  -0.0412  -0.2068  -0.0688  -0.2500   0.0834   0.4495  -0.1166  -0.2999  -0.0416
  -0.0130  -0.0471  -0.1238   0.0606   0.0000  -0.0362   0.3007  -0.4562   0.0528
  -0.0215   0.0696  -0.0281   0.1103  -0.0122   0.2500  -0.2893  -0.2324   0.0604
   0.0035   0.0623  -0.0514  -0.0177   0.0629  -0.1790   0.5000  -0.1939   0.0784
   0.0094  -0.0339  -0.0345  -0.0521  -0.1092  -0.1645  -0.2219   0.7500   0.0346
  -0.0352   0.1519  -0.0886  -0.0167   0.0292   0.0988   0.2073   0.0799   1.0000

p_imp=
   0.9539   0.1007   0.1022   0.2095   0.0914   0.4463  -0.1159  -0.2751   0.4465
   0.0057   0.8789  -0.0149   0.0597   0.0187  -0.0819  -0.1185   0.0564  -0.1093
   0.0173  -0.0445   0.8039   0.0592   0.1468   0.0986   0.2913   0.1709   0.1901
   0.0124   0.0620   0.0206   0.7289  -0.0250  -0.1348   0.0350   0.0900   0.0125
   0.0039   0.0141   0.0371  -0.0182   0.6539   0.0108  -0.0902   0.1369  -0.0159
   0.0065  -0.0209   0.0084  -0.0331   0.0037   0.5789   0.0868   0.0697  -0.0181
  -0.0010  -0.0187   0.0154   0.0053  -0.0189   0.0537   0.5039   0.0582  -0.0235
  -0.0028   0.0102   0.0104   0.0156   0.0328   0.0494   0.0666   0.4289  -0.0104
   0.0106  -0.0456   0.0266   0.0050  -0.0088  -0.0296  -0.0622  -0.0240   0.3539
tau_av_expon_proj    = 4.986903 0.947243 1.272604 0.739649 0.867150 0.331454 0.346231 0.340484 0.363087
tau_av_expon_proj_new= 6.504622 2.476861 1.529668 1.106517 0.866749 0.712384 0.604691 0.525283 0.464309
factor=                1.262797 1.854403 1.182998 1.393129 0.999537 1.706979 1.533304 1.421637 1.243594
factor2=                 1.3043   2.6148   1.2020   1.4960   0.9995   2.1493   1.7465   1.5428   1.2788

eigenvalues of p_imp=  0.307532  0.366468  0.447570  0.609001  0.647832  0.736600  0.836754  0.933155  1.000000
eigenvalues of h_imp=  1.154489  0.958038  0.687698  0.149593  0.020158 -0.275736 -0.609584 -0.930919 -1.153737

eigenval_p,eigenval_h=  1.000000 -1.153737
psi0_psig    =   0.7694   0.0281   0.1115   0.0450   0.0195   0.0091   0.0010   0.0017   0.0147

imp-sampled: sum_p_eig,sum_abs_p_eig,sign_condition_number=  1.000000  1.034747  0.892385

p_FN1=
   0.9500   0.1007   0.1022   0.2095   0.0914   0.4463   0.0000   0.0000   0.4465
   0.0057   0.7492   0.0000   0.0597   0.0187   0.0000   0.0000   0.0564   0.0000
   0.0173   0.0000   0.7890   0.0592   0.1468   0.0986   0.2913   0.1709   0.1901
   0.0124   0.0620   0.0206   0.6776   0.0000   0.0000   0.0350   0.0900   0.0125
   0.0039   0.0141   0.0371   0.0000   0.6012   0.0108   0.0000   0.1369   0.0000
   0.0065   0.0000   0.0084   0.0000   0.0037   0.3325   0.0868   0.0697   0.0000
   0.0000   0.0000   0.0154   0.0053   0.0000   0.0537   0.1171   0.0582   0.0000
   0.0000   0.0102   0.0104   0.0156   0.0328   0.0494   0.0666   0.1298   0.0000
   0.0106   0.0000   0.0266   0.0050   0.0000   0.0000   0.0000   0.0000   0.1767

eigenvalues of p_FN1=  0.054974  0.132487  0.163225  0.363774  0.578099  0.641410  0.773560  0.817361  0.998245
eigenvalues of h_FN1=  1.996348  1.737972  1.635514  0.967016  0.252600  0.041564 -0.398936 -0.544942 -1.147888

eigenval_p,eigenval_h=  0.998245 -1.147888
psiFN1_psig =    0.7583   0.0306   0.1148   0.0446   0.0210   0.0098   0.0031   0.0041   0.0137

rms fluctuation of E_L   0.13794

E_0, E_G, E_FN1, E_G-E_0, E_FN1-E_0, rms fluctuation of E_L  -1.15374  -1.13188  -1.14789   0.02186   0.00585   0.13794
E_L     =  -1.1748  -0.9413  -1.1863  -1.2603  -0.8021  -1.1245   0.1906  -0.1933  -0.5730
p_L     =   1.0081   0.9380   1.0115   1.0337   0.8963   0.9930   0.5985   0.7136   0.8275
p_abs_L =   1.0102   1.0659   1.0247   1.0832   0.9472   1.2376   0.9835   1.0109   1.0029

p_propos2=
   0.9443   0.0945   0.0998   0.1934   0.0965   0.3606   0.0000   0.0000   0.4452
   0.0057   0.8245   0.0000   0.0551   0.0198   0.0000   0.0000   0.0558   0.0000
   0.0171   0.0000   0.7845   0.0546   0.1550   0.0796   0.2962   0.1691   0.1895
   0.0122   0.0582   0.0201   0.6729   0.0000   0.0000   0.0356   0.0890   0.0124
   0.0039   0.0133   0.0363   0.0000   0.6903   0.0088   0.0000   0.1354   0.0000
   0.0064   0.0000   0.0082   0.0000   0.0039   0.4677   0.0882   0.0690   0.0000
   0.0000   0.0000   0.0150   0.0049   0.0000   0.0434   0.5123   0.0576   0.0000
   0.0000   0.0096   0.0101   0.0144   0.0346   0.0399   0.0677   0.4242   0.0000
   0.0105   0.0000   0.0260   0.0046   0.0000   0.0000   0.0000   0.0000   0.3528
psig**2=         0.7220   0.0410   0.1221   0.0426   0.0309   0.0104   0.0065   0.0074   0.0171
psig**2 * P_L=   0.7278   0.0384   0.1235   0.0440   0.0277   0.0104   0.0039   0.0053   0.0141
psiFN_psig=      0.7583   0.0306   0.1148   0.0446   0.0210   0.0098   0.0031   0.0041   0.0137
W_prod=          1.0452   0.7432   0.9354   1.0416   0.6757   0.9302   0.4840   0.5539   0.8003

p_markov=
   0.9468   0.0945   0.0998   0.1934   0.0904   0.3606   0.0000   0.0000   0.4420
   0.0054   0.8254   0.0000   0.0551   0.0176   0.0000   0.0000   0.0529   0.0000
   0.0169   0.0000   0.7870   0.0546   0.1432   0.0796   0.2843   0.1668   0.1855
   0.0114   0.0573   0.0191   0.6729   0.0000   0.0000   0.0323   0.0831   0.0115
   0.0039   0.0133   0.0363   0.0000   0.7134   0.0088   0.0000   0.1354   0.0000
   0.0052   0.0000   0.0068   0.0000   0.0030   0.4677   0.0701   0.0563   0.0000
   0.0000   0.0000   0.0150   0.0049   0.0000   0.0434   0.5474   0.0576   0.0000
   0.0000   0.0096   0.0101   0.0144   0.0324   0.0399   0.0659   0.4480   0.0000
   0.0105   0.0000   0.0260   0.0046   0.0000   0.0000   0.0000   0.0000   0.3610

eigenvalues of p_markov=  0.342594  0.393350  0.439694  0.581996  0.643146  0.689068  0.833899  0.845884  1.000000
eigenvalues of h_markov=  1.037617  0.868430  0.713950  0.239610  0.035776 -0.117297 -0.600066 -0.640015 -1.153737

eigenval_p,eigenval_h=  1.000000 -1.147888
psi for p_mar=   0.7220   0.0410   0.1221   0.0426   0.0309   0.0104   0.0065   0.0074   0.0171
psig**2      =   0.7220   0.0410   0.1221   0.0426   0.0309   0.0104   0.0065   0.0074   0.0171
Above 2 lines should be equal since Markov matrix has dominant state psig**2
The exception to this occurs when there is no sign problem, but some components of psig have the wrong sign, in which case one has 2 decoupled spaces with degenerate dominant eigenvalues

p_FN3=
   0.9545   0.0886   0.1009   0.2000   0.0811   0.3580   0.0000   0.0000   0.3658
   0.0054   0.7743   0.0000   0.0569   0.0157   0.0000   0.0000   0.0378   0.0000
   0.0170   0.0000   0.7961   0.0565   0.1284   0.0791   0.1701   0.1190   0.1535
   0.0115   0.0537   0.0193   0.6956   0.0000   0.0000   0.0193   0.0593   0.0095
   0.0039   0.0124   0.0367   0.0000   0.6394   0.0087   0.0000   0.0966   0.0000
   0.0053   0.0000   0.0069   0.0000   0.0027   0.4645   0.0420   0.0402   0.0000
   0.0000   0.0000   0.0152   0.0051   0.0000   0.0431   0.3276   0.0411   0.0000
   0.0000   0.0090   0.0102   0.0149   0.0290   0.0396   0.0394   0.3197   0.0000
   0.0105   0.0000   0.0263   0.0048   0.0000   0.0000   0.0000   0.0000   0.2987

eigenvalues of p_FN3=  0.276949  0.285506  0.328944  0.482314  0.615410  0.665709  0.793434  0.823067  0.998923
eigenvalues of h_FN3=  1.256434  1.227911  1.083118  0.571884  0.128231 -0.039434 -0.465185 -0.563960 -1.150146

eigenval_p,eigenval_h=  0.998923 -1.144297
psiFN3_psig  =   0.7579   0.0315   0.1113   0.0431   0.0222   0.0097   0.0038   0.0048   0.0159

p_FN4=
   0.9519   0.0886   0.1009   0.2000   0.0865   0.3580   0.0000   0.0000   0.3684
   0.0057   0.7734   0.0000   0.0569   0.0177   0.0000   0.0000   0.0398   0.0000
   0.0173   0.0000   0.7935   0.0565   0.1389   0.0791   0.1773   0.1206   0.1568
   0.0123   0.0546   0.0204   0.6956   0.0000   0.0000   0.0213   0.0635   0.0103
   0.0039   0.0124   0.0367   0.0000   0.6187   0.0087   0.0000   0.0966   0.0000
   0.0064   0.0000   0.0083   0.0000   0.0035   0.4645   0.0528   0.0492   0.0000
   0.0000   0.0000   0.0152   0.0051   0.0000   0.0431   0.3066   0.0411   0.0000
   0.0000   0.0090   0.0102   0.0149   0.0310   0.0396   0.0405   0.3028   0.0000
   0.0105   0.0000   0.0263   0.0048   0.0000   0.0000   0.0000   0.0000   0.2920

eigenvalues of p_FN4=  0.257650  0.278320  0.308068  0.482965  0.596786  0.663605  0.792461  0.820188  0.998930
eigenvalues of h_FN4=  1.320763  1.251865  1.152702  0.569713  0.190311 -0.032421 -0.461941 -0.554362 -1.150171

eigenval_p,eigenval_h=  0.998930 -1.144322
psiFN4_psig  =   0.7509   0.0331   0.1127   0.0459   0.0212   0.0118   0.0038   0.0049   0.0157

E_G, E_FN1, E_FN3, E_FN4, E_0, recover_FN1, recover_FN3, recover_FN4, 1-ovlp_FN1, 1-ovlp_FN3, 1-ovlp_FN4, sign_cond_num= -1.131880 -1.147888 -1.144297 -1.144322 -1.153737 0.732 0.568 0.569 4.E-05 4.E-05 7.E-05 0.892

p_propos2=
   0.9441   0.1074   0.1011   0.2027   0.1019   0.4494   0.0000   0.0000   0.5396
   0.0057   0.8006   0.0000   0.0577   0.0209   0.0000   0.0000   0.0790   0.0000
   0.0172   0.0000   0.7817   0.0573   0.1638   0.0993   0.4868   0.2395   0.2297
   0.0123   0.0661   0.0204   0.6572   0.0000   0.0000   0.0584   0.1261   0.0151
   0.0039   0.0151   0.0367   0.0000   0.6728   0.0109   0.0000   0.1918   0.0000
   0.0064   0.0000   0.0083   0.0000   0.0041   0.3366   0.1450   0.0977   0.0000
   0.0000   0.0000   0.0152   0.0051   0.0000   0.0541   0.1985   0.0815   0.0000
   0.0000   0.0109   0.0102   0.0151   0.0365   0.0497   0.1112   0.1844   0.0000
   0.0105   0.0000   0.0263   0.0048   0.0000   0.0000   0.0000   0.0000   0.2156

eigenvalues of p_FN1_propos=  0.086547  0.183267  0.198687  0.406147  0.617243  0.653550  0.813454  0.832700  1.000000
psi for p_FN1_propos=   0.7314   0.0386   0.1241   0.0442   0.0278   0.0104   0.0039   0.0053   0.0142
psig**2 * P_L       =   0.7314   0.0386   0.1241   0.0442   0.0278   0.0104   0.0039   0.0053   0.0142
Above 2 lines should be equal since proposal part of p_FN1 has dominant state psig**2 * P_L
The exception to this occurs when there is no sign problem, but some components of psig have the wrong sign, in which case one has 2 decoupled spaces with degenerate dominant eigenvalues

pp_FN1=
   1.9518   0.1007   0.1022   0.2095   0.0914   0.4463   0.0000   0.0000   0.4465
   0.0057   1.7510   0.0000   0.0597   0.0187   0.0000   0.0000   0.0564   0.0000
   0.0173   0.0000   1.7907   0.0592   0.1468   0.0986   0.2913   0.1709   0.1901
   0.0124   0.0620   0.0206   1.6794   0.0000   0.0000   0.0350   0.0900   0.0125
   0.0039   0.0141   0.0371   0.0000   1.6030   0.0108   0.0000   0.1369   0.0000
   0.0065   0.0000   0.0084   0.0000   0.0037   1.3343   0.0868   0.0697   0.0000
   0.0000   0.0000   0.0154   0.0053   0.0000   0.0537   1.1188   0.0582   0.0000
   0.0000   0.0102   0.0104   0.0156   0.0328   0.0494   0.0666   1.1316   0.0000
   0.0106   0.0000   0.0266   0.0050   0.0000   0.0000   0.0000   0.0000   1.1785

pp_FN1=
   2.8705   0.2865   0.3037   0.5656   0.2520   1.0312   0.0758   0.0856   0.9732
   0.0163   2.3201   0.0031   0.1471   0.0465   0.0055   0.0058   0.1141   0.0033
   0.0514   0.0092   2.4365   0.1550   0.3589   0.2428   0.5783   0.3778   0.3827
   0.0334   0.1529   0.0541   2.1501   0.0083   0.0139   0.0749   0.1720   0.0326
   0.0108   0.0350   0.0908   0.0060   1.9771   0.0332   0.0209   0.2453   0.0088
   0.0149   0.0014   0.0208   0.0034   0.0112   1.4578   0.1332   0.1092   0.0045
   0.0007   0.0009   0.0306   0.0114   0.0044   0.0824   1.1461   0.0796   0.0030
   0.0009   0.0206   0.0229   0.0299   0.0587   0.0773   0.0911   1.1644   0.0022
   0.0230   0.0014   0.0536   0.0131   0.0049   0.0073   0.0079   0.0050   1.2201

pp_FN1=
   3.7639   0.5438   0.5912   1.0275   0.4707   1.6666   0.2125   0.2410   1.5202
   0.0309   2.7549   0.0103   0.2438   0.0772   0.0159   0.0148   0.1667   0.0103
   0.1000   0.0306   2.9734   0.2717   0.5921   0.3979   0.8301   0.5803   0.5563
   0.0606   0.2534   0.0948   2.4833   0.0245   0.0375   0.1125   0.2404   0.0578
   0.0201   0.0582   0.1499   0.0178   2.2153   0.0595   0.0484   0.3244   0.0237
   0.0241   0.0040   0.0340   0.0092   0.0201   1.5087   0.1558   0.1292   0.0115
   0.0019   0.0023   0.0439   0.0171   0.0101   0.0964   1.1579   0.0898   0.0068
   0.0025   0.0301   0.0351   0.0418   0.0776   0.0915   0.1028   1.1797   0.0055
   0.0360   0.0043   0.0778   0.0232   0.0131   0.0187   0.0180   0.0127   1.2384

pp_FN1=
  12.0367   5.0667   5.9625   7.8638   4.3810   8.4756   2.9923   3.4391   7.3163
   0.2875   4.2176   0.2269   0.9147   0.3351   0.2385   0.1535   0.4725   0.1944
   1.0085   0.6764   5.6482   1.5888   2.2533   1.6912   2.1503   1.8594   1.7588
   0.4639   0.9508   0.5541   3.5781   0.3310   0.4141   0.3867   0.6212   0.3916
   0.1875   0.2527   0.5703   0.2402   2.7884   0.2913   0.2577   0.6161   0.2158
   0.1227   0.0608   0.1447   0.1016   0.0985   1.6261   0.2213   0.1974   0.0921
   0.0268   0.0242   0.1138   0.0587   0.0539   0.1369   1.1955   0.1270   0.0385
   0.0352   0.0853   0.1126   0.1079   0.1474   0.1398   0.1454   1.2312   0.0426
   0.1731   0.0811   0.2461   0.1571   0.1193   0.1506   0.1018   0.0985   1.3571

pp_FN1=
 799.0248 564.4843 709.9374 791.9991 512.9052 708.7990 367.2827 420.3035 609.8255
  32.0331  26.8941  28.6422  32.6035  20.8691  28.4928  14.8605  17.3143  24.5026
 120.0785  85.3697 112.4925 120.3438  79.4195 107.7387  57.4318  65.0934  93.0071
  46.7184  33.8907  41.9703  49.7121  30.2498  41.5857  21.8197  25.1513  35.8142
  21.9551  15.7418  20.0993  21.9512  16.8951  19.6774  10.3623  12.1757  16.8961
  10.2571   7.2659   9.2178  10.2019   6.6523  10.6466   4.9163   5.5693   7.8530
   3.2883   2.3446   3.0401   3.3118   2.1674   3.0417   2.7096   1.8590   2.5379
   4.3058   3.1257   3.9426   4.3680   2.9140   3.9427   2.1271   3.4987   3.3148
  14.4321  10.2185  13.0135  14.3686   9.3414  12.8427   6.7083   7.6575  12.2769
1st col normalized  0.985855  0.039523  0.148156  0.057642  0.027089  0.012655  0.004057  0.005313  0.017807
2nd col normalized  0.985298  0.046943  0.149011  0.059156  0.027477  0.012683  0.004092  0.005456  0.017836
3rd col normalized  0.984572  0.039722  0.156010  0.058206  0.027875  0.012784  0.004216  0.005468  0.018048
psiFN_psig          0.758293  0.030597  0.114782  0.044578  0.020983  0.009766  0.003144  0.004117  0.013741
W=       768.908620  31.025212 116.388654  45.201798  21.277203   9.902878   3.188073   4.174214  13.933350
W_der=     8.245876   0.300659   1.186696   0.511809   0.226077   0.098671   0.029309   0.045062   0.136506
W_der/W=   0.010724   0.009691   0.010196   0.011323   0.010625   0.009964   0.009193   0.010795   0.009797

gradient_vmc_FD, gradient_vmc=  0.077138  0.077138
E_L_der =         -0.0941   0.9453   0.2458  -0.9827  -0.3084   1.3486   1.9514  -0.9287   1.8000
E_L_der_increm =  -0.0941   0.9453   0.2458  -0.9827  -0.3084   1.3486   1.9514  -0.9287   1.8000
The above 2 lines should be equal
psiFN1_psig  =   0.7583   0.0306   0.1148   0.0446   0.0210   0.0098   0.0031   0.0041   0.0137
psig_increm**2=                 0.7220    0.0410    0.1221    0.0426    0.0309    0.0104    0.0065    0.0074    0.0171
psig_increm**2 * P_L_increm=    0.7278    0.0384    0.1235    0.0440    0.0277    0.0104    0.0039    0.0053    0.0141
psiFN_psig_increm=              0.7583    0.0306    0.1148    0.0446    0.0210    0.0098    0.0031    0.0041    0.0137
W_prod_increm                   1.0452    0.7432    0.9354    1.0416    0.6757    0.9302    0.4840    0.5539    0.8003
W_prod                          1.0452    0.7432    0.9354    1.0416    0.6757    0.9302    0.4840    0.5539    0.8003
W_prod_increm                  1.045203154   0.743178254   0.935386981   1.041641124   0.675680336   0.930219308   0.484035020   0.553875649   0.800311181
W_prod                         1.045203131   0.743178406   0.935387004   1.041641073   0.675680328   0.930219355   0.484035062   0.553875640   0.800311226
W_prod_der=                     0.2282   -1.5214   -0.2391    0.5084    0.0755   -0.4678   -0.4173    0.0941   -0.4459

E_FN1, E_FN1_increm, gradient_FN1_FD, gradient_FN1= -1.147888 -1.147888  0.012766  0.038127

E_FN1, E_FN1_increm, gradient_FN1_FD, gradient_FN1= -1.147888 -1.147888  0.012766  0.012766

gradient_FN1_FD, gradient_FN1, 1st+2*2nd terms, gradient_FN1_1, gradient_FN1_2, gradient_FN1_3=  0.012766  0.012766  0.013854  0.062444 -0.025383 -0.024295
------------------------------------------------------------

Data set    2

h=
  -1.0000   0.2078   0.2465  -0.1774   0.1550   0.0818   0.1172   0.0597   0.0351
   0.2078  -0.7500   0.0317   0.1078  -0.1529   0.2204  -0.0884   0.0460  -0.1722
   0.2465   0.0317  -0.5000  -0.0188   0.1205   0.0786   0.1065   0.0542  -0.2134
  -0.1774   0.1078  -0.0188  -0.2500   0.1196   0.2078   0.0252   0.1955   0.1204
   0.1550  -0.1529   0.1205   0.1196   0.0000  -0.1889   0.1373  -0.1491  -0.1836
   0.0818   0.2204   0.0786   0.2078  -0.1889   0.2500   0.0471   0.2473  -0.0761
   0.1172  -0.0884   0.1065   0.0252   0.1373   0.0471   0.5000  -0.0512   0.1073
   0.0597   0.0460   0.0542   0.1955  -0.1491   0.2473  -0.0512   0.7500  -0.1677
   0.0351  -0.1722  -0.2134   0.1204  -0.1836  -0.0761   0.1073  -0.1677   1.0000

eigenval_p,eigenval_h=  1.000000 -1.275242
psi for p    =   0.8174  -0.4330  -0.2248   0.2275  -0.1681  -0.0167  -0.0476  -0.0495  -0.0940

eigenvalues of p=  0.258397  0.352381  0.444487  0.544774  0.623958  0.705654  0.781598  0.845597  1.000000
eigenvalues of h=  1.196769  0.883489  0.576467  0.242178 -0.021770 -0.294090 -0.547235 -0.760567 -1.275242
tau, tau_max= 0.300000 0.404529
p=
   0.9174  -0.0623  -0.0740   0.0532  -0.0465  -0.0245  -0.0352  -0.0179  -0.0105
  -0.0623   0.8424  -0.0095  -0.0323   0.0459  -0.0661   0.0265  -0.0138   0.0516
  -0.0740  -0.0095   0.7674   0.0056  -0.0361  -0.0236  -0.0319  -0.0163   0.0640
   0.0532  -0.0323   0.0056   0.6924  -0.0359  -0.0623  -0.0076  -0.0587  -0.0361
  -0.0465   0.0459  -0.0361  -0.0359   0.6174   0.0567  -0.0412   0.0447   0.0551
  -0.0245  -0.0661  -0.0236  -0.0623   0.0567   0.5424  -0.0141  -0.0742   0.0228
  -0.0352   0.0265  -0.0319  -0.0076  -0.0412  -0.0141   0.4674   0.0154  -0.0322
  -0.0179  -0.0138  -0.0163  -0.0587   0.0447  -0.0742   0.0154   0.3924   0.0503
  -0.0105   0.0516   0.0640  -0.0361   0.0551   0.0228  -0.0322   0.0503   0.3174

sum_p_eig,sum_abs_p_eig,sign_condition_number=  2.078525  2.273544  0.741606

p after making eigenvec +ve =
   0.9174   0.0623   0.0740   0.0532   0.0465   0.0245   0.0352   0.0179   0.0105
   0.0623   0.8424  -0.0095   0.0323   0.0459  -0.0661   0.0265  -0.0138   0.0516
   0.0740  -0.0095   0.7674  -0.0056  -0.0361  -0.0236  -0.0319  -0.0163   0.0640
   0.0532   0.0323  -0.0056   0.6924   0.0359   0.0623   0.0076   0.0587   0.0361
   0.0465   0.0459  -0.0361   0.0359   0.6174   0.0567  -0.0412   0.0447   0.0551
   0.0245  -0.0661  -0.0236   0.0623   0.0567   0.5424  -0.0141  -0.0742   0.0228
   0.0352   0.0265  -0.0319   0.0076  -0.0412  -0.0141   0.4674   0.0154  -0.0322
   0.0179  -0.0138  -0.0163   0.0587   0.0447  -0.0742   0.0154   0.3924   0.0503
   0.0105   0.0516   0.0640   0.0361   0.0551   0.0228  -0.0322   0.0503   0.3174

1+(E_0*1-H) (i.e. p with tau=1) after making eigenvec +ve =
   0.7248  -0.2078  -0.2465  -0.1774  -0.1550  -0.0818  -0.1172  -0.0597  -0.0351
  -0.2078   0.4748   0.0317  -0.1078  -0.1529   0.2204  -0.0884   0.0460  -0.1722
  -0.2465   0.0317   0.2248   0.0188   0.1205   0.0786   0.1065   0.0542  -0.2134
  -0.1774  -0.1078   0.0188  -0.0252  -0.1196  -0.2078  -0.0252  -0.1955  -0.1204
  -0.1550  -0.1529   0.1205  -0.1196  -0.2752  -0.1889   0.1373  -0.1491  -0.1836
  -0.0818   0.2204   0.0786  -0.2078  -0.1889  -0.5252   0.0471   0.2473  -0.0761
  -0.1172  -0.0884   0.1065  -0.0252   0.1373   0.0471  -0.7752  -0.0512   0.1073
  -0.0597   0.0460   0.0542  -0.1955  -0.1491   0.2473  -0.0512  -1.0252  -0.1677
  -0.0351  -0.1722  -0.2134  -0.1204  -0.1836  -0.0761   0.1073  -0.1677  -1.2752
psi0         =   0.8174   0.4330   0.2248   0.2275   0.1681   0.0167   0.0476   0.0495   0.0940
psig         =   0.7975   0.4125   0.2799   0.2262   0.1837   0.0716   0.0560   0.0854   0.1226

E_G= -1.262361

h_imp=
  -1.0000  -0.4018  -0.7026  -0.6254  -0.6730  -0.9110  -1.6708  -0.5574  -0.2285
  -0.1075  -0.7500   0.0467  -0.1966  -0.3434   1.2703  -0.6519   0.2224  -0.5792
  -0.0865   0.0215  -0.5000   0.0232   0.1835   0.3072   0.5326   0.1778  -0.4871
  -0.0503  -0.0591   0.0152  -0.2500  -0.1473  -0.6567  -0.1019  -0.5181  -0.2221
  -0.0357  -0.0681   0.0791  -0.0971   0.0000  -0.4848   0.4509  -0.3209  -0.2751
  -0.0073   0.0382   0.0201  -0.0657  -0.0736   0.2500   0.0602   0.2073  -0.0444
  -0.0082  -0.0120   0.0213  -0.0062   0.0418   0.0368   0.5000  -0.0336   0.0490
  -0.0064   0.0095   0.0165  -0.0738  -0.0693   0.2949  -0.0781   0.7500  -0.1167
  -0.0054  -0.0512  -0.0935  -0.0652  -0.1226  -0.1304   0.2350  -0.2408   1.0000

p_imp=
   0.9174   0.1205   0.2108   0.1876   0.2019   0.2733   0.5013   0.1672   0.0686
   0.0322   0.8424  -0.0140   0.0590   0.1030  -0.3811   0.1956  -0.0667   0.1738
   0.0260  -0.0064   0.7674  -0.0070  -0.0551  -0.0922  -0.1598  -0.0533   0.1461
   0.0151   0.0177  -0.0046   0.6924   0.0442   0.1970   0.0306   0.1554   0.0666
   0.0107   0.0204  -0.0237   0.0291   0.6174   0.1454  -0.1353   0.0963   0.0825
   0.0022  -0.0115  -0.0060   0.0197   0.0221   0.5424  -0.0181  -0.0622   0.0133
   0.0025   0.0036  -0.0064   0.0019  -0.0125  -0.0110   0.4674   0.0101  -0.0147
   0.0019  -0.0029  -0.0050   0.0221   0.0208  -0.0885   0.0234   0.3924   0.0350
   0.0016   0.0154   0.0280   0.0196   0.0368   0.0391  -0.0705   0.0722   0.3174
tau_av_expon_proj    = 3.253618 1.511904 1.005106 0.867035 0.604411 0.244363 0.264447 0.438917 0.499438
tau_av_expon_proj_new= 3.633167 1.903884 1.289920 0.975379 0.784165 0.655634 0.563303 0.493768 0.439514
factor=                1.110120 1.228612 1.247074 1.117484 1.257630 1.872523 1.699855 1.117491 0.872544
factor2=                 1.1167   1.2593   1.2834   1.1250   1.2974   2.6830   2.1301   1.1250   0.8800

eigenvalues of p_imp=  0.258397  0.352381  0.444487  0.544774  0.623958  0.705654  0.781598  0.845597  1.000000
eigenvalues of h_imp=  1.196769  0.883489  0.576467  0.242178 -0.021770 -0.294090 -0.547235 -0.760567 -1.275242

eigenval_p,eigenval_h=  1.000000 -1.275242
psi0_psig    =   0.6550   0.1794   0.0632   0.0517   0.0310   0.0012   0.0027   0.0042   0.0116

imp-sampled: sum_p_eig,sum_abs_p_eig,sign_condition_number=  1.000000  1.025227  0.920307
Warning: for i=   6, p_FN1(i,i)= -3.0360E-02

p_FN1=
   0.9174   0.1205   0.2108   0.1876   0.2019   0.2733   0.5013   0.1672   0.0686
   0.0322   0.8216   0.0000   0.0590   0.1030   0.0000   0.1956   0.0000   0.1738
   0.0260   0.0000   0.7078   0.0000   0.0000   0.0000   0.0000   0.0000   0.1461
   0.0151   0.0177   0.0000   0.6855   0.0442   0.1970   0.0306   0.1554   0.0666
   0.0107   0.0204   0.0000   0.0291   0.5498   0.1454   0.0000   0.0963   0.0825
   0.0022   0.0000   0.0000   0.0197   0.0221  -0.0304   0.0000   0.0000   0.0133
   0.0025   0.0036   0.0000   0.0019   0.0000   0.0000   0.0838   0.0101   0.0000
   0.0019   0.0000   0.0000   0.0221   0.0208   0.0000   0.0234   0.2102   0.0350
   0.0016   0.0154   0.0280   0.0196   0.0368   0.0391   0.0000   0.0722   0.3027

eigenvalues of p_FN1= -0.042140  0.079501  0.184939  0.290683  0.546315  0.683089  0.700855  0.806053  0.999174
eigenvalues of h_FN1=  2.198559  1.793087  1.441629  1.089148  0.237040 -0.218873 -0.278092 -0.628752 -1.272488

eigenval_p,eigenval_h=  0.999174 -1.272488
psiFN1_psig =    0.6600   0.1697   0.0646   0.0527   0.0310   0.0032   0.0026   0.0045   0.0116

rms fluctuation of E_L   0.12187

E_0, E_G, E_FN1, E_G-E_0, E_FN1-E_0, rms fluctuation of E_L  -1.27524  -1.26236  -1.27249   0.01288   0.00275   0.12187
E_L     =  -1.3074  -1.2729  -1.0972  -1.3569  -1.2038  -0.0237  -0.7240  -0.3133  -0.9043
p_L     =   1.0105   1.0001   0.9474   1.0253   0.9794   0.6254   0.8355   0.7122   0.8896
p_abs_L =   1.0096   1.0201   1.0062   1.0315   1.0462   1.1973   1.2182   0.8937   0.9034

p_propos2=
   0.9087   0.1182   0.2095   0.1819   0.1930   0.2283   0.4115   0.1871   0.0759
   0.0319   0.8259   0.0000   0.0572   0.0985   0.0000   0.1605   0.0000   0.1923
   0.0257   0.0000   0.7627   0.0000   0.0000   0.0000   0.0000   0.0000   0.1617
   0.0149   0.0174   0.0000   0.6713   0.0422   0.1646   0.0251   0.1739   0.0738
   0.0106   0.0200   0.0000   0.0282   0.5902   0.1215   0.0000   0.1077   0.0914
   0.0022   0.0000   0.0000   0.0191   0.0211   0.4530   0.0000   0.0000   0.0148
   0.0024   0.0035   0.0000   0.0018   0.0000   0.0000   0.3837   0.0113   0.0000
   0.0019   0.0000   0.0000   0.0215   0.0199   0.0000   0.0192   0.4391   0.0388
   0.0016   0.0150   0.0279   0.0190   0.0351   0.0327   0.0000   0.0808   0.3514
psig**2=         0.6360   0.1702   0.0783   0.0512   0.0337   0.0051   0.0031   0.0073   0.0150
psig**2 * P_L=   0.6427   0.1702   0.0742   0.0525   0.0330   0.0032   0.0026   0.0052   0.0134
psiFN_psig=      0.6600   0.1697   0.0646   0.0527   0.0310   0.0032   0.0026   0.0045   0.0116
W_prod=          1.0346   0.9940   0.8226   1.0268   0.9163   0.6299   0.8289   0.6146   0.7723

p_markov=
   0.9104   0.1182   0.2088   0.1819   0.1930   0.2283   0.4115   0.1656   0.0679
   0.0316   0.8271   0.0000   0.0572   0.0985   0.0000   0.1605   0.0000   0.1703
   0.0257   0.0000   0.7634   0.0000   0.0000   0.0000   0.0000   0.0000   0.1452
   0.0146   0.0172   0.0000   0.6746   0.0422   0.1646   0.0251   0.1507   0.0646
   0.0102   0.0195   0.0000   0.0278   0.5928   0.1215   0.0000   0.0920   0.0789
   0.0018   0.0000   0.0000   0.0165   0.0184   0.4530   0.0000   0.0000   0.0111
   0.0020   0.0030   0.0000   0.0015   0.0000   0.0000   0.3837   0.0083   0.0000
   0.0019   0.0000   0.0000   0.0215   0.0199   0.0000   0.0192   0.5034   0.0388
   0.0016   0.0150   0.0279   0.0190   0.0351   0.0327   0.0000   0.0800   0.4231

eigenvalues of p_markov=  0.371755  0.383699  0.427184  0.495840  0.589421  0.705762  0.741561  0.816455  1.000000
eigenvalues of h_markov=  0.818909  0.779096  0.634143  0.405290  0.093355 -0.294450 -0.413779 -0.663424 -1.275242

eigenval_p,eigenval_h=  1.000000 -1.272488
psi for p_mar=   0.6360   0.1702   0.0783   0.0512   0.0337   0.0051   0.0031   0.0073   0.0150
psig**2      =   0.6360   0.1702   0.0783   0.0512   0.0337   0.0051   0.0031   0.0073   0.0150
Above 2 lines should be equal since Markov matrix has dominant state psig**2
The exception to this occurs when there is no sign problem, but some components of psig have the wrong sign, in which case one has 2 decoupled spaces with degenerate dominant eigenvalues

p_FN3=
   0.9200   0.1182   0.1978   0.1865   0.1890   0.1427   0.3437   0.1180   0.0604
   0.0319   0.8272   0.0000   0.0586   0.0965   0.0000   0.1341   0.0000   0.1515
   0.0260   0.0000   0.7232   0.0000   0.0000   0.0000   0.0000   0.0000   0.1292
   0.0148   0.0172   0.0000   0.6917   0.0414   0.1029   0.0210   0.1073   0.0575
   0.0103   0.0195   0.0000   0.0286   0.5806   0.0760   0.0000   0.0655   0.0702
   0.0019   0.0000   0.0000   0.0169   0.0181   0.2833   0.0000   0.0000   0.0099
   0.0020   0.0030   0.0000   0.0016   0.0000   0.0000   0.3206   0.0059   0.0000
   0.0019   0.0000   0.0000   0.0220   0.0195   0.0000   0.0161   0.3586   0.0345
   0.0016   0.0150   0.0264   0.0195   0.0344   0.0204   0.0000   0.0570   0.3764

eigenvalues of p_FN3=  0.272611  0.310907  0.325561  0.381172  0.575209  0.692906  0.712203  0.811895  0.999087
eigenvalues of h_FN3=  1.149388  1.021736  0.972887  0.787520  0.140728 -0.251596 -0.315917 -0.648224 -1.272198

eigenval_p,eigenval_h=  0.999087 -1.269444
psiFN3_psig  =   0.6552   0.1701   0.0676   0.0510   0.0313   0.0039   0.0029   0.0054   0.0126

p_FN4=
   0.9182   0.1182   0.1984   0.1865   0.1890   0.1427   0.3437   0.1333   0.0675
   0.0323   0.8259   0.0000   0.0586   0.0965   0.0000   0.1341   0.0000   0.1711
   0.0260   0.0000   0.7226   0.0000   0.0000   0.0000   0.0000   0.0000   0.1439
   0.0151   0.0174   0.0000   0.6883   0.0414   0.1029   0.0210   0.1239   0.0656
   0.0107   0.0200   0.0000   0.0290   0.5780   0.0760   0.0000   0.0767   0.0813
   0.0022   0.0000   0.0000   0.0196   0.0207   0.2833   0.0000   0.0000   0.0131
   0.0025   0.0035   0.0000   0.0019   0.0000   0.0000   0.3206   0.0080   0.0000
   0.0019   0.0000   0.0000   0.0220   0.0195   0.0000   0.0161   0.3128   0.0345
   0.0016   0.0150   0.0264   0.0195   0.0344   0.0204   0.0000   0.0576   0.3126

eigenvalues of p_FN4=  0.252676  0.280115  0.315229  0.332188  0.571778  0.689854  0.711001  0.810400  0.998934
eigenvalues of h_FN4=  1.215840  1.124374  1.007328  0.950798  0.152164 -0.241422 -0.311912 -0.643242 -1.271687

eigenval_p,eigenval_h=  0.998934 -1.268933
psiFN4_psig  =   0.6525   0.1714   0.0673   0.0518   0.0323   0.0046   0.0035   0.0051   0.0115

E_G, E_FN1, E_FN3, E_FN4, E_0, recover_FN1, recover_FN3, recover_FN4, 1-ovlp_FN1, 1-ovlp_FN3, 1-ovlp_FN4, sign_cond_num= -1.262361 -1.272488 -1.269444 -1.268933 -1.275242 0.786 0.550 0.510 1.E-04 1.E-04 9.E-05 0.920

p_propos2=
   0.9087   0.1205   0.2225   0.1830   0.2061   0.4370   0.6000   0.2348   0.0771
   0.0319   0.8224   0.0000   0.0575   0.1052   0.0000   0.2341   0.0000   0.1953
   0.0257   0.0000   0.7479   0.0000   0.0000   0.0000   0.0000   0.0000   0.1643
   0.0149   0.0177   0.0000   0.6693   0.0451   0.3151   0.0366   0.2182   0.0749
   0.0106   0.0204   0.0000   0.0284   0.5622   0.2326   0.0000   0.1352   0.0928
   0.0022   0.0000   0.0000   0.0192   0.0225  -0.0472   0.0000   0.0000   0.0150
   0.0024   0.0036   0.0000   0.0018   0.0000   0.0000   0.1013   0.0141   0.0000
   0.0019   0.0000   0.0000   0.0216   0.0212   0.0000   0.0280   0.2962   0.0394
   0.0016   0.0153   0.0296   0.0191   0.0375   0.0626   0.0000   0.1014   0.3413

eigenvalues of p_FN1_propos= -0.065413  0.096305  0.247039  0.338603  0.559587  0.688169  0.727434  0.810471  1.000000
psi for p_FN1_propos=   0.6447   0.1707   0.0744   0.0526   0.0331   0.0032   0.0026   0.0052   0.0134
psig**2 * P_L       =   0.6447   0.1707   0.0744   0.0526   0.0331   0.0032   0.0026   0.0052   0.0134
Above 2 lines should be equal since proposal part of p_FN1 has dominant state psig**2 * P_L
The exception to this occurs when there is no sign problem, but some components of psig have the wrong sign, in which case one has 2 decoupled spaces with degenerate dominant eigenvalues

pp_FN1=
   1.9183   0.1205   0.2108   0.1876   0.2019   0.2733   0.5013   0.1672   0.0686
   0.0322   1.8225   0.0000   0.0590   0.1030   0.0000   0.1956   0.0000   0.1738
   0.0260   0.0000   1.7086   0.0000   0.0000   0.0000   0.0000   0.0000   0.1461
   0.0151   0.0177   0.0000   1.6863   0.0442   0.1970   0.0306   0.1554   0.0666
   0.0107   0.0204   0.0000   0.0291   1.5506   0.1454   0.0000   0.0963   0.0825
   0.0022   0.0000   0.0000   0.0197   0.0221   0.9705   0.0000   0.0000   0.0133
   0.0025   0.0036   0.0000   0.0019   0.0000   0.0000   1.0846   0.0101   0.0000
   0.0019   0.0000   0.0000   0.0221   0.0208   0.0000   0.0234   1.2110   0.0350
   0.0016   0.0154   0.0280   0.0196   0.0368   0.0391   0.0000   0.0722   1.3036

pp_FN1=
   2.7781   0.3406   0.5556   0.5130   0.5312   0.5852   1.0372   0.4147   0.2427
   0.0911   2.5093   0.0117   0.1608   0.2600   0.0422   0.3909   0.0390   0.3841
   0.0684   0.0054   2.2203   0.0077   0.0106   0.0128   0.0130   0.0149   0.2958
   0.0413   0.0484   0.0050   2.1711   0.1137   0.3396   0.0688   0.3068   0.1484
   0.0282   0.0516   0.0046   0.0750   1.8677   0.2331   0.0125   0.1819   0.1646
   0.0047   0.0013   0.0008   0.0340   0.0354   0.9796   0.0017   0.0065   0.0203
   0.0051   0.0072   0.0005   0.0042   0.0012   0.0010   1.0940   0.0137   0.0013
   0.0048   0.0017   0.0014   0.0437   0.0393   0.0093   0.0320   1.2640   0.0564
   0.0057   0.0339   0.0568   0.0436   0.0733   0.0595   0.0061   0.1163   1.4100

pp_FN1=
   3.5948   0.6424   0.9860   0.9362   0.9416   0.9298   1.5723   0.7109   0.5049
   0.1719   3.0903   0.0382   0.2930   0.4431   0.1082   0.5753   0.1052   0.5947
   0.1214   0.0176   2.5960   0.0252   0.0320   0.0330   0.0370   0.0383   0.4219
   0.0753   0.0881   0.0164   2.5204   0.1912   0.4514   0.1095   0.4315   0.2264
   0.0500   0.0879   0.0138   0.1261   2.0577   0.2937   0.0318   0.2466   0.2302
   0.0075   0.0033   0.0022   0.0452   0.0446   0.9850   0.0039   0.0123   0.0253
   0.0077   0.0106   0.0015   0.0067   0.0030   0.0024   1.0970   0.0156   0.0029
   0.0081   0.0045   0.0036   0.0614   0.0532   0.0176   0.0364   1.2825   0.0685
   0.0119   0.0525   0.0810   0.0665   0.1025   0.0742   0.0141   0.1412   1.4564

pp_FN1=
  10.8308   5.8691   6.4119   7.0322   6.4374   4.9165   6.9425   4.4970   4.9185
   1.5701   6.2488   0.9270   2.0537   2.2637   1.1112   2.1344   1.1130   2.2491
   0.7895   0.4267   3.8935   0.5191   0.5019   0.3817   0.4937   0.3858   1.0659
   0.5657   0.6176   0.3392   3.7060   0.8017   0.9670   0.5428   0.9788   0.7382
   0.3415   0.4489   0.2162   0.5287   2.5645   0.5556   0.2856   0.5184   0.5469
   0.0396   0.0335   0.0250   0.0968   0.0843   1.0123   0.0302   0.0405   0.0545
   0.0342   0.0393   0.0197   0.0332   0.0265   0.0184   1.1191   0.0313   0.0227
   0.0515   0.0477   0.0359   0.1394   0.1120   0.0577   0.0730   1.3272   0.1139
   0.1162   0.1987   0.2046   0.2168   0.2436   0.1600   0.1088   0.2349   1.5909

pp_FN1=
 691.5991 659.7408 547.7296 682.5964 609.2792 419.3894 552.3358 408.8986 513.0083
 176.4924 174.5505 139.9659 175.7443 157.2806 107.6511 142.3444 105.0722 132.9086
  67.4449  64.4247  56.9210  66.6515  59.5164  40.9588  53.8876  39.9765  50.8118
  54.9138  52.8501  43.5456  57.6692  48.9477  34.0666  44.0920  33.2763  41.3160
  32.3243  31.1914  25.6428  32.2795  30.8975  20.0325  25.9144  19.5230  24.4267
   3.3778   3.2410   2.6790   3.4105   3.0411   3.0451   2.7049   2.0240   2.5466
   2.7189   2.6192   2.1542   2.6979   2.4044   1.6532   3.2703   1.6264   2.0269
   4.6848   4.5000   3.7196   4.7391   4.2161   2.8792   3.7855   4.0803   3.5729
  12.1232  11.7407   9.7516  12.1365  10.8805   7.4720   9.7305   7.3696  10.5565
1st col normalized  0.960688  0.245162  0.093687  0.076280  0.044901  0.004692  0.003777  0.006508  0.016840
2nd col normalized  0.958446  0.253580  0.093594  0.076779  0.045314  0.004708  0.003805  0.006537  0.017056
3rd col normalized  0.960024  0.245323  0.099767  0.076324  0.044945  0.004696  0.003776  0.006519  0.017092
psiFN_psig          0.660036  0.169652  0.064622  0.052700  0.031014  0.003237  0.002603  0.004493  0.011643
W=       669.276574 172.027261  65.526671  53.438040  31.447777   3.282106   2.639649   4.555563  11.806358
W_der=     2.541814   0.283937   0.239537   0.200726   0.117781   0.007715   0.010156   0.015832   0.043613
W_der/W=   0.003798   0.001651   0.003656   0.003756   0.003745   0.002351   0.003848   0.003475   0.003694

gradient_vmc_FD, gradient_vmc= -0.008683 -0.008683
Warning: for i=   6, p_FN1(i,i)= -3.0360E-02
E_L_der =         -0.2606   1.2676   0.1132  -0.4767  -0.8326   3.0797  -1.5804   0.5392  -1.4042
E_L_der_increm =  -0.2606   1.2676   0.1132  -0.4767  -0.8326   3.0797  -1.5804   0.5392  -1.4042
The above 2 lines should be equal
psiFN1_psig  =   0.6600   0.1697   0.0646   0.0527   0.0310   0.0032   0.0026   0.0045   0.0116
psig_increm**2=                 0.6360    0.1702    0.0783    0.0512    0.0337    0.0051    0.0031    0.0073    0.0150
psig_increm**2 * P_L_increm=    0.6427    0.1702    0.0742    0.0525    0.0330    0.0032    0.0026    0.0052    0.0134
