Input hamiltonian
hamiltonian=random                                                                          
Input ndim, E_T, tau
ndim, E_T, tau=    9-20.000000 0.020000
Input fraction_positive, off_diag_mag, psig_noise
fraction_positive, off_diag_mag,psig_noise= 1.000000 0.500000 0.200000
psig_correct_sign
psig_correct_sign= F
Input irand_seed
irand_seed=1425565376542456

Data set    1

h=
  -1.0000  -0.1700  -0.1099  -0.4196  -0.1870  -0.0711  -0.2866  -0.3428  -0.4790
  -0.1700  -0.7500  -0.1641  -0.0472  -0.3042  -0.1121  -0.0931  -0.3299  -0.4853
  -0.1099  -0.1641  -0.5000  -0.1335  -0.4961  -0.3461  -0.4734  -0.3902  -0.0130
  -0.4196  -0.0472  -0.1335  -0.2500  -0.3211  -0.4726  -0.2046  -0.1250  -0.2763
  -0.1870  -0.3042  -0.4961  -0.3211   0.0000  -0.2710  -0.1125  -0.4732  -0.2893
  -0.0711  -0.1121  -0.3461  -0.4726  -0.2710   0.2500  -0.4776  -0.4455  -0.3272
  -0.2866  -0.0931  -0.4734  -0.2046  -0.1125  -0.4776   0.5000  -0.4575  -0.3775
  -0.3428  -0.3299  -0.3902  -0.1250  -0.4732  -0.4455  -0.4575   0.7500  -0.3025
  -0.4790  -0.4853  -0.0130  -0.2763  -0.2893  -0.3272  -0.3775  -0.3025   1.0000

eigenval_p,eigenval_h=  1.000000 -2.370229
psi for p    =   0.4562   0.3342   0.3623   0.3185   0.3385   0.3031   0.2851   0.3050   0.2583

eigenvalues of p=  0.924912  0.928440  0.934224  0.945119  0.948103  0.956397  0.966213  0.969951  1.000000
eigenvalues of h=  1.384192  1.207773  0.918559  0.373842  0.224625 -0.190092 -0.680871 -0.867801 -2.370229
tau, tau_max= 0.020000 0.266353
p=
   0.9726   0.0034   0.0022   0.0084   0.0037   0.0014   0.0057   0.0069   0.0096
   0.0034   0.9676   0.0033   0.0009   0.0061   0.0022   0.0019   0.0066   0.0097
   0.0022   0.0033   0.9626   0.0027   0.0099   0.0069   0.0095   0.0078   0.0003
   0.0084   0.0009   0.0027   0.9576   0.0064   0.0095   0.0041   0.0025   0.0055
   0.0037   0.0061   0.0099   0.0064   0.9526   0.0054   0.0022   0.0095   0.0058
   0.0014   0.0022   0.0069   0.0095   0.0054   0.9476   0.0096   0.0089   0.0065
   0.0057   0.0019   0.0095   0.0041   0.0022   0.0096   0.9426   0.0091   0.0076
   0.0069   0.0066   0.0078   0.0025   0.0095   0.0089   0.0091   0.9376   0.0061
   0.0096   0.0097   0.0003   0.0055   0.0058   0.0065   0.0076   0.0061   0.9326

sum_p_eig,sum_abs_p_eig,sign_condition_number=  2.961211  2.961211  1.000000

p after making eigenvec +ve =
   0.9726   0.0034   0.0022   0.0084   0.0037   0.0014   0.0057   0.0069   0.0096
   0.0034   0.9676   0.0033   0.0009   0.0061   0.0022   0.0019   0.0066   0.0097
   0.0022   0.0033   0.9626   0.0027   0.0099   0.0069   0.0095   0.0078   0.0003
   0.0084   0.0009   0.0027   0.9576   0.0064   0.0095   0.0041   0.0025   0.0055
   0.0037   0.0061   0.0099   0.0064   0.9526   0.0054   0.0022   0.0095   0.0058
   0.0014   0.0022   0.0069   0.0095   0.0054   0.9476   0.0096   0.0089   0.0065
   0.0057   0.0019   0.0095   0.0041   0.0022   0.0096   0.9426   0.0091   0.0076
   0.0069   0.0066   0.0078   0.0025   0.0095   0.0089   0.0091   0.9376   0.0061
   0.0096   0.0097   0.0003   0.0055   0.0058   0.0065   0.0076   0.0061   0.9326

1+(E_0*1-H) (i.e. p with tau=1) after making eigenvec +ve =
  -0.3702  -0.1700  -0.1099  -0.4196  -0.1870  -0.0711  -0.2866  -0.3428  -0.4790
  -0.1700  -0.6202  -0.1641  -0.0472  -0.3042  -0.1121  -0.0931  -0.3299  -0.4853
  -0.1099  -0.1641  -0.8702  -0.1335  -0.4961  -0.3461  -0.4734  -0.3902  -0.0130
  -0.4196  -0.0472  -0.1335  -1.1202  -0.3211  -0.4726  -0.2046  -0.1250  -0.2763
  -0.1870  -0.3042  -0.4961  -0.3211  -1.3702  -0.2710  -0.1125  -0.4732  -0.2893
  -0.0711  -0.1121  -0.3461  -0.4726  -0.2710  -1.6202  -0.4776  -0.4455  -0.3272
  -0.2866  -0.0931  -0.4734  -0.2046  -0.1125  -0.4776  -1.8702  -0.4575  -0.3775
  -0.3428  -0.3299  -0.3902  -0.1250  -0.4732  -0.4455  -0.4575  -2.1202  -0.3025
  -0.4790  -0.4853  -0.0130  -0.2763  -0.2893  -0.3272  -0.3775  -0.3025  -2.3702
psi0         =   0.4562   0.3342   0.3623   0.3185   0.3385   0.3031   0.2851   0.3050   0.2583
psig         =   0.3736   0.2399   0.4543   0.2985   0.4356   0.2757   0.2067   0.3878   0.2203

E_G= -2.258279

h_imp=
  -1.0000  -0.2648  -0.0904  -0.5251  -0.1603  -0.0963  -0.5180  -0.3302  -0.8122
  -0.1092  -0.7500  -0.0867  -0.0379  -0.1675  -0.0976  -0.1081  -0.2041  -0.5285
  -0.1336  -0.3107  -0.5000  -0.2031  -0.5173  -0.5703  -1.0406  -0.4571  -0.0268
  -0.3353  -0.0587  -0.0877  -0.2500  -0.2200  -0.5118  -0.2956  -0.0962  -0.3745
  -0.2181  -0.5524  -0.4758  -0.4685   0.0000  -0.4283  -0.2371  -0.5315  -0.5721
  -0.0524  -0.1289  -0.2100  -0.4365  -0.1715   0.2500  -0.6371  -0.3167  -0.4095
  -0.1585  -0.0802  -0.2154  -0.1416  -0.0534  -0.3580   0.5000  -0.2438  -0.3541
  -0.3559  -0.5333  -0.3331  -0.1624  -0.4212  -0.6267  -0.8585   0.7500  -0.5326
  -0.2824  -0.4456  -0.0063  -0.2039  -0.1463  -0.2615  -0.4025  -0.1719   1.0000

p_imp=
   0.9726   0.0053   0.0018   0.0105   0.0032   0.0019   0.0104   0.0066   0.0162
   0.0022   0.9676   0.0017   0.0008   0.0034   0.0020   0.0022   0.0041   0.0106
   0.0027   0.0062   0.9626   0.0041   0.0103   0.0114   0.0208   0.0091   0.0005
   0.0067   0.0012   0.0018   0.9576   0.0044   0.0102   0.0059   0.0019   0.0075
   0.0044   0.0110   0.0095   0.0094   0.9526   0.0086   0.0047   0.0106   0.0114
   0.0010   0.0026   0.0042   0.0087   0.0034   0.9476   0.0127   0.0063   0.0082
   0.0032   0.0016   0.0043   0.0028   0.0011   0.0072   0.9426   0.0049   0.0071
   0.0071   0.0107   0.0067   0.0032   0.0084   0.0125   0.0172   0.9376   0.0107
   0.0056   0.0089   0.0001   0.0041   0.0029   0.0052   0.0080   0.0034   0.9326
tau_av_expon_proj    = 0.607732 0.421123 0.664283 0.458902 0.538319 0.338930 0.244050 0.425269 0.276980
tau_av_expon_proj_new= 0.729805 0.617197 0.534694 0.471647 0.421900 0.381646 0.348404 0.320489 0.296716
factor=                1.182071 1.373943 0.784774 1.027391 0.758859 1.118429 1.349214 0.721130 1.068776
factor2=                 1.2009   1.4656   0.8049   1.0278   0.7837   1.1260   1.4276   0.7536   1.0713

eigenvalues of p_imp=  0.924912  0.928440  0.934224  0.945119  0.948103  0.956397  0.966213  0.969951  1.000000
eigenvalues of h_imp=  1.384192  1.207773  0.918559  0.373842  0.224625 -0.190092 -0.680871 -0.867801 -2.370229

eigenval_p,eigenval_h=  1.000000 -2.370229
psi0_psig    =   0.1747   0.0822   0.1687   0.0975   0.1512   0.0857   0.0604   0.1213   0.0583

imp-sampled: sum_p_eig,sum_abs_p_eig,sign_condition_number=  1.000000  1.000000  1.000000

p_FN1=
   0.9726   0.0053   0.0018   0.0105   0.0032   0.0019   0.0104   0.0066   0.0162
   0.0022   0.9676   0.0017   0.0008   0.0034   0.0020   0.0022   0.0041   0.0106
   0.0027   0.0062   0.9626   0.0041   0.0103   0.0114   0.0208   0.0091   0.0005
   0.0067   0.0012   0.0018   0.9576   0.0044   0.0102   0.0059   0.0019   0.0075
   0.0044   0.0110   0.0095   0.0094   0.9526   0.0086   0.0047   0.0106   0.0114
   0.0010   0.0026   0.0042   0.0087   0.0034   0.9476   0.0127   0.0063   0.0082
   0.0032   0.0016   0.0043   0.0028   0.0011   0.0072   0.9426   0.0049   0.0071
   0.0071   0.0107   0.0067   0.0032   0.0084   0.0125   0.0172   0.9376   0.0107
   0.0056   0.0089   0.0001   0.0041   0.0029   0.0052   0.0080   0.0034   0.9326

eigenvalues of p_FN1=  0.924912  0.928440  0.934224  0.945119  0.948103  0.956397  0.966213  0.969951  1.000000
eigenvalues of h_FN1=  1.384192  1.207773  0.918559  0.373842  0.224625 -0.190092 -0.680871 -0.867801 -2.370229

eigenval_p,eigenval_h=  1.000000 -2.370229
psiFN1_psig =    0.1747   0.0822   0.1687   0.0975   0.1512   0.0857   0.0604   0.1213   0.0583

E_0, E_G, E_FN1, E_G-E_0, E_FN1-E_0, rms fluctuation of E_L  -2.37023  -2.25828  -2.37023   0.11195   0.00000   0.54580
E_L     =  -2.6455  -3.1246  -2.0054  -2.4291  -1.8576  -2.7005  -3.5975  -1.6015  -2.6104
p_L     =   1.0055   1.0151   0.9927   1.0012   0.9897   1.0066   1.0245   0.9846   1.0048
p_abs_L =   1.0055   1.0151   0.9927   1.0012   0.9897   1.0066   1.0245   0.9846   1.0048

p_propos2=
   0.9673   0.0052   0.0018   0.0105   0.0032   0.0019   0.0101   0.0067   0.0162
   0.0022   0.9532   0.0017   0.0008   0.0034   0.0019   0.0021   0.0041   0.0105
   0.0027   0.0061   0.9697   0.0041   0.0105   0.0113   0.0203   0.0093   0.0005
   0.0067   0.0012   0.0018   0.9565   0.0044   0.0102   0.0058   0.0020   0.0075
   0.0043   0.0109   0.0096   0.0094   0.9625   0.0085   0.0046   0.0108   0.0114
   0.0010   0.0025   0.0042   0.0087   0.0035   0.9414   0.0124   0.0064   0.0082
   0.0032   0.0016   0.0043   0.0028   0.0011   0.0071   0.9200   0.0050   0.0070
   0.0071   0.0105   0.0067   0.0032   0.0085   0.0125   0.0168   0.9522   0.0106
   0.0056   0.0088   0.0001   0.0041   0.0030   0.0052   0.0079   0.0035   0.9281
psig**2=         0.1396   0.0576   0.2064   0.0891   0.1898   0.0760   0.0427   0.1504   0.0485
psig**2 * P_L=   0.1403   0.0584   0.2048   0.0892   0.1878   0.0765   0.0438   0.1481   0.0488
psiFN_psig=      0.1747   0.0822   0.1687   0.0975   0.1512   0.0857   0.0604   0.1213   0.0583
W_prod=          1.2492   1.4251   0.8159   1.0914   0.7948   1.1246   1.4114   0.8045   1.1993

p_markov=
   0.9674   0.0052   0.0018   0.0104   0.0032   0.0019   0.0101   0.0066   0.0162
   0.0022   0.9532   0.0017   0.0007   0.0033   0.0019   0.0021   0.0040   0.0104
   0.0027   0.0061   0.9699   0.0041   0.0104   0.0113   0.0203   0.0092   0.0005
   0.0067   0.0012   0.0018   0.9567   0.0044   0.0102   0.0058   0.0019   0.0075
   0.0043   0.0109   0.0096   0.0094   0.9628   0.0085   0.0046   0.0107   0.0114
   0.0010   0.0025   0.0042   0.0087   0.0034   0.9415   0.0124   0.0063   0.0081
   0.0031   0.0016   0.0042   0.0028   0.0010   0.0070   0.9200   0.0048   0.0069
   0.0071   0.0105   0.0067   0.0032   0.0085   0.0125   0.0168   0.9531   0.0106
   0.0056   0.0088   0.0001   0.0041   0.0029   0.0052   0.0079   0.0034   0.9284

eigenvalues of p_markov=  0.913080  0.922962  0.934829  0.947354  0.951118  0.955722  0.958186  0.969745  1.000000
eigenvalues of h_markov=  1.975750  1.481683  0.888303  0.262053  0.073860 -0.156317 -0.279512 -0.857473 -2.370229

eigenval_p,eigenval_h=  1.000000 -2.370229
psi for p_mar=   0.1396   0.0576   0.2064   0.0891   0.1898   0.0760   0.0427   0.1504   0.0485
psig**2      =   0.1396   0.0576   0.2064   0.0891   0.1898   0.0760   0.0427   0.1504   0.0485
Above 2 lines should be equal since Markov matrix has dominant state psig**2
The exception to this occurs when there is no sign problem, but some components of psig have the wrong sign, in which case one has 2 decoupled spaces with degenerate dominant eigenvalues

p_FN3=
   0.9727   0.0053   0.0018   0.0105   0.0032   0.0019   0.0104   0.0065   0.0162
   0.0022   0.9676   0.0017   0.0007   0.0033   0.0019   0.0022   0.0040   0.0105
   0.0027   0.0062   0.9629   0.0041   0.0103   0.0114   0.0208   0.0091   0.0005
   0.0067   0.0012   0.0017   0.9578   0.0044   0.0102   0.0059   0.0019   0.0075
   0.0044   0.0110   0.0095   0.0094   0.9529   0.0086   0.0047   0.0106   0.0114
   0.0010   0.0026   0.0041   0.0087   0.0034   0.9477   0.0127   0.0062   0.0082
   0.0031   0.0016   0.0042   0.0028   0.0010   0.0070   0.9426   0.0047   0.0069
   0.0071   0.0107   0.0067   0.0032   0.0084   0.0125   0.0172   0.9384   0.0107
   0.0056   0.0089   0.0001   0.0041   0.0029   0.0052   0.0080   0.0034   0.9329

eigenvalues of p_FN3=  0.925223  0.929223  0.934389  0.945459  0.948333  0.956599  0.966269  0.970087  0.999906
eigenvalues of h_FN3=  1.368617  1.168607  0.910306  0.356803  0.213143 -0.200160 -0.683698 -0.874555 -2.365506

eigenval_p,eigenval_h=  0.999906 -2.365506
psiFN3_psig  =   0.1743   0.0812   0.1696   0.0976   0.1524   0.0852   0.0590   0.1226   0.0582

p_FN4=
   0.9726   0.0053   0.0018   0.0105   0.0032   0.0019   0.0104   0.0066   0.0162
   0.0022   0.9676   0.0017   0.0008   0.0034   0.0020   0.0022   0.0041   0.0106
   0.0027   0.0062   0.9626   0.0041   0.0103   0.0114   0.0208   0.0091   0.0005
   0.0067   0.0012   0.0018   0.9576   0.0044   0.0102   0.0059   0.0019   0.0075
   0.0044   0.0110   0.0095   0.0094   0.9526   0.0086   0.0047   0.0106   0.0114
   0.0010   0.0026   0.0042   0.0087   0.0034   0.9476   0.0127   0.0063   0.0082
   0.0032   0.0016   0.0043   0.0028   0.0011   0.0072   0.9426   0.0049   0.0071
   0.0071   0.0107   0.0067   0.0032   0.0084   0.0125   0.0172   0.9376   0.0107
   0.0056   0.0089   0.0001   0.0041   0.0029   0.0052   0.0080   0.0034   0.9326

eigenvalues of p_FN4=  0.924912  0.928440  0.934224  0.945119  0.948103  0.956397  0.966213  0.969951  1.000000
eigenvalues of h_FN4=  1.384192  1.207773  0.918559  0.373842  0.224625 -0.190092 -0.680871 -0.867801 -2.370229

eigenval_p,eigenval_h=  1.000000 -2.370229
psiFN4_psig  =   0.1747   0.0822   0.1687   0.0975   0.1512   0.0857   0.0604   0.1213   0.0583

E_G, E_FN1, E_FN3, E_FN4, E_0, recover_FN1, recover_FN3, recover_FN4, 1-ovlp_FN1, 1-ovlp_FN3, 1-ovlp_FN4, sign_cond_num= -2.258279 -2.370229 -2.365506 -2.370229 -2.370229 1.000 0.958 1.000 0.E+00 3.E-05 0.E+00 1.000

p_propos2=
   0.9673   0.0052   0.0018   0.0105   0.0032   0.0019   0.0101   0.0067   0.0162
   0.0022   0.9532   0.0017   0.0008   0.0034   0.0019   0.0021   0.0041   0.0105
   0.0027   0.0061   0.9697   0.0041   0.0105   0.0113   0.0203   0.0093   0.0005
   0.0067   0.0012   0.0018   0.9565   0.0044   0.0102   0.0058   0.0020   0.0075
   0.0043   0.0109   0.0096   0.0094   0.9625   0.0085   0.0046   0.0108   0.0114
   0.0010   0.0025   0.0042   0.0087   0.0035   0.9414   0.0124   0.0064   0.0082
   0.0032   0.0016   0.0043   0.0028   0.0011   0.0071   0.9200   0.0050   0.0070
   0.0071   0.0105   0.0067   0.0032   0.0085   0.0125   0.0168   0.9522   0.0106
   0.0056   0.0088   0.0001   0.0041   0.0030   0.0052   0.0079   0.0035   0.9281

eigenvalues of p_FN1_propos=  0.912891  0.922740  0.934418  0.946888  0.950826  0.955562  0.957978  0.969550  1.000000
psi for p_FN1_propos=   0.1406   0.0586   0.2053   0.0894   0.1883   0.0767   0.0439   0.1484   0.0489
psig**2 * P_L       =   0.1406   0.0586   0.2053   0.0894   0.1883   0.0767   0.0439   0.1484   0.0489
Above 2 lines should be equal since proposal part of p_FN1 has dominant state psig**2 * P_L
The exception to this occurs when there is no sign problem, but some components of psig have the wrong sign, in which case one has 2 decoupled spaces with degenerate dominant eigenvalues

pp_FN1=
   1.9726   0.0053   0.0018   0.0105   0.0032   0.0019   0.0104   0.0066   0.0162
   0.0022   1.9676   0.0017   0.0008   0.0034   0.0020   0.0022   0.0041   0.0106
   0.0027   0.0062   1.9626   0.0041   0.0103   0.0114   0.0208   0.0091   0.0005
   0.0067   0.0012   0.0018   1.9576   0.0044   0.0102   0.0059   0.0019   0.0075
   0.0044   0.0110   0.0095   0.0094   1.9526   0.0086   0.0047   0.0106   0.0114
   0.0010   0.0026   0.0042   0.0087   0.0034   1.9476   0.0127   0.0063   0.0082
   0.0032   0.0016   0.0043   0.0028   0.0011   0.0072   1.9426   0.0049   0.0071
   0.0071   0.0107   0.0067   0.0032   0.0084   0.0125   0.0172   1.9376   0.0107
   0.0056   0.0089   0.0001   0.0041   0.0029   0.0052   0.0080   0.0034   1.9326

pp_FN1=
   2.9188   0.0159   0.0055   0.0309   0.0096   0.0060   0.0306   0.0194   0.0475
   0.0065   2.9040   0.0052   0.0024   0.0099   0.0059   0.0065   0.0120   0.0308
   0.0081   0.0185   2.8895   0.0122   0.0303   0.0336   0.0609   0.0268   0.0021
   0.0198   0.0037   0.0053   2.8748   0.0129   0.0299   0.0175   0.0058   0.0220
   0.0130   0.0326   0.0279   0.0275   2.8604   0.0253   0.0144   0.0310   0.0335
   0.0033   0.0078   0.0124   0.0255   0.0101   2.8459   0.0372   0.0185   0.0239
   0.0094   0.0049   0.0126   0.0084   0.0032   0.0209   2.8315   0.0142   0.0206
   0.0209   0.0313   0.0196   0.0098   0.0246   0.0366   0.0500   2.8171   0.0312
   0.0165   0.0260   0.0005   0.0120   0.0086   0.0153   0.0234   0.0101   2.8027

pp_FN1=
   3.8396   0.0317   0.0110   0.0608   0.0191   0.0125   0.0603   0.0381   0.0927
   0.0131   3.8105   0.0102   0.0049   0.0195   0.0118   0.0132   0.0235   0.0599
   0.0163   0.0367   3.7824   0.0243   0.0594   0.0660   0.1188   0.0526   0.0053
   0.0388   0.0076   0.0105   3.7537   0.0253   0.0583   0.0345   0.0117   0.0430
   0.0260   0.0641   0.0546   0.0539   3.7258   0.0498   0.0292   0.0604   0.0654
   0.0068   0.0155   0.0243   0.0497   0.0200   3.6979   0.0723   0.0359   0.0465
   0.0184   0.0098   0.0246   0.0165   0.0066   0.0406   3.6700   0.0276   0.0399
   0.0411   0.0613   0.0383   0.0197   0.0478   0.0711   0.0971   3.6426   0.0607
   0.0322   0.0505   0.0012   0.0234   0.0167   0.0297   0.0453   0.0196   3.6149

pp_FN1=
  11.8404   0.4664   0.1747   0.7788   0.2759   0.2410   0.7876   0.4835   1.1149
   0.1924  11.4599   0.1446   0.0922   0.2517   0.1781   0.2091   0.2914   0.6952
   0.2583   0.5183  11.1458   0.3613   0.7287   0.8431   1.4241   0.6531   0.1901
   0.4973   0.1427   0.1561  10.7979   0.3165   0.6923   0.4590   0.1775   0.5281
   0.3752   0.8299   0.6702   0.6740  10.5009   0.6504   0.4714   0.7090   0.7926
   0.1313   0.2351   0.3105   0.5904   0.2605  10.2011   0.8445   0.4200   0.5466
   0.2410   0.1552   0.2947   0.2199   0.1061   0.4745   9.9027   0.3172   0.4514
   0.5210   0.7614   0.4760   0.2995   0.5619   0.8312   1.1172   9.6355   0.7279
   0.3877   0.5862   0.0447   0.2876   0.2027   0.3491   0.5130   0.2349   9.3454

pp_FN1=
 235.1124 232.0362 131.5593 181.9328 129.5379 182.6030 232.5880 132.6318 200.9235
  95.6918 138.5433  62.7782  82.9609  62.1476  86.4425 108.4318  63.0256  95.5171
 194.5232 225.0815 154.6557 172.2662 129.1716 181.7813 229.7555 129.9820 188.3835
 116.1811 128.4632  74.4003 122.4886  73.5618 105.7682 130.3445  73.7604 111.3846
 176.1553 204.9294 118.7999 156.6486 133.1652 161.8251 201.1574 116.7329 172.2282
  99.4447 114.1515  66.9534  90.1995  64.8068 109.6420 117.0565  66.2416  98.0604
  71.1711  80.4551  47.5480  62.4574  45.2640  65.7716  97.6093  46.7770  69.3864
 142.9336 164.6966  94.7371 124.4759  92.5083 131.0822 164.7414 107.7264 138.7672
  69.8697  80.5415  44.3048  60.6539  44.0416  62.6150  78.8526  44.7773  80.8531
1st col normalized  0.543594  0.221245  0.449749  0.268618  0.407282  0.229922  0.164552  0.330471  0.161543
2nd col normalized  0.478338  0.285604  0.464001  0.264824  0.422458  0.235321  0.165856  0.339518  0.166035
3rd col normalized  0.458037  0.218569  0.538449  0.259032  0.413614  0.233105  0.165543  0.329837  0.154252
psiFN_psig          0.174723  0.082203  0.168748  0.097487  0.151173  0.085664  0.060409  0.121259  0.058333
W=       177.168985  83.354117 171.110884  98.852163 153.289551  86.863687  61.254398 122.957061  59.149155
W_der=    -1.812251  -1.340643  -1.780050  -1.007746  -1.624454  -0.896757  -0.630172  -1.303292  -0.627773
W_der/W=  -0.010229  -0.016084  -0.010403  -0.010194  -0.010597  -0.010324  -0.010288  -0.010600  -0.010613

gradient_vmc_FD, gradient_vmc= -0.415669 -0.415669
E_L_der =         -0.4551   9.8982  -0.3612  -0.1581  -0.6983  -0.4068  -0.4505  -0.8506  -2.2029
E_L_der_increm =  -0.4551   9.8981  -0.3612  -0.1581  -0.6983  -0.4068  -0.4505  -0.8506  -2.2029
The above 2 lines should be equal
psiFN1_psig  =   0.1747   0.0822   0.1687   0.0975   0.1512   0.0857   0.0604   0.1213   0.0583
psig_increm**2=                 0.1396    0.0576    0.2064    0.0891    0.1898    0.0760    0.0427    0.1504    0.0485
psig_increm**2 * P_L_increm=    0.1403    0.0584    0.2048    0.0892    0.1878    0.0765    0.0438    0.1481    0.0488
psiFN_psig_increm=              0.1747    0.0822    0.1687    0.0975    0.1512    0.0857    0.0604    0.1213    0.0583
W_prod_increm                   1.2492    1.4251    0.8159    1.0914    0.7948    1.1246    1.4114    0.8045    1.1993
W_prod                          1.2492    1.4251    0.8159    1.0914    0.7948    1.1246    1.4114    0.8045    1.1993
W_prod_increm                  1.249168780   1.425086642   0.815945363   1.091427907   0.794779997   1.124600023   1.411414752   0.804452145   1.199289348
W_prod                         1.249168761   1.425087215   0.815945351   1.091427891   0.794779986   1.124600007   1.411414732   0.804452133   1.199289330
W_prod_der=                     0.1817   -5.7329    0.1187    0.1588    0.1156    0.1636    0.2053    0.1170    0.1745

E_FN1, E_FN1_increm, gradient_FN1_FD, gradient_FN1= -2.370229 -2.370229 -0.000001 -0.258186
P_L,i/P_L=   -0.1246    7.3559    0.1328   -0.0093    0.3617   -0.1335   -0.5397    0.6641   -0.5265
E_L_der  =   -0.4551    9.8982   -0.3612   -0.1581   -0.6983   -0.4068   -0.4505   -0.8506   -2.2029

E_FN1, E_FN1_increm, gradient_FN1_FD, gradient_FN1= -2.370229 -2.370229 -0.000001 -0.000000

gradient_FN1_FD, gradient_FN1, 1st+2*2nd terms, gradient_FN1_1, gradient_FN1_2, gradient_FN1_3= -0.000001 -0.000000 -0.000000 -0.516975  0.258487  0.258487
------------------------------------------------------------

Data set    2

h=
  -1.0000  -0.0422  -0.0035  -0.4274  -0.0950  -0.1682  -0.1328  -0.1903  -0.2149
  -0.0422  -0.7500  -0.2183  -0.1422  -0.4029  -0.0296  -0.3384  -0.2040  -0.4222
  -0.0035  -0.2183  -0.5000  -0.2688  -0.1295  -0.1714  -0.1435  -0.1958  -0.4634
  -0.4274  -0.1422  -0.2688  -0.2500  -0.1304  -0.0422  -0.2248  -0.0545  -0.1296
  -0.0950  -0.4029  -0.1295  -0.1304   0.0000  -0.4389  -0.1127  -0.3991  -0.4336
  -0.1682  -0.0296  -0.1714  -0.0422  -0.4389   0.2500  -0.2029  -0.0027  -0.3261
  -0.1328  -0.3384  -0.1435  -0.2248  -0.1127  -0.2029   0.5000  -0.3012  -0.1427
  -0.1903  -0.2040  -0.1958  -0.0545  -0.3991  -0.0027  -0.3012   0.7500  -0.4177
  -0.2149  -0.4222  -0.4634  -0.1296  -0.4336  -0.3261  -0.1427  -0.4177   1.0000

eigenval_p,eigenval_h=  1.000000 -1.865285
psi for p    =   0.4188   0.4833   0.3583   0.3105   0.3554   0.2170   0.2267   0.2296   0.2979

eigenvalues of p=  0.933770  0.941972  0.951988  0.953071  0.961893  0.966605  0.971751  0.983198  1.000000
eigenvalues of h=  1.446192  1.036117  0.535291  0.481175  0.040080 -0.195512 -0.452860 -1.025199 -1.865285
tau, tau_max= 0.020000 0.301980
p=
   0.9827   0.0008   0.0001   0.0085   0.0019   0.0034   0.0027   0.0038   0.0043
   0.0008   0.9777   0.0044   0.0028   0.0081   0.0006   0.0068   0.0041   0.0084
   0.0001   0.0044   0.9727   0.0054   0.0026   0.0034   0.0029   0.0039   0.0093
   0.0085   0.0028   0.0054   0.9677   0.0026   0.0008   0.0045   0.0011   0.0026
   0.0019   0.0081   0.0026   0.0026   0.9627   0.0088   0.0023   0.0080   0.0087
   0.0034   0.0006   0.0034   0.0008   0.0088   0.9577   0.0041   0.0001   0.0065
   0.0027   0.0068   0.0029   0.0045   0.0023   0.0041   0.9527   0.0060   0.0029
   0.0038   0.0041   0.0039   0.0011   0.0080   0.0001   0.0060   0.9477   0.0084
   0.0043   0.0084   0.0093   0.0026   0.0087   0.0065   0.0029   0.0084   0.9427

sum_p_eig,sum_abs_p_eig,sign_condition_number=  2.897480  2.897480  1.000000

p after making eigenvec +ve =
   0.9827   0.0008   0.0001   0.0085   0.0019   0.0034   0.0027   0.0038   0.0043
   0.0008   0.9777   0.0044   0.0028   0.0081   0.0006   0.0068   0.0041   0.0084
   0.0001   0.0044   0.9727   0.0054   0.0026   0.0034   0.0029   0.0039   0.0093
   0.0085   0.0028   0.0054   0.9677   0.0026   0.0008   0.0045   0.0011   0.0026
   0.0019   0.0081   0.0026   0.0026   0.9627   0.0088   0.0023   0.0080   0.0087
   0.0034   0.0006   0.0034   0.0008   0.0088   0.9577   0.0041   0.0001   0.0065
   0.0027   0.0068   0.0029   0.0045   0.0023   0.0041   0.9527   0.0060   0.0029
   0.0038   0.0041   0.0039   0.0011   0.0080   0.0001   0.0060   0.9477   0.0084
   0.0043   0.0084   0.0093   0.0026   0.0087   0.0065   0.0029   0.0084   0.9427

1+(E_0*1-H) (i.e. p with tau=1) after making eigenvec +ve =
   0.1347  -0.0422  -0.0035  -0.4274  -0.0950  -0.1682  -0.1328  -0.1903  -0.2149
  -0.0422  -0.1153  -0.2183  -0.1422  -0.4029  -0.0296  -0.3384  -0.2040  -0.4222
  -0.0035  -0.2183  -0.3653  -0.2688  -0.1295  -0.1714  -0.1435  -0.1958  -0.4634
  -0.4274  -0.1422  -0.2688  -0.6153  -0.1304  -0.0422  -0.2248  -0.0545  -0.1296
  -0.0950  -0.4029  -0.1295  -0.1304  -0.8653  -0.4389  -0.1127  -0.3991  -0.4336
  -0.1682  -0.0296  -0.1714  -0.0422  -0.4389  -1.1153  -0.2029  -0.0027  -0.3261
  -0.1328  -0.3384  -0.1435  -0.2248  -0.1127  -0.2029  -1.3653  -0.3012  -0.1427
  -0.1903  -0.2040  -0.1958  -0.0545  -0.3991  -0.0027  -0.3012  -1.6153  -0.4177
  -0.2149  -0.4222  -0.4634  -0.1296  -0.4336  -0.3261  -0.1427  -0.4177  -1.8653
psi0         =   0.4188   0.4833   0.3583   0.3105   0.3554   0.2170   0.2267   0.2296   0.2979
psig         =   0.4738   0.4813   0.4180   0.3150   0.2885   0.2600   0.1936   0.1671   0.2317

E_G= -1.819459

h_imp=
  -1.0000  -0.0415  -0.0039  -0.6428  -0.1560  -0.3066  -0.3249  -0.5397  -0.4394
  -0.0429  -0.7500  -0.2514  -0.2172  -0.6722  -0.0548  -0.8412  -0.5875  -0.8769
  -0.0031  -0.1896  -0.5000  -0.3567  -0.1877  -0.2756  -0.3098  -0.4898  -0.8360
  -0.2842  -0.0931  -0.2026  -0.2500  -0.1424  -0.0511  -0.3657  -0.1027  -0.1762
  -0.0578  -0.2415  -0.0894  -0.1194   0.0000  -0.4870  -0.1679  -0.6892  -0.5400
  -0.0923  -0.0160  -0.1066  -0.0348  -0.3956   0.2500  -0.2725  -0.0042  -0.3660
  -0.0543  -0.1362  -0.0665  -0.1382  -0.0756  -0.1511   0.5000  -0.3490  -0.1193
  -0.0671  -0.0708  -0.0782  -0.0289  -0.2312  -0.0017  -0.2599   0.7500  -0.3012
  -0.1051  -0.2032  -0.2568  -0.0953  -0.3482  -0.2906  -0.1708  -0.5792   1.0000

p_imp=
   0.9827   0.0008   0.0001   0.0129   0.0031   0.0061   0.0065   0.0108   0.0088
   0.0009   0.9777   0.0050   0.0043   0.0134   0.0011   0.0168   0.0118   0.0175
   0.0001   0.0038   0.9727   0.0071   0.0038   0.0055   0.0062   0.0098   0.0167
   0.0057   0.0019   0.0041   0.9677   0.0028   0.0010   0.0073   0.0021   0.0035
   0.0012   0.0048   0.0018   0.0024   0.9627   0.0097   0.0034   0.0138   0.0108
   0.0018   0.0003   0.0021   0.0007   0.0079   0.9577   0.0055   0.0001   0.0073
   0.0011   0.0027   0.0013   0.0028   0.0015   0.0030   0.9527   0.0070   0.0024
   0.0013   0.0014   0.0016   0.0006   0.0046   0.0000   0.0052   0.9477   0.0060
   0.0021   0.0041   0.0051   0.0019   0.0070   0.0058   0.0034   0.0116   0.9427
tau_av_expon_proj    = 1.415017 1.008131 0.947494 0.612255 0.452728 0.617844 0.368625 0.299277 0.273596
tau_av_expon_proj_new= 1.155689 0.896632 0.732448 0.619086 0.536111 0.472750 0.422782 0.382368 0.349005
factor=                0.799001 0.883068 0.745575 1.011094 1.168281 0.735712 1.136664 1.242724 1.241187
factor2=                 0.8167   0.8894   0.7730   1.0112   1.1842   0.7652   1.1469   1.2776   1.2756

eigenvalues of p_imp=  0.933770  0.941972  0.951988  0.953071  0.961893  0.966605  0.971751  0.983198  1.000000
eigenvalues of h_imp=  1.446192  1.036117  0.535291  0.481175  0.040080 -0.195512 -0.452860 -1.025199 -1.865285

eigenval_p,eigenval_h=  1.000000 -1.865285
psi0_psig    =   0.2007   0.2352   0.1515   0.0989   0.1037   0.0571   0.0444   0.0388   0.0698

imp-sampled: sum_p_eig,sum_abs_p_eig,sign_condition_number=  1.000000  1.000000  1.000000

p_FN1=
   0.9827   0.0008   0.0001   0.0129   0.0031   0.0061   0.0065   0.0108   0.0088
   0.0009   0.9777   0.0050   0.0043   0.0134   0.0011   0.0168   0.0118   0.0175
   0.0001   0.0038   0.9727   0.0071   0.0038   0.0055   0.0062   0.0098   0.0167
   0.0057   0.0019   0.0041   0.9677   0.0028   0.0010   0.0073   0.0021   0.0035
   0.0012   0.0048   0.0018   0.0024   0.9627   0.0097   0.0034   0.0138   0.0108
   0.0018   0.0003   0.0021   0.0007   0.0079   0.9577   0.0055   0.0001   0.0073
   0.0011   0.0027   0.0013   0.0028   0.0015   0.0030   0.9527   0.0070   0.0024
   0.0013   0.0014   0.0016   0.0006   0.0046   0.0000   0.0052   0.9477   0.0060
   0.0021   0.0041   0.0051   0.0019   0.0070   0.0058   0.0034   0.0116   0.9427

eigenvalues of p_FN1=  0.933770  0.941972  0.951988  0.953071  0.961893  0.966605  0.971751  0.983198  1.000000
eigenvalues of h_FN1=  1.446192  1.036117  0.535291  0.481175  0.040080 -0.195512 -0.452860 -1.025199 -1.865285

eigenval_p,eigenval_h=  1.000000 -1.865285
psiFN1_psig =    0.2007   0.2352   0.1515   0.0989   0.1037   0.0571   0.0444   0.0388   0.0698

E_0, E_G, E_FN1, E_G-E_0, E_FN1-E_0, rms fluctuation of E_L  -1.86528  -1.81946  -1.86528   0.04583   0.00000   0.34476
E_L     =  -1.7067  -1.7419  -1.5554  -1.8833  -2.2088  -1.3685  -2.2128  -2.5914  -2.6550
p_L     =   0.9968   0.9975   0.9938   1.0004   1.0069   0.9901   1.0070   1.0145   1.0158
p_abs_L =   0.9968   0.9975   0.9938   1.0004   1.0069   0.9901   1.0070   1.0145   1.0158

p_propos2=
   0.9858   0.0008   0.0001   0.0129   0.0031   0.0062   0.0065   0.0106   0.0087
   0.0009   0.9801   0.0051   0.0043   0.0134   0.0011   0.0167   0.0116   0.0173
   0.0001   0.0038   0.9788   0.0071   0.0037   0.0056   0.0062   0.0097   0.0165
   0.0057   0.0019   0.0041   0.9673   0.0028   0.0010   0.0073   0.0020   0.0035
   0.0012   0.0048   0.0018   0.0024   0.9561   0.0098   0.0033   0.0136   0.0106
   0.0019   0.0003   0.0021   0.0007   0.0079   0.9673   0.0054   0.0001   0.0072
   0.0011   0.0027   0.0013   0.0028   0.0015   0.0031   0.9461   0.0069   0.0023
   0.0013   0.0014   0.0016   0.0006   0.0046   0.0000   0.0052   0.9341   0.0059
   0.0021   0.0041   0.0052   0.0019   0.0069   0.0059   0.0034   0.0114   0.9280
psig**2=         0.2245   0.2316   0.1747   0.0992   0.0832   0.0676   0.0375   0.0279   0.0537
psig**2 * P_L=   0.2238   0.2311   0.1737   0.0993   0.0838   0.0669   0.0377   0.0283   0.0545
psiFN_psig=      0.2007   0.2352   0.1515   0.0989   0.1037   0.0571   0.0444   0.0388   0.0698
W_prod=          0.8932   1.0145   0.8660   0.9960   1.2448   0.8433   1.1828   1.3884   1.2989

p_markov=
   0.9859   0.0008   0.0001   0.0129   0.0031   0.0062   0.0065   0.0106   0.0087
   0.0009   0.9803   0.0050   0.0043   0.0134   0.0011   0.0167   0.0116   0.0173
   0.0001   0.0038   0.9790   0.0071   0.0037   0.0055   0.0062   0.0097   0.0165
   0.0057   0.0019   0.0040   0.9674   0.0028   0.0010   0.0073   0.0020   0.0035
   0.0011   0.0048   0.0018   0.0024   0.9562   0.0097   0.0033   0.0136   0.0106
   0.0019   0.0003   0.0021   0.0007   0.0079   0.9678   0.0054   0.0001   0.0072
   0.0011   0.0027   0.0013   0.0027   0.0015   0.0030   0.9462   0.0069   0.0023
   0.0013   0.0014   0.0015   0.0006   0.0046   0.0000   0.0051   0.9341   0.0059
   0.0021   0.0040   0.0051   0.0019   0.0069   0.0057   0.0034   0.0114   0.9280

eigenvalues of p_markov=  0.920611  0.931438  0.945250  0.952309  0.962741  0.970291  0.976314  0.986003  1.000000
eigenvalues of h_markov=  2.104150  1.562811  0.872218  0.519271 -0.002319 -0.379821 -0.681003 -1.165433 -1.865285

eigenval_p,eigenval_h=  1.000000 -1.865285
psi for p_mar=   0.2245   0.2316   0.1747   0.0992   0.0832   0.0676   0.0375   0.0279   0.0537
psig**2      =   0.2245   0.2316   0.1747   0.0992   0.0832   0.0676   0.0375   0.0279   0.0537
Above 2 lines should be equal since Markov matrix has dominant state psig**2
The exception to this occurs when there is no sign problem, but some components of psig have the wrong sign, in which case one has 2 decoupled spaces with degenerate dominant eigenvalues

p_FN3=
   0.9828   0.0008   0.0001   0.0129   0.0031   0.0061   0.0065   0.0108   0.0088
   0.0009   0.9779   0.0050   0.0043   0.0134   0.0011   0.0168   0.0118   0.0175
   0.0001   0.0038   0.9729   0.0071   0.0038   0.0055   0.0062   0.0098   0.0167
   0.0057   0.0019   0.0040   0.9678   0.0028   0.0010   0.0073   0.0021   0.0035
   0.0011   0.0048   0.0018   0.0024   0.9628   0.0096   0.0034   0.0138   0.0108
   0.0018   0.0003   0.0021   0.0007   0.0079   0.9581   0.0055   0.0001   0.0073
   0.0011   0.0027   0.0013   0.0027   0.0015   0.0030   0.9528   0.0070   0.0024
   0.0013   0.0014   0.0015   0.0006   0.0046   0.0000   0.0052   0.9477   0.0060
   0.0021   0.0040   0.0050   0.0019   0.0069   0.0057   0.0034   0.0116   0.9427

eigenvalues of p_FN3=  0.933866  0.942110  0.952088  0.953373  0.962020  0.966780  0.971949  0.983306  0.999958
eigenvalues of h_FN3=  1.441434  1.029218  0.530339  0.466086  0.033707 -0.204281 -0.462720 -1.030581 -1.863180

eigenval_p,eigenval_h=  0.999958 -1.863180
psiFN3_psig  =   0.2014   0.2358   0.1521   0.0990   0.1031   0.0575   0.0441   0.0383   0.0687

p_FN4=
   0.9827   0.0008   0.0001   0.0129   0.0031   0.0061   0.0065   0.0108   0.0088
   0.0009   0.9777   0.0050   0.0043   0.0134   0.0011   0.0168   0.0118   0.0175
   0.0001   0.0038   0.9727   0.0071   0.0038   0.0055   0.0062   0.0098   0.0167
   0.0057   0.0019   0.0041   0.9677   0.0028   0.0010   0.0073   0.0021   0.0035
   0.0012   0.0048   0.0018   0.0024   0.9627   0.0097   0.0034   0.0138   0.0108
   0.0018   0.0003   0.0021   0.0007   0.0079   0.9577   0.0055   0.0001   0.0073
   0.0011   0.0027   0.0013   0.0028   0.0015   0.0030   0.9527   0.0070   0.0024
   0.0013   0.0014   0.0016   0.0006   0.0046   0.0000   0.0052   0.9477   0.0060
   0.0021   0.0041   0.0051   0.0019   0.0070   0.0058   0.0034   0.0116   0.9427

eigenvalues of p_FN4=  0.933770  0.941972  0.951988  0.953071  0.961893  0.966605  0.971751  0.983198  1.000000
eigenvalues of h_FN4=  1.446192  1.036117  0.535291  0.481175  0.040080 -0.195512 -0.452860 -1.025199 -1.865285

eigenval_p,eigenval_h=  1.000000 -1.865285
psiFN4_psig  =   0.2007   0.2352   0.1515   0.0989   0.1037   0.0571   0.0444   0.0388   0.0698

E_G, E_FN1, E_FN3, E_FN4, E_0, recover_FN1, recover_FN3, recover_FN4, 1-ovlp_FN1, 1-ovlp_FN3, 1-ovlp_FN4, sign_cond_num= -1.819459 -1.865285 -1.863180 -1.865285 -1.865285 1.000 0.954 1.000 0.E+00 1.E-05 3.E-16 1.000

p_propos2=
   0.9858   0.0008   0.0001   0.0129   0.0031   0.0062   0.0065   0.0106   0.0087
   0.0009   0.9801   0.0051   0.0043   0.0134   0.0011   0.0167   0.0116   0.0173
   0.0001   0.0038   0.9788   0.0071   0.0037   0.0056   0.0062   0.0097   0.0165
   0.0057   0.0019   0.0041   0.9673   0.0028   0.0010   0.0073   0.0020   0.0035
   0.0012   0.0048   0.0018   0.0024   0.9561   0.0098   0.0033   0.0136   0.0106
   0.0019   0.0003   0.0021   0.0007   0.0079   0.9673   0.0054   0.0001   0.0072
   0.0011   0.0027   0.0013   0.0028   0.0015   0.0031   0.9461   0.0069   0.0023
   0.0013   0.0014   0.0016   0.0006   0.0046   0.0000   0.0052   0.9341   0.0059
   0.0021   0.0041   0.0052   0.0019   0.0069   0.0059   0.0034   0.0114   0.9280

eigenvalues of p_FN1_propos=  0.920557  0.931348  0.945167  0.952073  0.962633  0.969982  0.976107  0.985886  1.000000
psi for p_FN1_propos=   0.2240   0.2313   0.1738   0.0994   0.0839   0.0670   0.0378   0.0283   0.0546
psig**2 * P_L       =   0.2240   0.2313   0.1738   0.0994   0.0839   0.0670   0.0378   0.0283   0.0546
Above 2 lines should be equal since proposal part of p_FN1 has dominant state psig**2 * P_L
The exception to this occurs when there is no sign problem, but some components of psig have the wrong sign, in which case one has 2 decoupled spaces with degenerate dominant eigenvalues

pp_FN1=
   1.9827   0.0008   0.0001   0.0129   0.0031   0.0061   0.0065   0.0108   0.0088
   0.0009   1.9777   0.0050   0.0043   0.0134   0.0011   0.0168   0.0118   0.0175
   0.0001   0.0038   1.9727   0.0071   0.0038   0.0055   0.0062   0.0098   0.0167
   0.0057   0.0019   0.0041   1.9677   0.0028   0.0010   0.0073   0.0021   0.0035
   0.0012   0.0048   0.0018   0.0024   1.9627   0.0097   0.0034   0.0138   0.0108
   0.0018   0.0003   0.0021   0.0007   0.0079   1.9577   0.0055   0.0001   0.0073
   0.0011   0.0027   0.0013   0.0028   0.0015   0.0030   1.9527   0.0070   0.0024
   0.0013   0.0014   0.0016   0.0006   0.0046   0.0000   0.0052   1.9477   0.0060
   0.0021   0.0041   0.0051   0.0019   0.0070   0.0058   0.0034   0.0116   1.9427

pp_FN1=
   2.9485   0.0026   0.0004   0.0380   0.0094   0.0181   0.0193   0.0319   0.0259
   0.0027   2.9338   0.0150   0.0130   0.0398   0.0035   0.0495   0.0349   0.0516
   0.0003   0.0113   2.9190   0.0211   0.0113   0.0163   0.0184   0.0290   0.0490
   0.0168   0.0056   0.0120   2.9043   0.0085   0.0031   0.0215   0.0062   0.0105
   0.0035   0.0143   0.0054   0.0071   2.8898   0.0285   0.0101   0.0404   0.0317
   0.0055   0.0010   0.0063   0.0021   0.0232   2.8750   0.0159   0.0005   0.0214
   0.0032   0.0080   0.0039   0.0081   0.0045   0.0088   2.8605   0.0204   0.0071
   0.0040   0.0042   0.0046   0.0018   0.0135   0.0002   0.0152   2.8460   0.0175
   0.0062   0.0120   0.0151   0.0057   0.0204   0.0170   0.0101   0.0337   2.8317

pp_FN1=
   3.8979   0.0053   0.0010   0.0748   0.0189   0.0358   0.0383   0.0627   0.0510
   0.0055   3.8690   0.0299   0.0258   0.0785   0.0075   0.0973   0.0693   0.1012
   0.0008   0.0225   3.8398   0.0415   0.0227   0.0322   0.0364   0.0571   0.0957
   0.0331   0.0110   0.0235   3.8109   0.0167   0.0063   0.0421   0.0126   0.0208
   0.0070   0.0282   0.0108   0.0140   3.7829   0.0558   0.0201   0.0788   0.0619
   0.0108   0.0022   0.0125   0.0043   0.0453   3.7539   0.0311   0.0016   0.0417
   0.0064   0.0157   0.0078   0.0159   0.0091   0.0173   3.7256   0.0396   0.0140
   0.0078   0.0084   0.0091   0.0036   0.0264   0.0006   0.0295   3.6978   0.0341
   0.0122   0.0235   0.0294   0.0112   0.0399   0.0331   0.0200   0.0655   3.6706

pp_FN1=
  12.5690   0.0993   0.0503   0.9805   0.2940   0.4770   0.5292   0.8164   0.6639
   0.1025  12.2096   0.4288   0.3698   1.0413   0.1700   1.2375   0.9591   1.2781
   0.0391   0.3235  11.8191   0.5396   0.3476   0.4291   0.4976   0.7507   1.1644
   0.4335   0.1584   0.3064  11.4515   0.2311   0.1068   0.5254   0.2058   0.2877
   0.1090   0.3742   0.1656   0.1938  11.1485   0.6764   0.2963   0.9499   0.7590
   0.1437   0.0496   0.1660   0.0728   0.5494  10.7753   0.3745   0.0791   0.4944
   0.0884   0.2003   0.1068   0.1985   0.1335   0.2076  10.4533   0.4605   0.1892
   0.1015   0.1156   0.1199   0.0579   0.3186   0.0327   0.3429  10.1633   0.3908
   0.1588   0.2962   0.3577   0.1556   0.4895   0.3926   0.2710   0.7514   9.9098

pp_FN1=
 221.6478 185.8555 159.4695 201.8631 233.4208 162.8213 226.2722 266.8872 247.6259
 191.7766 266.2527 196.2893 220.3975 287.0877 188.0364 273.6182 317.4768 299.3917
 124.1356 148.0795 159.7593 146.1345 181.3208 124.3650 173.3702 205.0083 195.4226
  89.2385  94.4239  82.9908 124.1931 116.6734  79.2655 114.1514 130.7956 122.8559
  86.5475 103.1595  86.3662  97.8569 150.2136  88.3152 118.7168 143.4683 133.3746
  49.0351  54.8804  48.1144  53.9988  71.7325  70.0650  66.3750  76.2850  73.6598
  37.7878  44.2839  37.1943  43.1228  53.4710  36.8069  71.3584  61.3432  56.0654
  33.1904  38.2628  32.7520  36.7945  48.1201  31.5013  45.6805  71.0858  50.2253
  59.2150  69.3833  60.0333  66.4563  86.0189  58.4886  80.2804  96.5768 104.9971
1st col normalized  0.626389  0.541971  0.350814  0.252193  0.244588  0.138576  0.106790  0.093798  0.167345
2nd col normalized  0.467320  0.669473  0.372335  0.237422  0.259387  0.137993  0.111349  0.096209  0.174459
3rd col normalized  0.476071  0.585991  0.476937  0.247756  0.257833  0.143638  0.111038  0.097776  0.179220
psiFN_psig          0.200682  0.235205  0.151460  0.098925  0.103701  0.057062  0.044382  0.038796  0.069787
W=       203.491979 238.498132 153.579975 100.309688 105.153151  57.860510  45.003300  39.338770  70.764494
W_der=     0.617841   0.308369   0.475823   0.308892   0.347769   0.182454   0.147098   0.130069   0.233651
W_der/W=   0.003036   0.001293   0.003098   0.003079   0.003307   0.003153   0.003269   0.003306   0.003302

gradient_vmc_FD, gradient_vmc=  0.074622  0.074622
E_L_der =         -0.0891   2.0610  -0.5223  -0.4513  -1.3967  -0.1138  -1.7479  -1.2208  -1.8221
E_L_der_increm =  -0.0891   2.0610  -0.5223  -0.4513  -1.3967  -0.1138  -1.7479  -1.2208  -1.8221
The above 2 lines should be equal
psiFN1_psig  =   0.2007   0.2352   0.1515   0.0989   0.1037   0.0571   0.0444   0.0388   0.0698
psig_increm**2=                 0.2245    0.2316    0.1747    0.0992    0.0832    0.0676    0.0375    0.0279    0.0537
