Input hamiltonian
hamiltonian=random                                                                          
Input ndim, E_T, tau
ndim, E_T, tau=    9-20.000000 0.020000
Input fraction_positive, off_diag_mag, psig_noise
fraction_positive, off_diag_mag,psig_noise= 1.000000 0.500000 0.400000
psig_correct_sign
psig_correct_sign= F
Input irand_seed
irand_seed=1425565376542456

Data set    1

h=
  -1.0000  -0.1700  -0.1099  -0.4196  -0.1870  -0.0711  -0.2866  -0.3428  -0.4790
  -0.1700  -0.7500  -0.1641  -0.0472  -0.3042  -0.1121  -0.0931  -0.3299  -0.4853
  -0.1099  -0.1641  -0.5000  -0.1335  -0.4961  -0.3461  -0.4734  -0.3902  -0.0130
  -0.4196  -0.0472  -0.1335  -0.2500  -0.3211  -0.4726  -0.2046  -0.1250  -0.2763
  -0.1870  -0.3042  -0.4961  -0.3211   0.0000  -0.2710  -0.1125  -0.4732  -0.2893
  -0.0711  -0.1121  -0.3461  -0.4726  -0.2710   0.2500  -0.4776  -0.4455  -0.3272
  -0.2866  -0.0931  -0.4734  -0.2046  -0.1125  -0.4776   0.5000  -0.4575  -0.3775
  -0.3428  -0.3299  -0.3902  -0.1250  -0.4732  -0.4455  -0.4575   0.7500  -0.3025
  -0.4790  -0.4853  -0.0130  -0.2763  -0.2893  -0.3272  -0.3775  -0.3025   1.0000

eigenval_p,eigenval_h=  1.000000 -2.370229
psi for p    =   0.4562   0.3342   0.3623   0.3185   0.3385   0.3031   0.2851   0.3050   0.2583

eigenvalues of p=  0.924912  0.928440  0.934224  0.945119  0.948103  0.956397  0.966213  0.969951  1.000000
eigenvalues of h=  1.384192  1.207773  0.918559  0.373842  0.224625 -0.190092 -0.680871 -0.867801 -2.370229
tau, tau_max= 0.020000 0.266353
p=
   0.9726   0.0034   0.0022   0.0084   0.0037   0.0014   0.0057   0.0069   0.0096
   0.0034   0.9676   0.0033   0.0009   0.0061   0.0022   0.0019   0.0066   0.0097
   0.0022   0.0033   0.9626   0.0027   0.0099   0.0069   0.0095   0.0078   0.0003
   0.0084   0.0009   0.0027   0.9576   0.0064   0.0095   0.0041   0.0025   0.0055
   0.0037   0.0061   0.0099   0.0064   0.9526   0.0054   0.0022   0.0095   0.0058
   0.0014   0.0022   0.0069   0.0095   0.0054   0.9476   0.0096   0.0089   0.0065
   0.0057   0.0019   0.0095   0.0041   0.0022   0.0096   0.9426   0.0091   0.0076
   0.0069   0.0066   0.0078   0.0025   0.0095   0.0089   0.0091   0.9376   0.0061
   0.0096   0.0097   0.0003   0.0055   0.0058   0.0065   0.0076   0.0061   0.9326

sum_p_eig,sum_abs_p_eig,sign_condition_number=  2.961211  2.961211  1.000000

p after making eigenvec +ve =
   0.9726   0.0034   0.0022   0.0084   0.0037   0.0014   0.0057   0.0069   0.0096
   0.0034   0.9676   0.0033   0.0009   0.0061   0.0022   0.0019   0.0066   0.0097
   0.0022   0.0033   0.9626   0.0027   0.0099   0.0069   0.0095   0.0078   0.0003
   0.0084   0.0009   0.0027   0.9576   0.0064   0.0095   0.0041   0.0025   0.0055
   0.0037   0.0061   0.0099   0.0064   0.9526   0.0054   0.0022   0.0095   0.0058
   0.0014   0.0022   0.0069   0.0095   0.0054   0.9476   0.0096   0.0089   0.0065
   0.0057   0.0019   0.0095   0.0041   0.0022   0.0096   0.9426   0.0091   0.0076
   0.0069   0.0066   0.0078   0.0025   0.0095   0.0089   0.0091   0.9376   0.0061
   0.0096   0.0097   0.0003   0.0055   0.0058   0.0065   0.0076   0.0061   0.9326

1+(E_0*1-H) (i.e. p with tau=1) after making eigenvec +ve =
  -0.3702  -0.1700  -0.1099  -0.4196  -0.1870  -0.0711  -0.2866  -0.3428  -0.4790
  -0.1700  -0.6202  -0.1641  -0.0472  -0.3042  -0.1121  -0.0931  -0.3299  -0.4853
  -0.1099  -0.1641  -0.8702  -0.1335  -0.4961  -0.3461  -0.4734  -0.3902  -0.0130
  -0.4196  -0.0472  -0.1335  -1.1202  -0.3211  -0.4726  -0.2046  -0.1250  -0.2763
  -0.1870  -0.3042  -0.4961  -0.3211  -1.3702  -0.2710  -0.1125  -0.4732  -0.2893
  -0.0711  -0.1121  -0.3461  -0.4726  -0.2710  -1.6202  -0.4776  -0.4455  -0.3272
  -0.2866  -0.0931  -0.4734  -0.2046  -0.1125  -0.4776  -1.8702  -0.4575  -0.3775
  -0.3428  -0.3299  -0.3902  -0.1250  -0.4732  -0.4455  -0.4575  -2.1202  -0.3025
  -0.4790  -0.4853  -0.0130  -0.2763  -0.2893  -0.3272  -0.3775  -0.3025  -2.3702
psi0         =   0.4562   0.3342   0.3623   0.3185   0.3385   0.3031   0.2851   0.3050   0.2583
psig         =   0.2760   0.1372   0.5220   0.2651   0.5094   0.2362   0.1209   0.4499   0.1731

E_G= -1.956568

h_imp=
  -1.0000  -0.3419  -0.0581  -0.4368  -0.1013  -0.0830  -0.6542  -0.2103  -0.7634
  -0.0846  -0.7500  -0.0431  -0.0244  -0.0820  -0.0652  -0.1057  -0.1006  -0.3846
  -0.2078  -0.6242  -0.5000  -0.2628  -0.5085  -0.7650  -2.0443  -0.4528  -0.0392
  -0.4032  -0.0912  -0.0678  -0.2500  -0.1671  -0.5306  -0.4487  -0.0737  -0.4232
  -0.3451  -1.1292  -0.4841  -0.6168   0.0000  -0.5845  -0.4740  -0.5357  -0.8510
  -0.0608  -0.1930  -0.1566  -0.4210  -0.1257   0.2500  -0.9331  -0.2339  -0.4464
  -0.1255  -0.0820  -0.1096  -0.0933  -0.0267  -0.2444   0.5000  -0.1229  -0.2636
  -0.5589  -1.0814  -0.3363  -0.2121  -0.4179  -0.8486  -1.7025   0.7500  -0.7861
  -0.3005  -0.6123  -0.0043  -0.1805  -0.0983  -0.2399  -0.5407  -0.1164   1.0000

p_imp=
   0.9726   0.0068   0.0012   0.0087   0.0020   0.0017   0.0131   0.0042   0.0153
   0.0017   0.9676   0.0009   0.0005   0.0016   0.0013   0.0021   0.0020   0.0077
   0.0042   0.0125   0.9626   0.0053   0.0102   0.0153   0.0409   0.0091   0.0008
   0.0081   0.0018   0.0014   0.9576   0.0033   0.0106   0.0090   0.0015   0.0085
   0.0069   0.0226   0.0097   0.0123   0.9526   0.0117   0.0095   0.0107   0.0170
   0.0012   0.0039   0.0031   0.0084   0.0025   0.9476   0.0187   0.0047   0.0089
   0.0025   0.0016   0.0022   0.0019   0.0005   0.0049   0.9426   0.0025   0.0053
   0.0112   0.0216   0.0067   0.0042   0.0084   0.0170   0.0340   0.9376   0.0157
   0.0060   0.0122   0.0001   0.0036   0.0020   0.0048   0.0108   0.0023   0.9326
tau_av_expon_proj    = 0.479283 0.240657 0.793690 0.444904 0.654666 0.297515 0.144860 0.541612 0.252681
tau_av_expon_proj_new= 0.729805 0.617197 0.534694 0.471647 0.421900 0.381646 0.348404 0.320489 0.296716
factor=                1.409553 1.840581 0.616078 1.058339 0.575965 1.246630 1.793589 0.501599 1.159984
factor2=                 1.5227   2.5646   0.6737   1.0601   0.6445   1.2828   2.4051   0.5917   1.1743

eigenvalues of p_imp=  0.924912  0.928440  0.934224  0.945119  0.948103  0.956397  0.966213  0.969951  1.000000
eigenvalues of h_imp=  1.384192  1.207773  0.918559  0.373842  0.224625 -0.190092 -0.680871 -0.867801 -2.370229

eigenval_p,eigenval_h=  1.000000 -2.370229
psi0_psig    =   0.1390   0.0506   0.2088   0.0932   0.1903   0.0790   0.0381   0.1515   0.0494

imp-sampled: sum_p_eig,sum_abs_p_eig,sign_condition_number=  1.000000  1.000000  1.000000

p_FN1=
   0.9726   0.0068   0.0012   0.0087   0.0020   0.0017   0.0131   0.0042   0.0153
   0.0017   0.9676   0.0009   0.0005   0.0016   0.0013   0.0021   0.0020   0.0077
   0.0042   0.0125   0.9626   0.0053   0.0102   0.0153   0.0409   0.0091   0.0008
   0.0081   0.0018   0.0014   0.9576   0.0033   0.0106   0.0090   0.0015   0.0085
   0.0069   0.0226   0.0097   0.0123   0.9526   0.0117   0.0095   0.0107   0.0170
   0.0012   0.0039   0.0031   0.0084   0.0025   0.9476   0.0187   0.0047   0.0089
   0.0025   0.0016   0.0022   0.0019   0.0005   0.0049   0.9426   0.0025   0.0053
   0.0112   0.0216   0.0067   0.0042   0.0084   0.0170   0.0340   0.9376   0.0157
   0.0060   0.0122   0.0001   0.0036   0.0020   0.0048   0.0108   0.0023   0.9326

eigenvalues of p_FN1=  0.924912  0.928440  0.934224  0.945119  0.948103  0.956397  0.966213  0.969951  1.000000
eigenvalues of h_FN1=  1.384192  1.207773  0.918559  0.373842  0.224625 -0.190092 -0.680871 -0.867801 -2.370229

eigenval_p,eigenval_h=  1.000000 -2.370229
psiFN1_psig =    0.1390   0.0506   0.2088   0.0932   0.1903   0.0790   0.0381   0.1515   0.0494

rms fluctuation of E_L   1.23952

E_0, E_G, E_FN1, E_G-E_0, E_FN1-E_0, rms fluctuation of E_L  -2.37023  -1.95657  -2.37023   0.41366   0.00000   1.23952
E_L     =  -3.0864  -4.9053  -1.7599  -2.4977  -1.5275  -3.1112  -6.4032  -1.0963  -2.9576
p_L     =   1.0143   1.0507   0.9878   1.0025   0.9831   1.0148   1.0807   0.9745   1.0117
p_abs_L =   1.0143   1.0507   0.9878   1.0025   0.9831   1.0148   1.0807   0.9745   1.0117

p_propos2=
   0.9589   0.0065   0.0012   0.0087   0.0021   0.0016   0.0121   0.0043   0.0151
   0.0017   0.9209   0.0009   0.0005   0.0017   0.0013   0.0020   0.0021   0.0076
   0.0041   0.0119   0.9745   0.0052   0.0103   0.0151   0.0378   0.0093   0.0008
   0.0079   0.0017   0.0014   0.9552   0.0034   0.0105   0.0083   0.0015   0.0084
   0.0068   0.0215   0.0098   0.0123   0.9689   0.0115   0.0088   0.0110   0.0168
   0.0012   0.0037   0.0032   0.0084   0.0026   0.9338   0.0173   0.0048   0.0088
   0.0025   0.0016   0.0022   0.0019   0.0005   0.0048   0.8722   0.0025   0.0052
   0.0110   0.0206   0.0068   0.0042   0.0085   0.0167   0.0315   0.9621   0.0155
   0.0059   0.0117   0.0001   0.0036   0.0020   0.0047   0.0100   0.0024   0.9218
psig**2=         0.0762   0.0188   0.2725   0.0703   0.2594   0.0558   0.0146   0.2024   0.0300
psig**2 * P_L=   0.0772   0.0198   0.2692   0.0705   0.2551   0.0566   0.0158   0.1972   0.0303
psiFN_psig=      0.1390   0.0506   0.2088   0.0932   0.1903   0.0790   0.0381   0.1515   0.0494
W_prod=          1.8101   2.6667   0.7600   1.3154   0.7276   1.4051   2.5826   0.7423   1.6333

p_markov=
   0.9591   0.0065   0.0011   0.0086   0.0020   0.0016   0.0121   0.0041   0.0151
   0.0016   0.9209   0.0008   0.0005   0.0016   0.0012   0.0020   0.0019   0.0073
   0.0041   0.0119   0.9749   0.0052   0.0103   0.0151   0.0378   0.0092   0.0008
   0.0079   0.0017   0.0014   0.9556   0.0033   0.0105   0.0083   0.0015   0.0084
   0.0068   0.0215   0.0098   0.0123   0.9694   0.0115   0.0088   0.0109   0.0168
   0.0012   0.0037   0.0031   0.0083   0.0025   0.9341   0.0173   0.0046   0.0088
   0.0023   0.0015   0.0020   0.0017   0.0005   0.0045   0.8722   0.0023   0.0049
   0.0110   0.0206   0.0068   0.0042   0.0085   0.0167   0.0315   0.9632   0.0155
   0.0059   0.0117   0.0001   0.0036   0.0019   0.0047   0.0100   0.0023   0.9224

eigenvalues of p_markov=  0.869153  0.911548  0.924450  0.930973  0.949944  0.957044  0.960062  0.968665  1.000000
eigenvalues of h_markov=  4.172133  2.052389  1.407253  1.081124  0.132577 -0.222448 -0.373315 -0.803454 -2.370229

eigenval_p,eigenval_h=  1.000000 -2.370229
psi for p_mar=   0.0762   0.0188   0.2725   0.0703   0.2594   0.0558   0.0146   0.2024   0.0300
psig**2      =   0.0762   0.0188   0.2725   0.0703   0.2594   0.0558   0.0146   0.2024   0.0300
Above 2 lines should be equal since Markov matrix has dominant state psig**2
The exception to this occurs when there is no sign problem, but some components of psig have the wrong sign, in which case one has 2 decoupled spaces with degenerate dominant eigenvalues

p_FN3=
   0.9728   0.0068   0.0011   0.0086   0.0020   0.0017   0.0131   0.0040   0.0152
   0.0016   0.9676   0.0008   0.0005   0.0015   0.0013   0.0021   0.0019   0.0074
   0.0042   0.0125   0.9630   0.0053   0.0101   0.0153   0.0409   0.0089   0.0008
   0.0081   0.0018   0.0013   0.9580   0.0033   0.0106   0.0090   0.0014   0.0085
   0.0069   0.0226   0.0097   0.0123   0.9531   0.0117   0.0095   0.0106   0.0170
   0.0012   0.0039   0.0030   0.0083   0.0024   0.9479   0.0187   0.0045   0.0089
   0.0024   0.0016   0.0020   0.0017   0.0005   0.0046   0.9426   0.0022   0.0049
   0.0112   0.0216   0.0067   0.0042   0.0084   0.0170   0.0340   0.9387   0.0157
   0.0060   0.0122   0.0001   0.0036   0.0019   0.0048   0.0108   0.0022   0.9333

eigenvalues of p_FN3=  0.925713  0.929600  0.934672  0.945665  0.948418  0.956786  0.966320  0.970197  0.999589
eigenvalues of h_FN3=  1.344104  1.149775  0.896166  0.346541  0.208886 -0.209519 -0.686219 -0.880098 -2.349661

eigenval_p,eigenval_h=  0.999589 -2.349661
psiFN3_psig  =   0.1389   0.0488   0.2098   0.0938   0.1926   0.0781   0.0355   0.1532   0.0491

p_FN4=
   0.9726   0.0068   0.0012   0.0087   0.0020   0.0017   0.0131   0.0042   0.0153
   0.0017   0.9676   0.0009   0.0005   0.0016   0.0013   0.0021   0.0020   0.0077
   0.0042   0.0125   0.9626   0.0053   0.0102   0.0153   0.0409   0.0091   0.0008
   0.0081   0.0018   0.0014   0.9576   0.0033   0.0106   0.0090   0.0015   0.0085
   0.0069   0.0226   0.0097   0.0123   0.9526   0.0117   0.0095   0.0107   0.0170
   0.0012   0.0039   0.0031   0.0084   0.0025   0.9476   0.0187   0.0047   0.0089
   0.0025   0.0016   0.0022   0.0019   0.0005   0.0049   0.9426   0.0025   0.0053
   0.0112   0.0216   0.0067   0.0042   0.0084   0.0170   0.0340   0.9376   0.0157
   0.0060   0.0122   0.0001   0.0036   0.0020   0.0048   0.0108   0.0023   0.9326

eigenvalues of p_FN4=  0.924912  0.928440  0.934224  0.945119  0.948103  0.956397  0.966213  0.969951  1.000000
eigenvalues of h_FN4=  1.384192  1.207773  0.918559  0.373842  0.224625 -0.190092 -0.680871 -0.867801 -2.370229

eigenval_p,eigenval_h=  1.000000 -2.370229
psiFN4_psig  =   0.1390   0.0506   0.2088   0.0932   0.1903   0.0790   0.0381   0.1515   0.0494

E_G, E_FN1, E_FN3, E_FN4, E_0, recover_FN1, recover_FN3, recover_FN4, 1-ovlp_FN1, 1-ovlp_FN3, 1-ovlp_FN4, sign_cond_num= -1.956568 -2.370229 -2.349661 -2.370229 -2.370229 1.000 0.950 1.000 0.E+00 6.E-05 2.E-16 1.000

p_propos2=
   0.9589   0.0065   0.0012   0.0087   0.0021   0.0016   0.0121   0.0043   0.0151
   0.0017   0.9209   0.0009   0.0005   0.0017   0.0013   0.0020   0.0021   0.0076
   0.0041   0.0119   0.9745   0.0052   0.0103   0.0151   0.0378   0.0093   0.0008
   0.0079   0.0017   0.0014   0.9552   0.0034   0.0105   0.0083   0.0015   0.0084
   0.0068   0.0215   0.0098   0.0123   0.9689   0.0115   0.0088   0.0110   0.0168
   0.0012   0.0037   0.0032   0.0084   0.0026   0.9338   0.0173   0.0048   0.0088
   0.0025   0.0016   0.0022   0.0019   0.0005   0.0048   0.8722   0.0025   0.0052
   0.0110   0.0206   0.0068   0.0042   0.0085   0.0167   0.0315   0.9621   0.0155
   0.0059   0.0117   0.0001   0.0036   0.0020   0.0047   0.0100   0.0024   0.9218

eigenvalues of p_FN1_propos=  0.868904  0.911010  0.924205  0.930413  0.949556  0.956178  0.959636  0.968315  1.000000
psi for p_FN1_propos=   0.0779   0.0200   0.2714   0.0711   0.2572   0.0571   0.0159   0.1989   0.0306
psig**2 * P_L       =   0.0779   0.0200   0.2714   0.0711   0.2572   0.0571   0.0159   0.1989   0.0306
Above 2 lines should be equal since proposal part of p_FN1 has dominant state psig**2 * P_L
The exception to this occurs when there is no sign problem, but some components of psig have the wrong sign, in which case one has 2 decoupled spaces with degenerate dominant eigenvalues

pp_FN1=
   1.9726   0.0068   0.0012   0.0087   0.0020   0.0017   0.0131   0.0042   0.0153
   0.0017   1.9676   0.0009   0.0005   0.0016   0.0013   0.0021   0.0020   0.0077
   0.0042   0.0125   1.9626   0.0053   0.0102   0.0153   0.0409   0.0091   0.0008
   0.0081   0.0018   0.0014   1.9576   0.0033   0.0106   0.0090   0.0015   0.0085
   0.0069   0.0226   0.0097   0.0123   1.9526   0.0117   0.0095   0.0107   0.0170
   0.0012   0.0039   0.0031   0.0084   0.0025   1.9476   0.0187   0.0047   0.0089
   0.0025   0.0016   0.0022   0.0019   0.0005   0.0049   1.9426   0.0025   0.0053
   0.0112   0.0216   0.0067   0.0042   0.0084   0.0170   0.0340   1.9376   0.0157
   0.0060   0.0122   0.0001   0.0036   0.0020   0.0048   0.0108   0.0023   1.9326

pp_FN1=
   2.9188   0.0205   0.0035   0.0257   0.0061   0.0052   0.0386   0.0124   0.0447
   0.0051   2.9040   0.0026   0.0015   0.0048   0.0039   0.0064   0.0059   0.0224
   0.0126   0.0372   2.8895   0.0158   0.0298   0.0451   0.1196   0.0266   0.0031
   0.0238   0.0057   0.0041   2.8748   0.0098   0.0310   0.0266   0.0044   0.0248
   0.0206   0.0666   0.0284   0.0362   2.8604   0.0345   0.0289   0.0313   0.0498
   0.0038   0.0116   0.0092   0.0246   0.0074   2.8459   0.0544   0.0136   0.0261
   0.0074   0.0050   0.0064   0.0055   0.0016   0.0143   2.8315   0.0072   0.0153
   0.0329   0.0635   0.0198   0.0128   0.0244   0.0495   0.0991   2.8171   0.0460
   0.0176   0.0357   0.0003   0.0106   0.0058   0.0140   0.0314   0.0068   2.8027

pp_FN1=
   3.8396   0.0409   0.0071   0.0506   0.0121   0.0108   0.0761   0.0243   0.0871
   0.0101   3.8105   0.0051   0.0031   0.0095   0.0079   0.0129   0.0116   0.0436
   0.0253   0.0738   3.7824   0.0315   0.0583   0.0886   0.2333   0.0521   0.0078
   0.0467   0.0117   0.0081   3.7537   0.0192   0.0604   0.0524   0.0089   0.0485
   0.0411   0.1311   0.0555   0.0710   3.7258   0.0680   0.0585   0.0608   0.0973
   0.0079   0.0233   0.0181   0.0480   0.0146   3.6979   0.1059   0.0265   0.0507
   0.0146   0.0100   0.0125   0.0109   0.0033   0.0277   3.6700   0.0139   0.0297
   0.0645   0.1243   0.0387   0.0257   0.0475   0.0963   0.1925   3.6426   0.0897
   0.0343   0.0694   0.0009   0.0207   0.0112   0.0272   0.0609   0.0133   3.6149

pp_FN1=
  11.8404   0.6024   0.1123   0.6478   0.1743   0.2078   0.9946   0.3079   1.0479
   0.1490  11.4599   0.0720   0.0594   0.1231   0.1189   0.2045   0.1437   0.5059
   0.4018   1.0413  11.1458   0.4675   0.7162   1.1309   2.7976   0.6469   0.2780
   0.5980   0.2216   0.1206  10.7979   0.2404   0.7177   0.6968   0.1359   0.5968
   0.5938   1.6964   0.6819   0.8873  10.5009   0.8876   0.9422   0.7146   1.1790
   0.1522   0.3522   0.2315   0.5695   0.1908  10.2011   1.2368   0.3102   0.5959
   0.1908   0.1587   0.1500   0.1448   0.0531   0.3240   9.9027   0.1600   0.3360
   0.8182   1.5442   0.4805   0.3912   0.5575   1.1255   2.2156   9.6355   1.0744
   0.4125   0.8054   0.0306   0.2545   0.1362   0.3202   0.6892   0.1591   9.3454

pp_FN1=
 235.1124 299.6488  84.5677 151.3176  81.8402 157.4467 293.7098  84.4568 188.8419
  74.1000 138.5433  31.2489  53.4312  30.4045  57.7160 106.0305  31.0776  69.5172
 302.6135 452.1822 154.6557 222.8925 126.9561 243.8326 451.3505 128.7619 275.4402
 139.6874 199.4605  57.5015 122.4886  55.8783 109.6484 197.8998  56.4718 125.8677
 278.8214 418.8816 120.8730 206.2222 133.1652 220.8522 402.0659 117.6550 256.2137
 115.3336 170.9672  49.9149  87.0075  47.4859 109.6420 171.4356  48.9206 106.8897
  56.3602  82.2772  24.2038  41.1369  22.6460  44.9089  97.6093  23.5878  51.6429
 224.4643 334.0059  95.6348 162.5835  91.7833 177.4934 326.6982 107.7264 204.8177
  74.3397 110.6647  30.3016  53.6746  29.6050  57.4429 105.9447  30.3373  80.8531
1st col normalized  0.414340  0.130587  0.533297  0.246172  0.491368  0.203253  0.099324  0.395575  0.131009
2nd col normalized  0.361126  0.166968  0.544954  0.240383  0.504822  0.206044  0.099158  0.402532  0.133369
3rd col normalized  0.336646  0.124395  0.615651  0.228901  0.481170  0.198700  0.096350  0.380702  0.120624
psiFN_psig          0.138993  0.050638  0.208833  0.093242  0.190347  0.079035  0.038055  0.151485  0.049372
W=       140.938574  51.346698 211.756474  94.547468 193.012297  80.140986  38.587658 153.606135  50.063709
W_der=    -7.012032  -3.427712 -10.641474  -4.677970  -9.867430  -4.012202  -1.926844  -7.861871  -2.587582
W_der/W=  -0.049752  -0.066756  -0.050253  -0.049477  -0.051123  -0.050064  -0.049934  -0.051182  -0.051686

gradient_vmc_FD, gradient_vmc= -0.809301 -0.809301
E_L_der =         -0.6161  30.2800  -0.3144  -0.1780  -0.5973  -0.4748  -0.7702  -0.7332  -2.8028
E_L_der_increm =  -0.6161  30.2800  -0.3144  -0.1780  -0.5973  -0.4748  -0.7702  -0.7332  -2.8028
The above 2 lines should be equal
psiFN1_psig  =   0.1390   0.0506   0.2088   0.0932   0.1903   0.0790   0.0381   0.1515   0.0494
psig_increm**2=                 0.0762    0.0188    0.2725    0.0703    0.2594    0.0558    0.0146    0.2024    0.0300
psig_increm**2 * P_L_increm=    0.0772    0.0198    0.2692    0.0705    0.2551    0.0566    0.0158    0.1972    0.0303
psiFN_psig_increm=              0.1390    0.0506    0.2088    0.0932    0.1903    0.0790    0.0381    0.1515    0.0494
W_prod_increm                   1.8101    2.6667    0.7600    1.3154    0.7276    1.4051    2.5826    0.7423    1.6333
W_prod                          1.8101    2.6667    0.7600    1.3154    0.7276    1.4051    2.5826    0.7423    1.6333
W_prod_increm                  1.810082913   2.666706307   0.760013907   1.315378835   0.727602235   1.405080433   2.582634978   0.742274681   1.633311513
W_prod                         1.810082927   2.666708272   0.760013913   1.315378845   0.727602241   1.405080444   2.582634998   0.742274687   1.633311526
W_prod_der=                    -0.1416  -19.6411   -0.0595   -0.1029   -0.0569   -0.1099   -0.2020   -0.0581   -0.1278

E_FN1, E_FN1_increm, gradient_FN1_FD, gradient_FN1= -2.370229 -2.370229  0.000000 -0.933724

E_FN1, E_FN1_increm, gradient_FN1_FD, gradient_FN1= -2.370229 -2.370229  0.000000 -0.000001

gradient_FN1_FD, gradient_FN1, 1st+2*2nd terms, gradient_FN1_1, gradient_FN1_2, gradient_FN1_3=  0.000000 -0.000001 -0.000000 -1.870891  0.935445  0.935446
------------------------------------------------------------

Data set    2

h=
  -1.0000  -0.0422  -0.0035  -0.4274  -0.0950  -0.1682  -0.1328  -0.1903  -0.2149
  -0.0422  -0.7500  -0.2183  -0.1422  -0.4029  -0.0296  -0.3384  -0.2040  -0.4222
  -0.0035  -0.2183  -0.5000  -0.2688  -0.1295  -0.1714  -0.1435  -0.1958  -0.4634
  -0.4274  -0.1422  -0.2688  -0.2500  -0.1304  -0.0422  -0.2248  -0.0545  -0.1296
  -0.0950  -0.4029  -0.1295  -0.1304   0.0000  -0.4389  -0.1127  -0.3991  -0.4336
  -0.1682  -0.0296  -0.1714  -0.0422  -0.4389   0.2500  -0.2029  -0.0027  -0.3261
  -0.1328  -0.3384  -0.1435  -0.2248  -0.1127  -0.2029   0.5000  -0.3012  -0.1427
  -0.1903  -0.2040  -0.1958  -0.0545  -0.3991  -0.0027  -0.3012   0.7500  -0.4177
  -0.2149  -0.4222  -0.4634  -0.1296  -0.4336  -0.3261  -0.1427  -0.4177   1.0000

eigenval_p,eigenval_h=  1.000000 -1.865285
psi for p    =   0.4188   0.4833   0.3583   0.3105   0.3554   0.2170   0.2267   0.2296   0.2979

eigenvalues of p=  0.933770  0.941972  0.951988  0.953071  0.961893  0.966605  0.971751  0.983198  1.000000
eigenvalues of h=  1.446192  1.036117  0.535291  0.481175  0.040080 -0.195512 -0.452860 -1.025199 -1.865285
tau, tau_max= 0.020000 0.301980
p=
   0.9827   0.0008   0.0001   0.0085   0.0019   0.0034   0.0027   0.0038   0.0043
   0.0008   0.9777   0.0044   0.0028   0.0081   0.0006   0.0068   0.0041   0.0084
   0.0001   0.0044   0.9727   0.0054   0.0026   0.0034   0.0029   0.0039   0.0093
   0.0085   0.0028   0.0054   0.9677   0.0026   0.0008   0.0045   0.0011   0.0026
   0.0019   0.0081   0.0026   0.0026   0.9627   0.0088   0.0023   0.0080   0.0087
   0.0034   0.0006   0.0034   0.0008   0.0088   0.9577   0.0041   0.0001   0.0065
   0.0027   0.0068   0.0029   0.0045   0.0023   0.0041   0.9527   0.0060   0.0029
   0.0038   0.0041   0.0039   0.0011   0.0080   0.0001   0.0060   0.9477   0.0084
   0.0043   0.0084   0.0093   0.0026   0.0087   0.0065   0.0029   0.0084   0.9427

sum_p_eig,sum_abs_p_eig,sign_condition_number=  2.897480  2.897480  1.000000

p after making eigenvec +ve =
   0.9827   0.0008   0.0001   0.0085   0.0019   0.0034   0.0027   0.0038   0.0043
   0.0008   0.9777   0.0044   0.0028   0.0081   0.0006   0.0068   0.0041   0.0084
   0.0001   0.0044   0.9727   0.0054   0.0026   0.0034   0.0029   0.0039   0.0093
   0.0085   0.0028   0.0054   0.9677   0.0026   0.0008   0.0045   0.0011   0.0026
   0.0019   0.0081   0.0026   0.0026   0.9627   0.0088   0.0023   0.0080   0.0087
   0.0034   0.0006   0.0034   0.0008   0.0088   0.9577   0.0041   0.0001   0.0065
   0.0027   0.0068   0.0029   0.0045   0.0023   0.0041   0.9527   0.0060   0.0029
   0.0038   0.0041   0.0039   0.0011   0.0080   0.0001   0.0060   0.9477   0.0084
   0.0043   0.0084   0.0093   0.0026   0.0087   0.0065   0.0029   0.0084   0.9427

1+(E_0*1-H) (i.e. p with tau=1) after making eigenvec +ve =
   0.1347  -0.0422  -0.0035  -0.4274  -0.0950  -0.1682  -0.1328  -0.1903  -0.2149
  -0.0422  -0.1153  -0.2183  -0.1422  -0.4029  -0.0296  -0.3384  -0.2040  -0.4222
  -0.0035  -0.2183  -0.3653  -0.2688  -0.1295  -0.1714  -0.1435  -0.1958  -0.4634
  -0.4274  -0.1422  -0.2688  -0.6153  -0.1304  -0.0422  -0.2248  -0.0545  -0.1296
  -0.0950  -0.4029  -0.1295  -0.1304  -0.8653  -0.4389  -0.1127  -0.3991  -0.4336
  -0.1682  -0.0296  -0.1714  -0.0422  -0.4389  -1.1153  -0.2029  -0.0027  -0.3261
  -0.1328  -0.3384  -0.1435  -0.2248  -0.1127  -0.2029  -1.3653  -0.3012  -0.1427
  -0.1903  -0.2040  -0.1958  -0.0545  -0.3991  -0.0027  -0.3012  -1.6153  -0.4177
  -0.2149  -0.4222  -0.4634  -0.1296  -0.4336  -0.3261  -0.1427  -0.4177  -1.8653
psi0         =   0.4188   0.4833   0.3583   0.3105   0.3554   0.2170   0.2267   0.2296   0.2979
psig         =   0.5117   0.4713   0.4609   0.3134   0.2274   0.2916   0.1626   0.1117   0.1722

E_G= -1.713184

h_imp=
  -1.0000  -0.0458  -0.0038  -0.6979  -0.2138  -0.2952  -0.4180  -0.8716  -0.6386
  -0.0389  -0.7500  -0.2232  -0.2138  -0.8353  -0.0478  -0.9813  -0.8603  -1.1556
  -0.0031  -0.2135  -0.5000  -0.3954  -0.2626  -0.2710  -0.4069  -0.8075  -1.2405
  -0.2617  -0.0945  -0.1827  -0.2500  -0.1797  -0.0454  -0.4333  -0.1528  -0.2359
  -0.0422  -0.1944  -0.0639  -0.0946   0.0000  -0.3422  -0.1576  -0.8121  -0.5726
  -0.0959  -0.0183  -0.1085  -0.0393  -0.5629   0.2500  -0.3640  -0.0071  -0.5523
  -0.0422  -0.1167  -0.0506  -0.1166  -0.0806  -0.1131   0.5000  -0.4381  -0.1347
  -0.0416  -0.0484  -0.0475  -0.0194  -0.1962  -0.0010  -0.2070   0.7500  -0.2711
  -0.0723  -0.1542  -0.1731  -0.0712  -0.3284  -0.1926  -0.1512  -0.6436   1.0000

p_imp=
   0.9827   0.0009   0.0001   0.0140   0.0043   0.0059   0.0084   0.0174   0.0128
   0.0008   0.9777   0.0045   0.0043   0.0167   0.0010   0.0196   0.0172   0.0231
   0.0001   0.0043   0.9727   0.0079   0.0053   0.0054   0.0081   0.0162   0.0248
   0.0052   0.0019   0.0037   0.9677   0.0036   0.0009   0.0087   0.0031   0.0047
   0.0008   0.0039   0.0013   0.0019   0.9627   0.0068   0.0032   0.0162   0.0115
   0.0019   0.0004   0.0022   0.0008   0.0113   0.9577   0.0073   0.0001   0.0110
   0.0008   0.0023   0.0010   0.0023   0.0016   0.0023   0.9527   0.0088   0.0027
   0.0008   0.0010   0.0009   0.0004   0.0039   0.0000   0.0041   0.9477   0.0054
   0.0014   0.0031   0.0035   0.0014   0.0066   0.0039   0.0030   0.0129   0.9427
tau_av_expon_proj    = 1.672790 1.128897 1.171886 0.606690 0.376016 0.764324 0.320580 0.217714 0.208279
tau_av_expon_proj_new= 1.155689 0.896632 0.732448 0.619086 0.536111 0.472750 0.422782 0.382368 0.349005
factor=                0.639263 0.771790 0.548834 1.020225 1.348001 0.539688 1.273458 1.538205 1.496637
factor2=                 0.6909   0.7943   0.6250   1.0204   1.4258   0.6185   1.3188   1.7563   1.6757

eigenvalues of p_imp=  0.933770  0.941972  0.951988  0.953071  0.961893  0.966605  0.971751  0.983198  1.000000
eigenvalues of h_imp=  1.446192  1.036117  0.535291  0.481175  0.040080 -0.195512 -0.452860 -1.025199 -1.865285

eigenval_p,eigenval_h=  1.000000 -1.865285
psi0_psig    =   0.2227   0.2367   0.1716   0.1011   0.0840   0.0658   0.0383   0.0267   0.0533

imp-sampled: sum_p_eig,sum_abs_p_eig,sign_condition_number=  1.000000  1.000000  1.000000

p_FN1=
   0.9827   0.0009   0.0001   0.0140   0.0043   0.0059   0.0084   0.0174   0.0128
   0.0008   0.9777   0.0045   0.0043   0.0167   0.0010   0.0196   0.0172   0.0231
   0.0001   0.0043   0.9727   0.0079   0.0053   0.0054   0.0081   0.0162   0.0248
   0.0052   0.0019   0.0037   0.9677   0.0036   0.0009   0.0087   0.0031   0.0047
   0.0008   0.0039   0.0013   0.0019   0.9627   0.0068   0.0032   0.0162   0.0115
   0.0019   0.0004   0.0022   0.0008   0.0113   0.9577   0.0073   0.0001   0.0110
   0.0008   0.0023   0.0010   0.0023   0.0016   0.0023   0.9527   0.0088   0.0027
   0.0008   0.0010   0.0009   0.0004   0.0039   0.0000   0.0041   0.9477   0.0054
   0.0014   0.0031   0.0035   0.0014   0.0066   0.0039   0.0030   0.0129   0.9427

eigenvalues of p_FN1=  0.933770  0.941972  0.951988  0.953071  0.961893  0.966605  0.971751  0.983198  1.000000
eigenvalues of h_FN1=  1.446192  1.036117  0.535291  0.481175  0.040080 -0.195512 -0.452860 -1.025199 -1.865285

eigenval_p,eigenval_h=  1.000000 -1.865285
psiFN1_psig =    0.2227   0.2367   0.1716   0.1011   0.0840   0.0658   0.0383   0.0267   0.0533

rms fluctuation of E_L   0.70358

E_0, E_G, E_FN1, E_G-E_0, E_FN1-E_0, rms fluctuation of E_L  -1.86528  -1.71318  -1.86528   0.15210  -0.00000   0.70358
E_L     =  -1.5978  -1.6358  -1.3533  -1.8983  -2.6595  -1.0583  -2.6193  -3.8432  -3.8012
p_L     =   0.9947   0.9954   0.9898   1.0007   1.0159   0.9839   1.0151   1.0396   1.0387
p_abs_L =   0.9947   0.9954   0.9898   1.0007   1.0159   0.9839   1.0151   1.0396   1.0387

p_propos2=
   0.9880   0.0009   0.0001   0.0139   0.0042   0.0060   0.0082   0.0168   0.0123
   0.0008   0.9822   0.0045   0.0043   0.0164   0.0010   0.0193   0.0166   0.0223
   0.0001   0.0043   0.9828   0.0079   0.0052   0.0055   0.0080   0.0155   0.0239
   0.0053   0.0019   0.0037   0.9671   0.0035   0.0009   0.0085   0.0029   0.0045
   0.0008   0.0039   0.0013   0.0019   0.9476   0.0070   0.0031   0.0156   0.0110
   0.0019   0.0004   0.0022   0.0008   0.0111   0.9734   0.0072   0.0001   0.0106
   0.0008   0.0023   0.0010   0.0023   0.0016   0.0023   0.9385   0.0084   0.0026
   0.0008   0.0010   0.0010   0.0004   0.0039   0.0000   0.0041   0.9116   0.0052
   0.0015   0.0031   0.0035   0.0014   0.0065   0.0039   0.0030   0.0124   0.9076
psig**2=         0.2619   0.2222   0.2125   0.0982   0.0517   0.0850   0.0264   0.0125   0.0296
psig**2 * P_L=   0.2605   0.2211   0.2103   0.0983   0.0525   0.0837   0.0268   0.0130   0.0308
psiFN_psig=      0.2227   0.2367   0.1716   0.1011   0.0840   0.0658   0.0383   0.0267   0.0533
W_prod=          0.8478   1.0620   0.8051   1.0265   1.6193   0.7709   1.4443   2.1283   1.7918

p_markov=
   0.9881   0.0009   0.0001   0.0139   0.0042   0.0059   0.0082   0.0168   0.0123
   0.0008   0.9825   0.0045   0.0043   0.0164   0.0010   0.0193   0.0166   0.0223
   0.0001   0.0043   0.9831   0.0079   0.0052   0.0055   0.0080   0.0155   0.0239
   0.0052   0.0019   0.0037   0.9672   0.0035   0.0009   0.0085   0.0029   0.0045
   0.0008   0.0038   0.0013   0.0019   0.9479   0.0067   0.0031   0.0156   0.0110
   0.0019   0.0004   0.0022   0.0008   0.0111   0.9740   0.0072   0.0001   0.0106
   0.0008   0.0023   0.0010   0.0023   0.0016   0.0022   0.9387   0.0084   0.0026
   0.0008   0.0009   0.0009   0.0004   0.0038   0.0000   0.0040   0.9116   0.0052
   0.0014   0.0030   0.0033   0.0014   0.0063   0.0037   0.0029   0.0124   0.9076

eigenvalues of p_markov=  0.900327  0.912102  0.937506  0.945601  0.962998  0.974628  0.979398  0.988164  1.000000
eigenvalues of h_markov=  3.118370  2.529639  1.259420  0.854653 -0.015178 -0.596668 -0.835192 -1.273503 -1.865285

eigenval_p,eigenval_h=  1.000000 -1.865285
psi for p_mar=   0.2619   0.2222   0.2125   0.0982   0.0517   0.0850   0.0264   0.0125   0.0296
psig**2      =   0.2619   0.2222   0.2125   0.0982   0.0517   0.0850   0.0264   0.0125   0.0296
Above 2 lines should be equal since Markov matrix has dominant state psig**2
The exception to this occurs when there is no sign problem, but some components of psig have the wrong sign, in which case one has 2 decoupled spaces with degenerate dominant eigenvalues

p_FN3=
   0.9829   0.0009   0.0001   0.0140   0.0043   0.0058   0.0084   0.0174   0.0128
   0.0008   0.9780   0.0044   0.0043   0.0167   0.0009   0.0196   0.0172   0.0231
   0.0001   0.0043   0.9730   0.0079   0.0053   0.0054   0.0081   0.0162   0.0248
   0.0052   0.0019   0.0036   0.9678   0.0036   0.0009   0.0087   0.0031   0.0047
   0.0008   0.0038   0.0012   0.0019   0.9629   0.0066   0.0031   0.0162   0.0115
   0.0019   0.0004   0.0022   0.0008   0.0113   0.9583   0.0073   0.0001   0.0110
   0.0008   0.0023   0.0010   0.0023   0.0016   0.0022   0.9529   0.0088   0.0027
   0.0008   0.0009   0.0009   0.0004   0.0038   0.0000   0.0040   0.9477   0.0054
   0.0014   0.0030   0.0033   0.0014   0.0064   0.0036   0.0030   0.0129   0.9427

eigenvalues of p_FN3=  0.933945  0.942278  0.952179  0.953540  0.962105  0.966889  0.972053  0.983367  0.999838
eigenvalues of h_FN3=  1.437441  1.020794  0.525741  0.457729  0.029459 -0.209752 -0.467917 -1.033641 -1.857204

eigenval_p,eigenval_h=  0.999838 -1.857204
psiFN3_psig  =   0.2243   0.2378   0.1724   0.1013   0.0829   0.0662   0.0378   0.0258   0.0514

p_FN4=
   0.9827   0.0009   0.0001   0.0140   0.0043   0.0059   0.0084   0.0174   0.0128
   0.0008   0.9777   0.0045   0.0043   0.0167   0.0010   0.0196   0.0172   0.0231
   0.0001   0.0043   0.9727   0.0079   0.0053   0.0054   0.0081   0.0162   0.0248
   0.0052   0.0019   0.0037   0.9677   0.0036   0.0009   0.0087   0.0031   0.0047
   0.0008   0.0039   0.0013   0.0019   0.9627   0.0068   0.0032   0.0162   0.0115
   0.0019   0.0004   0.0022   0.0008   0.0113   0.9577   0.0073   0.0001   0.0110
   0.0008   0.0023   0.0010   0.0023   0.0016   0.0023   0.9527   0.0088   0.0027
   0.0008   0.0010   0.0009   0.0004   0.0039   0.0000   0.0041   0.9477   0.0054
   0.0014   0.0031   0.0035   0.0014   0.0066   0.0039   0.0030   0.0129   0.9427

eigenvalues of p_FN4=  0.933770  0.941972  0.951988  0.953071  0.961893  0.966605  0.971751  0.983198  1.000000
eigenvalues of h_FN4=  1.446192  1.036117  0.535291  0.481175  0.040080 -0.195512 -0.452860 -1.025199 -1.865285

eigenval_p,eigenval_h=  1.000000 -1.865285
psiFN4_psig  =   0.2227   0.2367   0.1716   0.1011   0.0840   0.0658   0.0383   0.0267   0.0533

E_G, E_FN1, E_FN3, E_FN4, E_0, recover_FN1, recover_FN3, recover_FN4, 1-ovlp_FN1, 1-ovlp_FN3, 1-ovlp_FN4, sign_cond_num= -1.713184 -1.865285 -1.857204 -1.865285 -1.865285 1.000 0.947 1.000 0.E+00 3.E-05-2.E-16 1.000

p_propos2=
   0.9880   0.0009   0.0001   0.0139   0.0042   0.0060   0.0082   0.0168   0.0123
   0.0008   0.9822   0.0045   0.0043   0.0164   0.0010   0.0193   0.0166   0.0223
   0.0001   0.0043   0.9828   0.0079   0.0052   0.0055   0.0080   0.0155   0.0239
   0.0053   0.0019   0.0037   0.9671   0.0035   0.0009   0.0085   0.0029   0.0045
   0.0008   0.0039   0.0013   0.0019   0.9476   0.0070   0.0031   0.0156   0.0110
   0.0019   0.0004   0.0022   0.0008   0.0111   0.9734   0.0072   0.0001   0.0106
   0.0008   0.0023   0.0010   0.0023   0.0016   0.0023   0.9385   0.0084   0.0026
   0.0008   0.0010   0.0010   0.0004   0.0039   0.0000   0.0041   0.9116   0.0052
   0.0015   0.0031   0.0035   0.0014   0.0065   0.0039   0.0030   0.0124   0.9076

eigenvalues of p_FN1_propos=  0.900267  0.911938  0.937320  0.945250  0.962827  0.974128  0.979068  0.987970  1.000000
psi for p_FN1_propos=   0.2613   0.2218   0.2109   0.0986   0.0527   0.0839   0.0269   0.0130   0.0309
psig**2 * P_L       =   0.2613   0.2218   0.2109   0.0986   0.0527   0.0839   0.0269   0.0130   0.0309
Above 2 lines should be equal since proposal part of p_FN1 has dominant state psig**2 * P_L
The exception to this occurs when there is no sign problem, but some components of psig have the wrong sign, in which case one has 2 decoupled spaces with degenerate dominant eigenvalues

pp_FN1=
   1.9827   0.0009   0.0001   0.0140   0.0043   0.0059   0.0084   0.0174   0.0128
   0.0008   1.9777   0.0045   0.0043   0.0167   0.0010   0.0196   0.0172   0.0231
   0.0001   0.0043   1.9727   0.0079   0.0053   0.0054   0.0081   0.0162   0.0248
   0.0052   0.0019   0.0037   1.9677   0.0036   0.0009   0.0087   0.0031   0.0047
   0.0008   0.0039   0.0013   0.0019   1.9627   0.0068   0.0032   0.0162   0.0115
   0.0019   0.0004   0.0022   0.0008   0.0113   1.9577   0.0073   0.0001   0.0110
   0.0008   0.0023   0.0010   0.0023   0.0016   0.0023   1.9527   0.0088   0.0027
   0.0008   0.0010   0.0009   0.0004   0.0039   0.0000   0.0041   1.9477   0.0054
   0.0014   0.0031   0.0035   0.0014   0.0066   0.0039   0.0030   0.0129   1.9427

pp_FN1=
   2.9485   0.0028   0.0004   0.0412   0.0129   0.0175   0.0248   0.0515   0.0377
   0.0024   2.9338   0.0133   0.0128   0.0494   0.0031   0.0578   0.0512   0.0680
   0.0003   0.0127   2.9190   0.0233   0.0158   0.0160   0.0242   0.0477   0.0727
   0.0155   0.0056   0.0108   2.9043   0.0107   0.0028   0.0255   0.0093   0.0140
   0.0025   0.0115   0.0038   0.0056   2.8898   0.0201   0.0095   0.0476   0.0336
   0.0057   0.0012   0.0064   0.0024   0.0330   2.8750   0.0213   0.0009   0.0323
   0.0025   0.0069   0.0030   0.0069   0.0048   0.0066   2.8605   0.0256   0.0080
   0.0025   0.0029   0.0028   0.0012   0.0115   0.0001   0.0121   2.8460   0.0158
   0.0043   0.0091   0.0101   0.0042   0.0193   0.0113   0.0090   0.0375   2.8317

pp_FN1=
   3.8979   0.0058   0.0010   0.0813   0.0259   0.0345   0.0492   0.1013   0.0741
   0.0049   3.8690   0.0265   0.0254   0.0975   0.0066   0.1135   0.1015   0.1333
   0.0008   0.0254   3.8398   0.0460   0.0317   0.0317   0.0478   0.0941   0.1420
   0.0305   0.0112   0.0212   3.8109   0.0211   0.0056   0.0499   0.0188   0.0278
   0.0051   0.0227   0.0077   0.0111   3.7829   0.0392   0.0189   0.0928   0.0657
   0.0112   0.0025   0.0127   0.0049   0.0645   3.7539   0.0416   0.0026   0.0629
   0.0050   0.0135   0.0059   0.0134   0.0097   0.0129   3.7256   0.0497   0.0158
   0.0048   0.0057   0.0055   0.0024   0.0224   0.0004   0.0235   3.6978   0.0306
   0.0084   0.0178   0.0198   0.0084   0.0377   0.0219   0.0177   0.0728   3.6706

pp_FN1=
  12.5690   0.1095   0.0492   1.0647   0.4029   0.4594   0.6808   1.3185   0.9648
   0.0929  12.2096   0.3809   0.3641   1.2940   0.1484   1.4435   1.4044   1.6843
   0.0399   0.3643  11.8191   0.5981   0.4863   0.4219   0.6536   1.2376   1.7277
   0.3992   0.1609   0.2764  11.4515   0.2917   0.0948   0.6225   0.3060   0.3851
   0.0795   0.3011   0.1183   0.1536  11.1485   0.4753   0.2782   1.1193   0.8049
   0.1492   0.0568   0.1689   0.0821   0.7818  10.7753   0.5002   0.1327   0.7461
   0.0687   0.1717   0.0813   0.1675   0.1422   0.1554  10.4533   0.5781   0.2138
   0.0629   0.0789   0.0727   0.0389   0.2704   0.0195   0.2732  10.1633   0.3517
   0.1092   0.2248   0.2411   0.1163   0.4616   0.2601   0.2399   0.8350   9.9098

pp_FN1=
 221.6478 204.9770 156.2028 219.1826 319.9061 156.8068 291.0949 431.0105 359.8861
 173.8865 266.2527 174.3323 216.9831 356.7532 164.1972 319.1675 464.8814 394.5290
 126.7317 166.7300 159.7593 161.9910 253.6995 122.2758 227.7019 338.0028 289.9564
  82.1870  95.9097  74.8672 124.1931 147.2672  70.3054 135.2495 194.5378 164.4432
  63.1497  83.0149  61.7266  77.5278 150.2136  62.0592 111.4378 169.0570 141.4357
  50.9159  62.8483  48.9364  60.8807 102.0810  70.0650  88.6654 127.9221 111.1593
  29.3730  37.9640  28.3194  36.3959  56.9636  27.5537  71.3584  77.0057  63.3374
  20.5519  26.1304  19.8650  24.7384  40.8366  18.7855  36.3893  71.0858  45.1992
  40.7439  52.6521  40.4608  49.6497  81.1163  38.7575  71.0631 107.3159 104.9971
1st col normalized  0.663172  0.520270  0.379182  0.245904  0.188945  0.152341  0.087884  0.061492  0.121906
2nd col normalized  0.503641  0.654199  0.409665  0.235656  0.203973  0.154422  0.093280  0.064204  0.129369
3rd col normalized  0.506901  0.565734  0.518443  0.242955  0.200312  0.158806  0.091901  0.064465  0.131301
psiFN_psig          0.222699  0.236661  0.171591  0.101103  0.083967  0.065751  0.038284  0.026658  0.053287
W=       225.816767 239.973961 173.993250 102.518596  85.142855  66.671081  38.819488  27.031470  54.032533
W_der=     1.431908   1.166321   1.130889   0.659193   0.591425   0.440507   0.265545   0.188950   0.375556
W_der/W=   0.006341   0.004860   0.006500   0.006430   0.006946   0.006607   0.006841   0.006990   0.006951

gradient_vmc_FD, gradient_vmc=  0.072929  0.072929
E_L_der =         -0.0825   1.8794  -0.4736  -0.4537  -1.7722  -0.1014  -2.0819  -1.8253  -2.4517
E_L_der_increm =  -0.0825   1.8794  -0.4736  -0.4537  -1.7722  -0.1014  -2.0819  -1.8253  -2.4517
The above 2 lines should be equal
psiFN1_psig  =   0.2227   0.2367   0.1716   0.1011   0.0840   0.0658   0.0383   0.0267   0.0533
psig_increm**2=                 0.2619    0.2222    0.2125    0.0982    0.0517    0.0850    0.0264    0.0125    0.0296
psig_increm**2 * P_L_increm=    0.2605    0.2211    0.2103    0.0983    0.0525    0.0837    0.0268    0.0130    0.0308
