Input hamiltonian
hamiltonian=random                                                                          
Input ndim, E_T, tau
ndim, E_T, tau=    9-20.000000 0.010000
Input fraction_positive, off_diag_mag, psig_noise
fraction_positive, off_diag_mag,psig_noise= 0.500000 0.500000 2.000000
psig_correct_sign
psig_correct_sign= F
Input irand_seed
irand_seed=1425565376542456

Data set    1

h=
  -1.0000   0.0800   0.1401  -0.1696   0.0630   0.1789  -0.0366  -0.0928  -0.2290
   0.0800  -0.7500   0.0859   0.2028  -0.0542   0.1379   0.1569  -0.0799  -0.2353
   0.1401   0.0859  -0.5000   0.1165  -0.2461  -0.0961  -0.2234  -0.1402   0.2370
  -0.1696   0.2028   0.1165  -0.2500  -0.0711  -0.2226   0.0454   0.1250  -0.0263
   0.0630  -0.0542  -0.2461  -0.0711   0.0000  -0.0210   0.1375  -0.2232  -0.0393
   0.1789   0.1379  -0.0961  -0.2226  -0.0210   0.2500  -0.2276  -0.1955  -0.0772
  -0.0366   0.1569  -0.2234   0.0454   0.1375  -0.2276   0.5000  -0.2075  -0.1275
  -0.0928  -0.0799  -0.1402   0.1250  -0.2232  -0.1955  -0.2075   0.7500  -0.0525
  -0.2290  -0.2353   0.2370  -0.0263  -0.0393  -0.0772  -0.1275  -0.0525   1.0000

eigenval_p,eigenval_h=  1.000000 -1.153737
psi for p    =   0.8957  -0.1375  -0.3155   0.2159  -0.1095  -0.0884  -0.0127  -0.0197   0.1112

eigenvalues of p=  0.976918  0.978882  0.981586  0.986967  0.988261  0.991220  0.994558  0.997772  1.000000
eigenvalues of h=  1.154489  0.958038  0.687698  0.149593  0.020158 -0.275736 -0.609584 -0.930919 -1.153737
tau, tau_max= 0.010000 0.433233
p=
   0.9985  -0.0008  -0.0014   0.0017  -0.0006  -0.0018   0.0004   0.0009   0.0023
  -0.0008   0.9960  -0.0009  -0.0020   0.0005  -0.0014  -0.0016   0.0008   0.0024
  -0.0014  -0.0009   0.9935  -0.0012   0.0025   0.0010   0.0022   0.0014  -0.0024
   0.0017  -0.0020  -0.0012   0.9910   0.0007   0.0022  -0.0005  -0.0012   0.0003
  -0.0006   0.0005   0.0025   0.0007   0.9885   0.0002  -0.0014   0.0022   0.0004
  -0.0018  -0.0014   0.0010   0.0022   0.0002   0.9860   0.0023   0.0020   0.0008
   0.0004  -0.0016   0.0022  -0.0005  -0.0014   0.0023   0.9835   0.0021   0.0013
   0.0009   0.0008   0.0014  -0.0012   0.0022   0.0020   0.0021   0.9810   0.0005
   0.0023   0.0024  -0.0024   0.0003   0.0004   0.0008   0.0013   0.0005   0.9785

sum_p_eig,sum_abs_p_eig,sign_condition_number=  1.905979  1.914473  0.641049

p after making eigenvec +ve =
   0.9985   0.0008   0.0014   0.0017   0.0006   0.0018  -0.0004  -0.0009   0.0023
   0.0008   0.9960  -0.0009   0.0020   0.0005  -0.0014  -0.0016   0.0008  -0.0024
   0.0014  -0.0009   0.9935   0.0012   0.0025   0.0010   0.0022   0.0014   0.0024
   0.0017   0.0020   0.0012   0.9910  -0.0007  -0.0022   0.0005   0.0012   0.0003
   0.0006   0.0005   0.0025  -0.0007   0.9885   0.0002  -0.0014   0.0022  -0.0004
   0.0018  -0.0014   0.0010  -0.0022   0.0002   0.9860   0.0023   0.0020  -0.0008
  -0.0004  -0.0016   0.0022   0.0005  -0.0014   0.0023   0.9835   0.0021  -0.0013
  -0.0009   0.0008   0.0014   0.0012   0.0022   0.0020   0.0021   0.9810  -0.0005
   0.0023  -0.0024   0.0024   0.0003  -0.0004  -0.0008  -0.0013  -0.0005   0.9785

1+(E_0*1-H) (i.e. p with tau=1) after making eigenvec +ve =
   0.8463  -0.0800  -0.1401  -0.1696  -0.0630  -0.1789   0.0366   0.0928  -0.2290
  -0.0800   0.5963   0.0859  -0.2028  -0.0542   0.1379   0.1569  -0.0799   0.2353
  -0.1401   0.0859   0.3463  -0.1165  -0.2461  -0.0961  -0.2234  -0.1402  -0.2370
  -0.1696  -0.2028  -0.1165   0.0963   0.0711   0.2226  -0.0454  -0.1250  -0.0263
  -0.0630  -0.0542  -0.2461   0.0711  -0.1537  -0.0210   0.1375  -0.2232   0.0393
  -0.1789   0.1379  -0.0961   0.2226  -0.0210  -0.4037  -0.2276  -0.1955   0.0772
   0.0366   0.1569  -0.2234  -0.0454   0.1375  -0.2276  -0.6537  -0.2075   0.1275
   0.0928  -0.0799  -0.1402  -0.1250  -0.2232  -0.1955  -0.2075  -0.9037   0.0525
  -0.2290   0.2353  -0.2370  -0.0263   0.0393   0.0772   0.1275   0.0525  -1.1537
psi0         =   0.8957   0.1375   0.3155   0.2159   0.1095   0.0884   0.0127   0.0197   0.1112
psig         =   0.0178  -0.3841   0.5567  -0.0041   0.4860  -0.0970  -0.3672   0.3794  -0.1335

E_G= -0.109978

h_imp=
  -1.0000   0.0037  -0.0045   0.7313  -0.0023   0.0329  -0.0018   0.0044   0.0306
   1.7224  -0.7500  -0.0593 -18.8293   0.0428   0.5456   0.1641   0.0809   0.6769
  -4.3747  -0.1245  -0.5000  15.6814  -0.2819   0.5514   0.3387  -0.2057   0.9883
   0.0394  -0.0022   0.0009  -0.2500  -0.0006   0.0095  -0.0005   0.0014  -0.0008
  -1.7174   0.0686  -0.2149  -8.3517   0.0000   0.1053  -0.1820  -0.2859  -0.1430
   0.9737   0.0348   0.0168   5.2225   0.0042   0.2500  -0.0601   0.0500   0.0562
  -0.7528   0.1500   0.1474  -4.0307  -0.1039  -0.8611   0.5000   0.2008   0.3507
   1.9748   0.0789  -0.0956  11.4650  -0.1742   0.7646   0.2144   0.7500  -0.1494
   1.7141   0.0818   0.0568  -0.8502  -0.0108   0.1063   0.0464  -0.0185   1.0000

p_imp=
   0.9985  -0.0000   0.0000  -0.0073   0.0000  -0.0003   0.0000  -0.0000  -0.0003
  -0.0172   0.9960   0.0006   0.1883  -0.0004  -0.0055  -0.0016  -0.0008  -0.0068
   0.0437   0.0012   0.9935  -0.1568   0.0028  -0.0055  -0.0034   0.0021  -0.0099
  -0.0004   0.0000  -0.0000   0.9910   0.0000  -0.0001   0.0000  -0.0000   0.0000
   0.0172  -0.0007   0.0021   0.0835   0.9885  -0.0011   0.0018   0.0029   0.0014
  -0.0097  -0.0003  -0.0002  -0.0522  -0.0000   0.9860   0.0006  -0.0005  -0.0006
   0.0075  -0.0015  -0.0015   0.0403   0.0010   0.0086   0.9835  -0.0020  -0.0035
  -0.0197  -0.0008   0.0010  -0.1146   0.0017  -0.0076  -0.0021   0.9810   0.0015
  -0.0171  -0.0008  -0.0006   0.0085   0.0001  -0.0011  -0.0005   0.0002   0.9785
tau_av_expon_proj    = 0.075363 1.836386 1.677878 0.015346 1.610822 0.335957 0.992024 1.180072 0.417382
tau_av_expon_proj_new= 6.504622 2.476861 1.529668 1.106517 0.866749 0.712384 0.604691 0.525283 0.464309
factor=                2.686969 1.295094 0.907655 2.680842 0.423812 1.696223 0.527004 0.287496 1.106353
factor2=                86.3108   1.3488   0.9117  72.1029   0.5381   2.1205   0.6096   0.4451   1.1124

eigenvalues of p_imp=  0.976918  0.978882  0.981586  0.986967  0.988261  0.991220  0.994558  0.997772  1.000000
eigenvalues of h_imp=  1.154489  0.958038  0.687698  0.149593  0.020158 -0.275736 -0.609584 -0.930919 -1.153737

eigenval_p,eigenval_h=  1.000000 -1.153737
psi0_psig    =   0.0478  -0.1580   0.5257  -0.0027   0.1593  -0.0257  -0.0139   0.0224  -0.0444

imp-sampled: sum_p_eig,sum_abs_p_eig,sign_condition_number=  1.000000  1.007243  0.485946

p_FN1=
   0.9342   0.0000   0.0000   0.0000   0.0000   0.0000   0.0000   0.0000   0.0000
   0.0000   0.9918   0.0006   0.1883   0.0000   0.0000   0.0000   0.0000   0.0000
   0.0437   0.0012   0.9912   0.0000   0.0028   0.0000   0.0000   0.0021   0.0000
   0.0000   0.0000   0.0000   0.6600   0.0000   0.0000   0.0000   0.0000   0.0000
   0.0172   0.0000   0.0021   0.0835   0.9880   0.0000   0.0018   0.0029   0.0014
   0.0000   0.0000   0.0000   0.0000   0.0000   0.9648   0.0006   0.0000   0.0000
   0.0075   0.0000   0.0000   0.0403   0.0010   0.0086   0.9758   0.0000   0.0000
   0.0000   0.0000   0.0010   0.0000   0.0017   0.0000   0.0000   0.9776   0.0015
   0.0000   0.0000   0.0000   0.0085   0.0001   0.0000   0.0000   0.0002   0.9574

eigenvalues of p_FN1=  0.659946  0.934176  0.957418  0.964353  0.976070  0.977147  0.986925  0.991483  0.993342
eigenvalues of h_FN1= 32.851697  5.428693  3.104420  2.410922  1.239282  1.131561  0.153764 -0.302061 -0.487918

eigenval_p,eigenval_h=  0.993342 -0.487918
psiFN1_psig =    0.0005   0.1916   0.4982   0.0000   0.2373   0.0003   0.0145   0.0566   0.0010

rms fluctuation of E_L   0.35166

E_0, E_G, E_FN1, E_G-E_0, E_FN1-E_0, rms fluctuation of E_L  -1.15374  -0.10998  -0.48792   1.04376   0.66582   0.35166
E_L     =  -1.4205  -0.4588  -0.6524   0.7883  -0.5267   1.5044   1.0191   0.5773   2.8095
p_L     =   1.0093   0.9997   1.0016   0.9872   1.0004   0.9801   0.9849   0.9893   0.9670
p_abs_L =   1.0669   0.9972   0.9972   1.3116   0.9942   0.9946   0.9859   0.9861   0.9814

p_propos2=
   0.9358   0.0000   0.0000   0.0000   0.0000   0.0000   0.0000   0.0000   0.0000
   0.0000   0.9987   0.0006   0.1436   0.0000   0.0000   0.0000   0.0000   0.0000
   0.0410   0.0012   0.9962   0.0000   0.0028   0.0000   0.0000   0.0021   0.0000
   0.0000   0.0000   0.0000   0.7555   0.0000   0.0000   0.0000   0.0000   0.0000
   0.0161   0.0000   0.0022   0.0637   0.9942   0.0000   0.0018   0.0029   0.0015
   0.0000   0.0000   0.0000   0.0000   0.0000   0.9913   0.0006   0.0000   0.0000
   0.0071   0.0000   0.0000   0.0307   0.0010   0.0087   0.9975   0.0000   0.0000
   0.0000   0.0000   0.0010   0.0000   0.0018   0.0000   0.0000   0.9948   0.0015
   0.0000   0.0000   0.0000   0.0065   0.0001   0.0000   0.0000   0.0002   0.9970
psig**2=         0.0003   0.1475   0.3099   0.0000   0.2362   0.0094   0.1348   0.1440   0.0178
psig**2 * P_L=   0.0003   0.1475   0.3104   0.0000   0.2363   0.0092   0.1328   0.1424   0.0172
psiFN_psig=      0.0005   0.1916   0.4982   0.0000   0.2373   0.0003   0.0145   0.0566   0.0010
W_prod=          1.4893   1.2941   1.6015   0.9960   1.0009   0.0323   0.1069   0.3914   0.0564

p_markov=
   0.9358   0.0000   0.0000   0.0000   0.0000   0.0000   0.0000   0.0000   0.0000
   0.0000   0.9987   0.0006   0.1436   0.0000   0.0000   0.0000   0.0000   0.0000
   0.0410   0.0012   0.9963   0.0000   0.0028   0.0000   0.0000   0.0021   0.0000
   0.0000   0.0000   0.0000   0.7555   0.0000   0.0000   0.0000   0.0000   0.0000
   0.0161   0.0000   0.0022   0.0637   0.9942   0.0000   0.0018   0.0029   0.0014
   0.0000   0.0000   0.0000   0.0000   0.0000   0.9913   0.0006   0.0000   0.0000
   0.0071   0.0000   0.0000   0.0307   0.0010   0.0087   0.9975   0.0000   0.0000
   0.0000   0.0000   0.0010   0.0000   0.0018   0.0000   0.0000   0.9949   0.0015
   0.0000   0.0000   0.0000   0.0065   0.0001   0.0000   0.0000   0.0002   0.9970

eigenvalues of p_markov=  0.755536  0.935809  0.990485  0.991879  0.993970  0.996976  0.997984  0.998780  1.000000
eigenvalues of h_markov= 23.292635  5.265339 -0.202274 -0.341615 -0.550703 -0.851356 -0.952132 -1.031724 -1.153737

eigenval_p,eigenval_h=  1.000000 -0.487918
psi for p_mar=   0.0003   0.1475   0.3099   0.0000   0.2362   0.0094   0.1348   0.1440   0.0178
psig**2      =   0.0003   0.1475   0.3099   0.0000   0.2362   0.0094   0.1348   0.1440   0.0178
Above 2 lines should be equal since Markov matrix has dominant state psig**2
The exception to this occurs when there is no sign problem, but some components of psig have the wrong sign, in which case one has 2 decoupled spaces with degenerate dominant eigenvalues

p_FN3=
   0.9446   0.0000   0.0000   0.0000   0.0000   0.0000   0.0000   0.0000   0.0000
   0.0000   0.9984   0.0006   0.1417   0.0000   0.0000   0.0000   0.0000   0.0000
   0.0414   0.0012   0.9979   0.0000   0.0028   0.0000   0.0000   0.0020   0.0000
   0.0000   0.0000   0.0000   0.7459   0.0000   0.0000   0.0000   0.0000   0.0000
   0.0162   0.0000   0.0022   0.0629   0.9946   0.0000   0.0018   0.0028   0.0014
   0.0000   0.0000   0.0000   0.0000   0.0000   0.9716   0.0006   0.0000   0.0000
   0.0071   0.0000   0.0000   0.0303   0.0010   0.0085   0.9825   0.0000   0.0000
   0.0000   0.0000   0.0010   0.0000   0.0018   0.0000   0.0000   0.9843   0.0015
   0.0000   0.0000   0.0000   0.0064   0.0001   0.0000   0.0000   0.0002   0.9642

eigenvalues of p_FN3=  0.745894  0.944531  0.964147  0.971144  0.982747  0.983832  0.993555  0.998137  0.999993
eigenvalues of h_FN3= 24.256861  4.393211  2.431573  1.731877  0.571611  0.463023 -0.509192 -0.967485 -1.153066

eigenval_p,eigenval_h=  0.999993 -0.487247
psiFN3_psig  =   0.0005   0.1927   0.4972   0.0000   0.2369   0.0003   0.0145   0.0569   0.0010

p_FN4=
   0.9446   0.0000   0.0000   0.0000   0.0000   0.0000   0.0000   0.0000   0.0000
   0.0000   0.9984   0.0006   0.1417   0.0000   0.0000   0.0000   0.0000   0.0000
   0.0414   0.0012   0.9979   0.0000   0.0028   0.0000   0.0000   0.0021   0.0000
   0.0000   0.0000   0.0000   0.7459   0.0000   0.0000   0.0000   0.0000   0.0000
   0.0162   0.0000   0.0022   0.0629   0.9946   0.0000   0.0018   0.0029   0.0014
   0.0000   0.0000   0.0000   0.0000   0.0000   0.9716   0.0006   0.0000   0.0000
   0.0071   0.0000   0.0000   0.0303   0.0010   0.0085   0.9825   0.0000   0.0000
   0.0000   0.0000   0.0010   0.0000   0.0018   0.0000   0.0000   0.9842   0.0015
   0.0000   0.0000   0.0000   0.0064   0.0001   0.0000   0.0000   0.0002   0.9641

eigenvalues of p_FN4=  0.745890  0.944528  0.964120  0.971139  0.982725  0.983785  0.993544  0.998136  0.999996
eigenvalues of h_FN4= 24.257214  4.393505  2.434294  1.732346  0.573765  0.467714 -0.508134 -0.967299 -1.153340

eigenval_p,eigenval_h=  0.999996 -0.487522
psiFN4_psig  =   0.0005   0.1923   0.4977   0.0000   0.2368   0.0003   0.0145   0.0567   0.0010

E_G, E_FN1, E_FN3, E_FN4, E_0, recover_FN1, recover_FN3, recover_FN4, 1-ovlp_FN1, 1-ovlp_FN3, 1-ovlp_FN4, sign_cond_num= -0.109978 -0.487918 -0.487247 -0.487522 -1.153737 0.362 0.361 0.362 2.E-01 2.E-01 2.E-01 0.486

p_propos2=
   0.9322   0.0000   0.0000   0.0000   0.0000   0.0000   0.0000   0.0000   0.0000
   0.0000   0.9987   0.0006   0.1907   0.0000   0.0000   0.0000   0.0000   0.0000
   0.0433   0.0012   0.9963   0.0000   0.0028   0.0000   0.0000   0.0021   0.0000
   0.0000   0.0000   0.0000   0.6752   0.0000   0.0000   0.0000   0.0000   0.0000
   0.0170   0.0000   0.0021   0.0846   0.9943   0.0000   0.0018   0.0029   0.0015
   0.0000   0.0000   0.0000   0.0000   0.0000   0.9912   0.0006   0.0000   0.0000
   0.0075   0.0000   0.0000   0.0408   0.0010   0.0088   0.9975   0.0000   0.0000
   0.0000   0.0000   0.0010   0.0000   0.0017   0.0000   0.0000   0.9948   0.0015
   0.0000   0.0000   0.0000   0.0086   0.0001   0.0000   0.0000   0.0002   0.9970

eigenvalues of p_FN1_propos=  0.675221  0.932147  0.990361  0.991886  0.993957  0.996911  0.997969  0.998775  1.000000
psi for p_FN1_propos=   0.0003   0.1480   0.3116   0.0000   0.2372   0.0093   0.1333   0.1430   0.0173
psig**2 * P_L       =   0.0003   0.1480   0.3116   0.0000   0.2372   0.0093   0.1333   0.1430   0.0173
Above 2 lines should be equal since proposal part of p_FN1 has dominant state psig**2 * P_L
The exception to this occurs when there is no sign problem, but some components of psig have the wrong sign, in which case one has 2 decoupled spaces with degenerate dominant eigenvalues

pp_FN1=
   1.9409   0.0000   0.0000   0.0000   0.0000   0.0000   0.0000   0.0000   0.0000
   0.0000   1.9984   0.0006   0.1883   0.0000   0.0000   0.0000   0.0000   0.0000
   0.0437   0.0012   1.9979   0.0000   0.0028   0.0000   0.0000   0.0021   0.0000
   0.0000   0.0000   0.0000   1.6666   0.0000   0.0000   0.0000   0.0000   0.0000
   0.0172   0.0000   0.0021   0.0835   1.9947   0.0000   0.0018   0.0029   0.0014
   0.0000   0.0000   0.0000   0.0000   0.0000   1.9715   0.0006   0.0000   0.0000
   0.0075   0.0000   0.0000   0.0403   0.0010   0.0086   1.9825   0.0000   0.0000
   0.0000   0.0000   0.0010   0.0000   0.0017   0.0000   0.0000   1.9842   0.0015
   0.0000   0.0000   0.0000   0.0085   0.0001   0.0000   0.0000   0.0002   1.9641

pp_FN1=
   2.8261   0.0000   0.0001   0.0000   0.0001   0.0000   0.0001   0.0000   0.0000
   0.0000   2.9953   0.0018   0.5018   0.0000   0.0000   0.0000   0.0000   0.0000
   0.1286   0.0037   2.9937   0.0005   0.0084   0.0000   0.0000   0.0061   0.0000
   0.0000   0.0001   0.0000   2.1110   0.0000   0.0000   0.0000   0.0000   0.0000
   0.0505   0.0000   0.0064   0.2223   2.9840   0.0000   0.0054   0.0085   0.0042
   0.0000   0.0000   0.0000   0.0000   0.0000   2.9152   0.0018   0.0000   0.0000
   0.0220   0.0000   0.0000   0.1069   0.0031   0.0254   2.9478   0.0000   0.0000
   0.0001   0.0000   0.0029   0.0002   0.0052   0.0000   0.0000   2.9530   0.0044
   0.0000   0.0000   0.0000   0.0224   0.0003   0.0000   0.0000   0.0005   2.8936

pp_FN1=
   3.6590   0.0000   0.0003   0.0000   0.0001   0.0000   0.0001   0.0000   0.0000
   0.0001   3.9907   0.0035   0.8985   0.0000   0.0000   0.0000   0.0000   0.0000
   0.2521   0.0075   3.9875   0.0017   0.0169   0.0000   0.0000   0.0122   0.0000
   0.0000   0.0001   0.0000   2.4072   0.0000   0.0000   0.0000   0.0000   0.0000
   0.0991   0.0000   0.0128   0.3977   3.9681   0.0001   0.0108   0.0169   0.0084
   0.0000   0.0000   0.0000   0.0001   0.0000   3.8321   0.0035   0.0000   0.0000
   0.0430   0.0000   0.0000   0.1903   0.0061   0.0501   3.8962   0.0000   0.0000
   0.0003   0.0000   0.0057   0.0006   0.0103   0.0000   0.0000   3.9065   0.0087
   0.0000   0.0000   0.0000   0.0395   0.0006   0.0000   0.0000   0.0011   3.7897

pp_FN1=
   9.7084   0.0000   0.0032   0.0004   0.0017   0.0000   0.0012   0.0000   0.0000
   0.0080  13.8601   0.0532   6.1685   0.0008   0.0000   0.0002   0.0004   0.0002
   3.1628   0.1117  13.8145   0.0806   0.2506   0.0000   0.0020   0.1772   0.0023
   0.0000   0.0007   0.0000   2.9897   0.0002   0.0000   0.0002   0.0000   0.0002
   1.2516   0.0013   0.1910   2.6967  13.5282   0.0050   0.1514   0.2408   0.1121
   0.0012   0.0000   0.0000   0.0037   0.0002  11.6793   0.0456   0.0000   0.0000
   0.5128   0.0001   0.0009   1.2295   0.0864   0.6524  12.5149   0.0010   0.0005
   0.0213   0.0004   0.0823   0.0258   0.1468   0.0000   0.0010  12.6554   0.1115
   0.0005   0.0000   0.0001   0.2349   0.0085   0.0000   0.0001   0.0138  11.1588

pp_FN1=
  17.5029   0.2598   0.6410   0.2540   0.4020   0.0170   0.0578   0.1475   0.0216
 120.5176 559.5786 141.0144 332.2391  63.7399   1.7530   6.2197  27.0790   3.5604
 624.6888 296.2763 710.5380 261.0618 358.9215  10.3934  35.9357 148.3319  19.9033
   0.0137   0.0385   0.0144   3.0242   0.0105   0.0006   0.0019   0.0035   0.0012
 298.6073 102.0708 273.5623 145.0854 332.7459  10.0551  34.0645  91.4966  16.7862
   0.5039   0.1119   0.3158   0.3155   0.4008  35.4250   1.2571   0.1080   0.0201
  24.5202   5.6847  15.6326  15.2945  19.4424  17.9983  59.6870   5.2857   0.9789
  66.7642  26.4295  68.9061  29.6081  55.7662   1.6505   5.6444  81.5275   5.5468
   1.2108   0.4302   1.1445   1.2861   1.2665   0.0381   0.1294   0.6866  27.9284
1st col normalized  0.024770  0.170558  0.884068  0.000019  0.422593  0.000713  0.034701  0.094486  0.001714
2nd col normalized  0.000405  0.871730  0.461549  0.000060  0.159009  0.000174  0.008856  0.041173  0.000670
3rd col normalized  0.000824  0.181358  0.913820  0.000019  0.351827  0.000406  0.020105  0.088620  0.001472
psiFN_psig          0.000475  0.191610  0.498213  0.000017  0.237332  0.000305  0.014470  0.056569  0.001009
W=         0.482077 194.292372 505.187742   0.017348 240.654420   0.309269  14.672975  57.361096   1.022701
W_der=    -0.000374  -0.900974  -0.849317  -0.000089  -0.251613  -0.000042  -0.010243  -0.065091  -0.000549
W_der/W=  -0.000775  -0.004637  -0.001681  -0.005137  -0.001046  -0.000136  -0.000698  -0.001135  -0.000537

gradient_vmc_FD, gradient_vmc=  0.267975  0.267976
E_L_der =         -4.4847   0.7581   0.1543  49.0261  -0.1116  -1.4206  -0.4273  -0.2105  -1.7625
E_L_der_increm =  -4.4847   0.7581   0.1543  49.0261  -0.1116  -1.4206  -0.4273  -0.2105  -1.7625
The above 2 lines should be equal
psiFN1_psig  =   0.0005   0.1916   0.4982   0.0000   0.2373   0.0003   0.0145   0.0566   0.0010
psig_increm**2=                 0.0003    0.1475    0.3099    0.0000    0.2362    0.0094    0.1348    0.1440    0.0178
psig_increm**2 * P_L_increm=    0.0003    0.1475    0.3104    0.0000    0.2363    0.0092    0.1328    0.1424    0.0172
psiFN_psig_increm=              0.0005    0.1916    0.4982    0.0000    0.2373    0.0003    0.0145    0.0566    0.0010
W_prod_increm                   1.4893    1.2941    1.6015    0.9960    1.0009    0.0323    0.1069    0.3914    0.0564
W_prod                          1.4893    1.2941    1.6015    0.9960    1.0009    0.0323    0.1069    0.3914    0.0564
W_prod_increm                  1.489348907   1.294075494   1.601486773   0.996005031   1.000939091   0.032267982   0.106926214   0.391439808   0.056379522
W_prod                         1.489348671   1.294075833   1.601486667   0.996005377   1.000938961   0.032267975   0.106926197   0.391439761   0.056379512
W_prod_der=                     2.3533   -3.3847    1.0537   -3.4610    1.2955    0.0710    0.1755    0.4708    0.1009

E_FN1, E_FN1_increm, gradient_FN1_FD, gradient_FN1= -0.487918 -0.487918  0.179416  0.145083

E_FN1, E_FN1_increm, gradient_FN1_FD, gradient_FN1= -0.487918 -0.487918  0.179416  0.179417

gradient_FN1_FD, gradient_FN1, 1st+2*2nd terms, gradient_FN1_1, gradient_FN1_2, gradient_FN1_3=  0.179416  0.179417  0.319105 -0.029011  0.034370  0.174058
------------------------------------------------------------

Data set    2

h=
  -1.0000   0.2078   0.2465  -0.1774   0.1550   0.0818   0.1172   0.0597   0.0351
   0.2078  -0.7500   0.0317   0.1078  -0.1529   0.2204  -0.0884   0.0460  -0.1722
   0.2465   0.0317  -0.5000  -0.0188   0.1205   0.0786   0.1065   0.0542  -0.2134
  -0.1774   0.1078  -0.0188  -0.2500   0.1196   0.2078   0.0252   0.1955   0.1204
   0.1550  -0.1529   0.1205   0.1196   0.0000  -0.1889   0.1373  -0.1491  -0.1836
   0.0818   0.2204   0.0786   0.2078  -0.1889   0.2500   0.0471   0.2473  -0.0761
   0.1172  -0.0884   0.1065   0.0252   0.1373   0.0471   0.5000  -0.0512   0.1073
   0.0597   0.0460   0.0542   0.1955  -0.1491   0.2473  -0.0512   0.7500  -0.1677
   0.0351  -0.1722  -0.2134   0.1204  -0.1836  -0.0761   0.1073  -0.1677   1.0000

eigenval_p,eigenval_h=  1.000000 -1.275242
psi for p    =   0.8174  -0.4330  -0.2248   0.2275  -0.1681  -0.0167  -0.0476  -0.0495  -0.0940

eigenvalues of p=  0.975280  0.978413  0.981483  0.984826  0.987465  0.990188  0.992720  0.994853  1.000000
eigenvalues of h=  1.196769  0.883489  0.576467  0.242178 -0.021770 -0.294090 -0.547235 -0.760567 -1.275242
tau, tau_max= 0.010000 0.404529
p=
   0.9972  -0.0021  -0.0025   0.0018  -0.0016  -0.0008  -0.0012  -0.0006  -0.0004
  -0.0021   0.9947  -0.0003  -0.0011   0.0015  -0.0022   0.0009  -0.0005   0.0017
  -0.0025  -0.0003   0.9922   0.0002  -0.0012  -0.0008  -0.0011  -0.0005   0.0021
   0.0018  -0.0011   0.0002   0.9897  -0.0012  -0.0021  -0.0003  -0.0020  -0.0012
  -0.0016   0.0015  -0.0012  -0.0012   0.9872   0.0019  -0.0014   0.0015   0.0018
  -0.0008  -0.0022  -0.0008  -0.0021   0.0019   0.9847  -0.0005  -0.0025   0.0008
  -0.0012   0.0009  -0.0011  -0.0003  -0.0014  -0.0005   0.9822   0.0005  -0.0011
  -0.0006  -0.0005  -0.0005  -0.0020   0.0015  -0.0025   0.0005   0.9797   0.0017
  -0.0004   0.0017   0.0021  -0.0012   0.0018   0.0008  -0.0011   0.0017   0.9772

sum_p_eig,sum_abs_p_eig,sign_condition_number=  2.078525  2.085026  0.731788

p after making eigenvec +ve =
   0.9972   0.0021   0.0025   0.0018   0.0016   0.0008   0.0012   0.0006   0.0004
   0.0021   0.9947  -0.0003   0.0011   0.0015  -0.0022   0.0009  -0.0005   0.0017
   0.0025  -0.0003   0.9922  -0.0002  -0.0012  -0.0008  -0.0011  -0.0005   0.0021
   0.0018   0.0011  -0.0002   0.9897   0.0012   0.0021   0.0003   0.0020   0.0012
   0.0016   0.0015  -0.0012   0.0012   0.9872   0.0019  -0.0014   0.0015   0.0018
   0.0008  -0.0022  -0.0008   0.0021   0.0019   0.9847  -0.0005  -0.0025   0.0008
   0.0012   0.0009  -0.0011   0.0003  -0.0014  -0.0005   0.9822   0.0005  -0.0011
   0.0006  -0.0005  -0.0005   0.0020   0.0015  -0.0025   0.0005   0.9797   0.0017
   0.0004   0.0017   0.0021   0.0012   0.0018   0.0008  -0.0011   0.0017   0.9772

1+(E_0*1-H) (i.e. p with tau=1) after making eigenvec +ve =
   0.7248  -0.2078  -0.2465  -0.1774  -0.1550  -0.0818  -0.1172  -0.0597  -0.0351
  -0.2078   0.4748   0.0317  -0.1078  -0.1529   0.2204  -0.0884   0.0460  -0.1722
  -0.2465   0.0317   0.2248   0.0188   0.1205   0.0786   0.1065   0.0542  -0.2134
  -0.1774  -0.1078   0.0188  -0.0252  -0.1196  -0.2078  -0.0252  -0.1955  -0.1204
  -0.1550  -0.1529   0.1205  -0.1196  -0.2752  -0.1889   0.1373  -0.1491  -0.1836
  -0.0818   0.2204   0.0786  -0.2078  -0.1889  -0.5252   0.0471   0.2473  -0.0761
  -0.1172  -0.0884   0.1065  -0.0252   0.1373   0.0471  -0.7752  -0.0512   0.1073
  -0.0597   0.0460   0.0542  -0.1955  -0.1491   0.2473  -0.0512  -1.0252  -0.1677
  -0.0351  -0.1722  -0.2134  -0.1204  -0.1836  -0.0761   0.1073  -0.1677  -1.2752
psi0         =   0.8174   0.4330   0.2248   0.2275   0.1681   0.0167   0.0476   0.0495   0.0940
psig         =   0.7029   0.3273   0.4680   0.2150  -0.1008   0.2654  -0.0464  -0.1715  -0.1464

E_G= -0.859962

h_imp=
  -1.0000  -0.4463  -0.3703  -0.5799   1.0808  -0.2165   1.7756   0.2445   0.1687
  -0.0968  -0.7500   0.0222  -0.1641   0.4965   0.2718   0.6237  -0.0878   0.3849
  -0.1641   0.0453  -0.5000   0.0409  -0.5592   0.1385  -1.0739  -0.1479   0.6822
  -0.0543  -0.0708   0.0086  -0.2500   0.2550  -0.1683   0.1168   0.2451   0.1768
   0.0222   0.0471  -0.0260   0.0561   0.0000   0.0718   0.2983  -0.0877  -0.1265
  -0.0309   0.1787   0.0446  -0.2565   0.4973   0.2500  -0.2692  -0.3826   0.1380
   0.0077   0.0125  -0.0106   0.0054   0.0632  -0.0082   0.5000  -0.0139   0.0340
   0.0146  -0.0241  -0.0199   0.1560  -0.2538  -0.1598  -0.1892   0.7500  -0.1965
   0.0073   0.0770   0.0667   0.0820  -0.2666   0.0420   0.3383  -0.1431   1.0000

p_imp=
   0.9972   0.0045   0.0037   0.0058  -0.0108   0.0022  -0.0178  -0.0024  -0.0017
   0.0010   0.9947  -0.0002   0.0016  -0.0050  -0.0027  -0.0062   0.0009  -0.0038
   0.0016  -0.0005   0.9922  -0.0004   0.0056  -0.0014   0.0107   0.0015  -0.0068
   0.0005   0.0007  -0.0001   0.9897  -0.0026   0.0017  -0.0012  -0.0025  -0.0018
  -0.0002  -0.0005   0.0003  -0.0006   0.9872  -0.0007  -0.0030   0.0009   0.0013
   0.0003  -0.0018  -0.0004   0.0026  -0.0050   0.9847   0.0027   0.0038  -0.0014
  -0.0001  -0.0001   0.0001  -0.0001  -0.0006   0.0001   0.9822   0.0001  -0.0003
  -0.0001   0.0002   0.0002  -0.0016   0.0025   0.0016   0.0019   0.9797   0.0020
  -0.0001  -0.0008  -0.0007  -0.0008   0.0027  -0.0004  -0.0034   0.0014   0.9772
tau_av_expon_proj    = 2.513481 1.108768 1.758163 0.745761 0.287983 0.928445 0.213446 0.739364 0.524196
tau_av_expon_proj_new= 3.633167 1.903884 1.289920 0.975379 0.784165 0.655634 0.563303 0.493768 0.439514
factor=                1.360952 1.518357 0.695585 1.265433 1.882785 0.659612 1.860941 0.608115 0.824753
factor2=                 1.4455   1.7171   0.7337   1.3079   2.7230   0.7062   2.6391   0.6678   0.8385

eigenvalues of p_imp=  0.975280  0.978413  0.981483  0.984826  0.987465  0.990188  0.992720  0.994853  1.000000
eigenvalues of h_imp=  1.196769  0.883489  0.576467  0.242178 -0.021770 -0.294090 -0.547235 -0.760567 -1.275242

eigenval_p,eigenval_h=  1.000000 -1.275242
psi0_psig    =   0.6271   0.1547   0.1148   0.0534  -0.0185   0.0048  -0.0024  -0.0093  -0.0150

imp-sampled: sum_p_eig,sum_abs_p_eig,sign_condition_number=  1.000000  1.001620  0.850546

p_FN1=
   0.9967   0.0045   0.0037   0.0058   0.0000   0.0022   0.0000   0.0000   0.0000
   0.0010   0.9911   0.0000   0.0016   0.0000   0.0000   0.0000   0.0009   0.0000
   0.0016   0.0000   0.9908   0.0000   0.0056   0.0000   0.0107   0.0015   0.0000
   0.0005   0.0007   0.0000   0.9863   0.0000   0.0017   0.0000   0.0000   0.0000
   0.0000   0.0000   0.0003   0.0000   0.9633   0.0000   0.0000   0.0009   0.0013
   0.0003   0.0000   0.0000   0.0026   0.0000   0.9795   0.0027   0.0038   0.0000
   0.0000   0.0000   0.0001   0.0000   0.0000   0.0001   0.9507   0.0001   0.0000
   0.0000   0.0002   0.0002   0.0000   0.0025   0.0016   0.0019   0.9749   0.0020
   0.0000   0.0000   0.0000   0.0000   0.0027   0.0000   0.0000   0.0014   0.9614

eigenvalues of p_FN1=  0.950675  0.960242  0.963966  0.974094  0.980069  0.986468  0.989599  0.991177  0.998549
eigenvalues of h_FN1=  3.657219  2.700580  2.328201  1.315313  0.717855  0.077981 -0.235158 -0.392986 -1.130098

eigenval_p,eigenval_h=  0.998549 -1.130098
psiFN1_psig =    0.6905   0.0992   0.1488   0.0388   0.0012   0.0172   0.0004   0.0036   0.0002

rms fluctuation of E_L   0.30878

E_0, E_G, E_FN1, E_G-E_0, E_FN1-E_0, rms fluctuation of E_L  -1.27524  -0.85996  -1.13010   0.41528   0.14514   0.30878
E_L     =  -1.2942  -0.9306  -0.7846  -0.9102   1.3133   0.2212   2.1204   0.3766   2.2617
p_L     =   1.0016   0.9980   0.9965   0.9978   0.9756   0.9865   0.9675   0.9849   0.9661
p_abs_L =   1.0007   1.0002   0.9965   0.9998   0.9980   0.9903   0.9976   0.9884   0.9805

p_propos2=
   0.9965   0.0045   0.0037   0.0058   0.0000   0.0022   0.0000   0.0000   0.0000
   0.0010   0.9946   0.0000   0.0016   0.0000   0.0000   0.0000   0.0009   0.0000
   0.0016   0.0000   0.9957   0.0000   0.0056   0.0000   0.0108   0.0015   0.0000
   0.0005   0.0007   0.0000   0.9900   0.0000   0.0017   0.0000   0.0000   0.0000
   0.0000   0.0000   0.0003   0.0000   0.9892   0.0000   0.0000   0.0009   0.0013
   0.0003   0.0000   0.0000   0.0026   0.0000   0.9944   0.0027   0.0039   0.0000
   0.0000   0.0000   0.0001   0.0000   0.0000   0.0001   0.9846   0.0001   0.0000
   0.0000   0.0002   0.0002   0.0000   0.0025   0.0016   0.0019   0.9913   0.0020
   0.0000   0.0000   0.0000   0.0000   0.0027   0.0000   0.0000   0.0014   0.9967
psig**2=         0.4941   0.1071   0.2190   0.0462   0.0102   0.0704   0.0022   0.0294   0.0214
psig**2 * P_L=   0.4949   0.1069   0.2182   0.0461   0.0099   0.0695   0.0021   0.0290   0.0207
psiFN_psig=      0.6905   0.0992   0.1488   0.0388   0.0012   0.0172   0.0004   0.0036   0.0002
W_prod=          1.3938   0.9238   0.6778   0.8377   0.1172   0.2435   0.1707   0.1218   0.0104

p_markov=
   0.9965   0.0045   0.0037   0.0058   0.0000   0.0022   0.0000   0.0000   0.0000
   0.0010   0.9946   0.0000   0.0016   0.0000   0.0000   0.0000   0.0009   0.0000
   0.0016   0.0000   0.9957   0.0000   0.0056   0.0000   0.0108   0.0015   0.0000
   0.0005   0.0007   0.0000   0.9900   0.0000   0.0017   0.0000   0.0000   0.0000
   0.0000   0.0000   0.0003   0.0000   0.9892   0.0000   0.0000   0.0009   0.0013
   0.0003   0.0000   0.0000   0.0026   0.0000   0.9945   0.0027   0.0039   0.0000
   0.0000   0.0000   0.0001   0.0000   0.0000   0.0001   0.9846   0.0001   0.0000
   0.0000   0.0002   0.0002   0.0000   0.0025   0.0016   0.0019   0.9913   0.0020
   0.0000   0.0000   0.0000   0.0000   0.0027   0.0000   0.0000   0.0014   0.9967

eigenvalues of p_markov=  0.984481  0.987869  0.988790  0.990165  0.992861  0.995191  0.995969  0.997872  1.000000
eigenvalues of h_markov=  0.276613 -0.062144 -0.154195 -0.291750 -0.561313 -0.794358 -0.872134 -1.062420 -1.275242

eigenval_p,eigenval_h=  1.000000 -1.130098
psi for p_mar=   0.4941   0.1071   0.2190   0.0462   0.0102   0.0704   0.0022   0.0294   0.0214
psig**2      =   0.4941   0.1071   0.2190   0.0462   0.0102   0.0704   0.0022   0.0294   0.0214
Above 2 lines should be equal since Markov matrix has dominant state psig**2
The exception to this occurs when there is no sign problem, but some components of psig have the wrong sign, in which case one has 2 decoupled spaces with degenerate dominant eigenvalues

p_FN3=
   0.9982   0.0045   0.0037   0.0058   0.0000   0.0021   0.0000   0.0000   0.0000
   0.0010   0.9926   0.0000   0.0016   0.0000   0.0000   0.0000   0.0009   0.0000
   0.0016   0.0000   0.9923   0.0000   0.0055   0.0000   0.0104   0.0015   0.0000
   0.0005   0.0007   0.0000   0.9878   0.0000   0.0017   0.0000   0.0000   0.0000
   0.0000   0.0000   0.0003   0.0000   0.9650   0.0000   0.0000   0.0009   0.0012
   0.0003   0.0000   0.0000   0.0026   0.0000   0.9810   0.0026   0.0038   0.0000
   0.0000   0.0000   0.0001   0.0000   0.0000   0.0001   0.9526   0.0001   0.0000
   0.0000   0.0002   0.0002   0.0000   0.0025   0.0016   0.0018   0.9764   0.0019
   0.0000   0.0000   0.0000   0.0000   0.0026   0.0000   0.0000   0.0014   0.9629

eigenvalues of p_FN3=  0.952590  0.961859  0.965591  0.975614  0.981577  0.987940  0.991065  0.992643  0.999996
eigenvalues of h_FN3=  3.465773  2.538811  2.165642  1.163399  0.567051 -0.069214 -0.381726 -0.539500 -1.274831

eigenval_p,eigenval_h=  0.999996 -1.129687
psiFN3_psig  =   0.6898   0.0994   0.1492   0.0389   0.0012   0.0173   0.0004   0.0036   0.0002

p_FN4=
   0.9982   0.0045   0.0037   0.0058   0.0000   0.0022   0.0000   0.0000   0.0000
   0.0010   0.9926   0.0000   0.0016   0.0000   0.0000   0.0000   0.0009   0.0000
   0.0016   0.0000   0.9923   0.0000   0.0055   0.0000   0.0104   0.0015   0.0000
   0.0005   0.0007   0.0000   0.9878   0.0000   0.0017   0.0000   0.0000   0.0000
   0.0000   0.0000   0.0003   0.0000   0.9650   0.0000   0.0000   0.0009   0.0012
   0.0003   0.0000   0.0000   0.0026   0.0000   0.9810   0.0026   0.0038   0.0000
   0.0000   0.0000   0.0001   0.0000   0.0000   0.0001   0.9526   0.0001   0.0000
   0.0000   0.0002   0.0002   0.0000   0.0025   0.0016   0.0018   0.9763   0.0019
   0.0000   0.0000   0.0000   0.0000   0.0026   0.0000   0.0000   0.0014   0.9629

eigenvalues of p_FN4=  0.952590  0.961817  0.965591  0.975576  0.981538  0.987935  0.991053  0.992635  0.999998
eigenvalues of h_FN4=  3.465793  2.543060  2.165684  1.167109  0.570931 -0.068777 -0.380524 -0.538785 -1.275043

eigenval_p,eigenval_h=  0.999998 -1.129898
psiFN4_psig  =   0.6901   0.0994   0.1489   0.0389   0.0012   0.0172   0.0004   0.0036   0.0002

E_G, E_FN1, E_FN3, E_FN4, E_0, recover_FN1, recover_FN3, recover_FN4, 1-ovlp_FN1, 1-ovlp_FN3, 1-ovlp_FN4, sign_cond_num= -0.859962 -1.130098 -1.129687 -1.129898 -1.275242 0.650 0.650 0.650 7.E-03 7.E-03 7.E-03 0.851

p_propos2=
   0.9965   0.0045   0.0037   0.0058   0.0000   0.0022   0.0000   0.0000   0.0000
   0.0010   0.9946   0.0000   0.0016   0.0000   0.0000   0.0000   0.0009   0.0000
   0.0016   0.0000   0.9957   0.0000   0.0057   0.0000   0.0111   0.0015   0.0000
   0.0005   0.0007   0.0000   0.9900   0.0000   0.0017   0.0000   0.0000   0.0000
   0.0000   0.0000   0.0003   0.0000   0.9889   0.0000   0.0000   0.0009   0.0013
   0.0003   0.0000   0.0000   0.0026   0.0000   0.9944   0.0028   0.0039   0.0000
   0.0000   0.0000   0.0001   0.0000   0.0000   0.0001   0.9842   0.0001   0.0000
   0.0000   0.0002   0.0002   0.0000   0.0026   0.0016   0.0020   0.9912   0.0020
   0.0000   0.0000   0.0000   0.0000   0.0027   0.0000   0.0000   0.0015   0.9967

eigenvalues of p_FN1_propos=  0.984006  0.987677  0.988676  0.990092  0.992839  0.995154  0.995934  0.997822  1.000000
psi for p_FN1_propos=   0.4962   0.1072   0.2188   0.0462   0.0099   0.0697   0.0021   0.0291   0.0208
psig**2 * P_L       =   0.4962   0.1072   0.2188   0.0462   0.0099   0.0697   0.0021   0.0291   0.0208
Above 2 lines should be equal since proposal part of p_FN1 has dominant state psig**2 * P_L
The exception to this occurs when there is no sign problem, but some components of psig have the wrong sign, in which case one has 2 decoupled spaces with degenerate dominant eigenvalues

pp_FN1=
   1.9982   0.0045   0.0037   0.0058   0.0000   0.0022   0.0000   0.0000   0.0000
   0.0010   1.9926   0.0000   0.0016   0.0000   0.0000   0.0000   0.0009   0.0000
   0.0016   0.0000   1.9923   0.0000   0.0056   0.0000   0.0107   0.0015   0.0000
   0.0005   0.0007   0.0000   1.9878   0.0000   0.0017   0.0000   0.0000   0.0000
   0.0000   0.0000   0.0003   0.0000   1.9648   0.0000   0.0000   0.0009   0.0013
   0.0003   0.0000   0.0000   0.0026   0.0000   1.9810   0.0027   0.0038   0.0000
   0.0000   0.0000   0.0001   0.0000   0.0000   0.0001   1.9522   0.0001   0.0000
   0.0000   0.0002   0.0002   0.0000   0.0025   0.0016   0.0019   1.9763   0.0020
   0.0000   0.0000   0.0000   0.0000   0.0027   0.0000   0.0000   0.0014   1.9629

pp_FN1=
   2.9946   0.0134   0.0111   0.0173   0.0000   0.0065   0.0000   0.0000   0.0000
   0.0029   2.9778   0.0000   0.0049   0.0000   0.0000   0.0000   0.0026   0.0000
   0.0049   0.0000   2.9769   0.0000   0.0165   0.0000   0.0316   0.0044   0.0000
   0.0016   0.0021   0.0000   2.9635   0.0000   0.0050   0.0000   0.0000   0.0000
   0.0000   0.0000   0.0008   0.0000   2.8956   0.0000   0.0000   0.0026   0.0037
   0.0009   0.0000   0.0000   0.0076   0.0000   2.9432   0.0079   0.0113   0.0000
   0.0000   0.0000   0.0003   0.0000   0.0000   0.0002   2.8588   0.0004   0.0000
   0.0000   0.0007   0.0006   0.0000   0.0075   0.0047   0.0055   2.9295   0.0058
   0.0000   0.0000   0.0000   0.0000   0.0078   0.0000   0.0000   0.0042   2.8899

pp_FN1=
   3.9892   0.0266   0.0221   0.0345   0.0001   0.0129   0.0002   0.0001   0.0000
   0.0058   3.9558   0.0000   0.0097   0.0000   0.0000   0.0000   0.0052   0.0000
   0.0098   0.0000   3.9539   0.0000   0.0326   0.0000   0.0621   0.0087   0.0000
   0.0032   0.0042   0.0000   3.9274   0.0000   0.0099   0.0000   0.0000   0.0000
   0.0000   0.0000   0.0015   0.0000   3.7936   0.0000   0.0000   0.0051   0.0072
   0.0018   0.0000   0.0000   0.0151   0.0000   3.8872   0.0155   0.0223   0.0000
   0.0000   0.0000   0.0006   0.0000   0.0000   0.0005   3.7221   0.0008   0.0000
   0.0000   0.0014   0.0012   0.0000   0.0147   0.0093   0.0108   3.8601   0.0113
   0.0000   0.0000   0.0000   0.0000   0.0152   0.0000   0.0000   0.0082   3.7826

pp_FN1=
  13.8406   0.3929   0.3245   0.5036   0.0067   0.1848   0.0142   0.0059   0.0001
   0.0852  13.3474   0.0013   0.1401   0.0007   0.0021   0.0005   0.0707   0.0005
   0.1438   0.0027  13.3216   0.0033   0.4309   0.0022   0.7876   0.1208   0.0030
   0.0471   0.0604   0.0007  12.9447   0.0000   0.1357   0.0014   0.0022   0.0000
   0.0001   0.0001   0.0200   0.0000  11.2070   0.0004   0.0012   0.0637   0.0868
   0.0263   0.0014   0.0007   0.2067   0.0029  12.3960   0.1903   0.2938   0.0022
   0.0001   0.0000   0.0077   0.0001   0.0003   0.0058  10.3810   0.0096   0.0001
   0.0003   0.0194   0.0162   0.0014   0.1845   0.1227   0.1316  12.0389   0.1413
   0.0000   0.0001   0.0003   0.0000   0.1830   0.0007   0.0007   0.1029  11.0758

pp_FN1=
 839.2305 478.5640 356.4128 451.4471  59.4699 133.4905  87.9097  61.5876   5.1198
 103.7529 194.5313  43.2057  73.6042   7.5763  18.3664  10.9468  12.8439   0.9140
 157.9756  88.3319 196.5198  83.7904  32.4272  25.7089  45.9422  20.6506   2.1612
  42.2337  31.7611  17.6852 107.0365   3.0541  14.2538   4.8382   4.5769   0.3369
   1.2233   0.7188   1.5049   0.6715  28.7932   0.2960   0.4022   1.2939   1.0484
  19.0287  12.0760   8.2681  21.7189   2.0515  57.3016   5.4373  10.2860   0.6099
   0.3832   0.2201   0.4518   0.2254   0.0852   0.1663  21.0254   0.1884   0.0128
   3.6676   3.5280   2.7745   2.9134   3.7460   4.2971   2.5744  43.4827   2.4267
   0.2220   0.1828   0.2114   0.1562   2.2102   0.1855   0.1272   1.7670  27.0879
1st col normalized  0.974145  0.120432  0.183372  0.049023  0.001420  0.022088  0.000445  0.004257  0.000258
2nd col normalized  0.911202  0.370394  0.168187  0.060474  0.001369  0.022993  0.000419  0.006717  0.000348
3rd col normalized  0.869796  0.105440  0.479590  0.043159  0.003673  0.020178  0.001103  0.006771  0.000516
psiFN_psig          0.690529  0.099221  0.148844  0.038827  0.001194  0.017198  0.000369  0.003595  0.000224
W=       700.196352 100.610025 150.927710  39.370298   1.210602  17.439037   0.373826   3.644880   0.227271
W_der=     1.479464   0.111992   0.265527   0.085641   0.001507   0.027284   0.000482   0.005536   0.000236
W_der/W=   0.002113   0.001113   0.001759   0.002175   0.001245   0.001565   0.001289   0.001519   0.001038

gradient_vmc_FD, gradient_vmc= -0.046211 -0.046211
E_L_der =         -0.2956   0.5517   0.0677  -0.5015   1.5171   0.8306   1.9055  -0.2683   1.1762
E_L_der_increm =  -0.2956   0.5517   0.0677  -0.5015   1.5171   0.8306   1.9055  -0.2683   1.1762
The above 2 lines should be equal
psiFN1_psig  =   0.6905   0.0992   0.1488   0.0388   0.0012   0.0172   0.0004   0.0036   0.0002
psig_increm**2=                 0.4941    0.1071    0.2190    0.0462    0.0102    0.0704    0.0022    0.0294    0.0214
psig_increm**2 * P_L_increm=    0.4949    0.1069    0.2182    0.0461    0.0099    0.0695    0.0021    0.0290    0.0207
