Input hamiltonian
hamiltonian=random                                                                          
Input ndim, E_T, tau
ndim, E_T, tau=    9-20.000000 0.010000
Input fraction_positive, off_diag_mag, psig_noise
fraction_positive, off_diag_mag,psig_noise= 0.500000 0.500000 0.200000
psig_correct_sign
psig_correct_sign= F
Input irand_seed
irand_seed=1425565376542456

Data set    1

h=
  -1.0000   0.0800   0.1401  -0.1696   0.0630   0.1789  -0.0366  -0.0928  -0.2290
   0.0800  -0.7500   0.0859   0.2028  -0.0542   0.1379   0.1569  -0.0799  -0.2353
   0.1401   0.0859  -0.5000   0.1165  -0.2461  -0.0961  -0.2234  -0.1402   0.2370
  -0.1696   0.2028   0.1165  -0.2500  -0.0711  -0.2226   0.0454   0.1250  -0.0263
   0.0630  -0.0542  -0.2461  -0.0711   0.0000  -0.0210   0.1375  -0.2232  -0.0393
   0.1789   0.1379  -0.0961  -0.2226  -0.0210   0.2500  -0.2276  -0.1955  -0.0772
  -0.0366   0.1569  -0.2234   0.0454   0.1375  -0.2276   0.5000  -0.2075  -0.1275
  -0.0928  -0.0799  -0.1402   0.1250  -0.2232  -0.1955  -0.2075   0.7500  -0.0525
  -0.2290  -0.2353   0.2370  -0.0263  -0.0393  -0.0772  -0.1275  -0.0525   1.0000

eigenval_p,eigenval_h=  1.000000 -1.153737
psi for p    =   0.8957  -0.1375  -0.3155   0.2159  -0.1095  -0.0884  -0.0127  -0.0197   0.1112

eigenvalues of p=  0.976918  0.978882  0.981586  0.986967  0.988261  0.991220  0.994558  0.997772  1.000000
eigenvalues of h=  1.154489  0.958038  0.687698  0.149593  0.020158 -0.275736 -0.609584 -0.930919 -1.153737
tau, tau_max= 0.010000 0.433233
p=
   0.9985  -0.0008  -0.0014   0.0017  -0.0006  -0.0018   0.0004   0.0009   0.0023
  -0.0008   0.9960  -0.0009  -0.0020   0.0005  -0.0014  -0.0016   0.0008   0.0024
  -0.0014  -0.0009   0.9935  -0.0012   0.0025   0.0010   0.0022   0.0014  -0.0024
   0.0017  -0.0020  -0.0012   0.9910   0.0007   0.0022  -0.0005  -0.0012   0.0003
  -0.0006   0.0005   0.0025   0.0007   0.9885   0.0002  -0.0014   0.0022   0.0004
  -0.0018  -0.0014   0.0010   0.0022   0.0002   0.9860   0.0023   0.0020   0.0008
   0.0004  -0.0016   0.0022  -0.0005  -0.0014   0.0023   0.9835   0.0021   0.0013
   0.0009   0.0008   0.0014  -0.0012   0.0022   0.0020   0.0021   0.9810   0.0005
   0.0023   0.0024  -0.0024   0.0003   0.0004   0.0008   0.0013   0.0005   0.9785

sum_p_eig,sum_abs_p_eig,sign_condition_number=  1.905979  1.914473  0.641049

p after making eigenvec +ve =
   0.9985   0.0008   0.0014   0.0017   0.0006   0.0018  -0.0004  -0.0009   0.0023
   0.0008   0.9960  -0.0009   0.0020   0.0005  -0.0014  -0.0016   0.0008  -0.0024
   0.0014  -0.0009   0.9935   0.0012   0.0025   0.0010   0.0022   0.0014   0.0024
   0.0017   0.0020   0.0012   0.9910  -0.0007  -0.0022   0.0005   0.0012   0.0003
   0.0006   0.0005   0.0025  -0.0007   0.9885   0.0002  -0.0014   0.0022  -0.0004
   0.0018  -0.0014   0.0010  -0.0022   0.0002   0.9860   0.0023   0.0020  -0.0008
  -0.0004  -0.0016   0.0022   0.0005  -0.0014   0.0023   0.9835   0.0021  -0.0013
  -0.0009   0.0008   0.0014   0.0012   0.0022   0.0020   0.0021   0.9810  -0.0005
   0.0023  -0.0024   0.0024   0.0003  -0.0004  -0.0008  -0.0013  -0.0005   0.9785

1+(E_0*1-H) (i.e. p with tau=1) after making eigenvec +ve =
   0.8463  -0.0800  -0.1401  -0.1696  -0.0630  -0.1789   0.0366   0.0928  -0.2290
  -0.0800   0.5963   0.0859  -0.2028  -0.0542   0.1379   0.1569  -0.0799   0.2353
  -0.1401   0.0859   0.3463  -0.1165  -0.2461  -0.0961  -0.2234  -0.1402  -0.2370
  -0.1696  -0.2028  -0.1165   0.0963   0.0711   0.2226  -0.0454  -0.1250  -0.0263
  -0.0630  -0.0542  -0.2461   0.0711  -0.1537  -0.0210   0.1375  -0.2232   0.0393
  -0.1789   0.1379  -0.0961   0.2226  -0.0210  -0.4037  -0.2276  -0.1955   0.0772
   0.0366   0.1569  -0.2234  -0.0454   0.1375  -0.2276  -0.6537  -0.2075   0.1275
   0.0928  -0.0799  -0.1402  -0.1250  -0.2232  -0.1955  -0.2075  -0.9037   0.0525
  -0.2290   0.2353  -0.2370  -0.0263   0.0393   0.0772   0.1275   0.0525  -1.1537
psi0         =   0.8957   0.1375   0.3155   0.2159   0.1095   0.0884   0.0127   0.0197   0.1112
psig         =   0.8434   0.0429   0.4203   0.2014   0.2114   0.0611  -0.0703   0.1034   0.0743

E_G= -1.101429

h_imp=
  -1.0000  -1.5737  -0.2812  -0.7104  -0.2514  -2.4705  -0.4384   0.7568  -2.5993
  -0.0041  -0.7500   0.0088  -0.0432  -0.0110   0.0967  -0.0956  -0.0331   0.1357
  -0.0698   0.8423  -0.5000  -0.2432  -0.4893  -0.6612   1.3351  -0.5697  -1.3407
  -0.0405  -0.9529  -0.0558  -0.2500   0.0677   0.7340   0.1300  -0.2434  -0.0714
  -0.0158  -0.2675  -0.1238   0.0746   0.0000  -0.0728  -0.4134  -0.4562   0.1118
  -0.0130   0.1965  -0.0140   0.0675  -0.0061   0.2500   0.1977  -0.1155   0.0635
  -0.0030  -0.2574   0.0374   0.0159  -0.0457   0.2620   0.5000   0.1411  -0.1207
   0.0114  -0.1928  -0.0345  -0.0642  -0.1092  -0.3311   0.3051   0.7500   0.0732
  -0.0202   0.4078  -0.0419  -0.0097   0.0138   0.0939  -0.1347   0.0377   1.0000

p_imp=
   0.9985   0.0157   0.0028   0.0071   0.0025   0.0247   0.0044  -0.0076   0.0260
   0.0000   0.9960  -0.0001   0.0004   0.0001  -0.0010   0.0010   0.0003  -0.0014
   0.0007  -0.0084   0.9935   0.0024   0.0049   0.0066  -0.0134   0.0057   0.0134
   0.0004   0.0095   0.0006   0.9910  -0.0007  -0.0073  -0.0013   0.0024   0.0007
   0.0002   0.0027   0.0012  -0.0007   0.9885   0.0007   0.0041   0.0046  -0.0011
   0.0001  -0.0020   0.0001  -0.0007   0.0001   0.9860  -0.0020   0.0012  -0.0006
   0.0000   0.0026  -0.0004  -0.0002   0.0005  -0.0026   0.9835  -0.0014   0.0012
  -0.0001   0.0019   0.0003   0.0006   0.0011   0.0033  -0.0031   0.9810  -0.0007
   0.0002  -0.0041   0.0004   0.0001  -0.0001  -0.0009   0.0013  -0.0004   0.9785
tau_av_expon_proj    = 5.625419 0.213180 1.674004 0.813869 1.005927 0.211766 0.327860 0.424917 0.221416
tau_av_expon_proj_new= 6.504622 2.476861 1.529668 1.106517 0.866749 0.712384 0.604691 0.525283 0.464309
factor=                1.144727 2.494108 0.909957 1.302749 0.851653 2.019271 1.580601 1.210545 1.687299
factor2=                 1.1563  11.6186   0.9138   1.3596   0.8616   3.3640   1.8444   1.2362   2.0970

eigenvalues of p_imp=  0.976918  0.978882  0.981586  0.986967  0.988261  0.991220  0.994558  0.997772  1.000000
eigenvalues of h_imp=  1.154489  0.958038  0.687698  0.149593  0.020158 -0.275736 -0.609584 -0.930919 -1.153737

eigenval_p,eigenval_h=  1.000000 -1.153737
psi0_psig    =   0.7731   0.0060   0.1357   0.0445   0.0237   0.0055  -0.0009   0.0021   0.0085

imp-sampled: sum_p_eig,sum_abs_p_eig,sign_condition_number=  1.000000  1.000880  0.915824

p_FN1=
   0.9983   0.0157   0.0028   0.0071   0.0025   0.0247   0.0044   0.0000   0.0260
   0.0000   0.9815   0.0000   0.0004   0.0001   0.0000   0.0010   0.0003   0.0000
   0.0007   0.0000   0.9930   0.0024   0.0049   0.0066   0.0000   0.0057   0.0134
   0.0004   0.0095   0.0006   0.9894   0.0000   0.0000   0.0000   0.0024   0.0007
   0.0002   0.0027   0.0012   0.0000   0.9876   0.0007   0.0041   0.0046   0.0000
   0.0001   0.0000   0.0001   0.0000   0.0001   0.9741   0.0000   0.0012   0.0000
   0.0000   0.0026   0.0000   0.0000   0.0005   0.0000   0.9638   0.0000   0.0012
   0.0000   0.0019   0.0003   0.0006   0.0011   0.0033   0.0000   0.9716   0.0000
   0.0002   0.0000   0.0004   0.0001   0.0000   0.0000   0.0013   0.0000   0.9746

eigenvalues of p_FN1=  0.963419  0.970200  0.974148  0.974994  0.981054  0.987046  0.989449  0.993829  0.999846
eigenvalues of h_FN1=  2.504396  1.826302  1.431461  1.346910  0.740857  0.141669 -0.098634 -0.536675 -1.138293

eigenval_p,eigenval_h=  0.999846 -1.138293
psiFN1_psig =    0.7705   0.0030   0.1383   0.0416   0.0271   0.0049   0.0015   0.0045   0.0087

E_0, E_G, E_FN1, E_G-E_0, E_FN1-E_0, rms fluctuation of E_L  -1.15374  -1.10143  -1.13829   0.05231   0.01544   0.23804
E_L     =  -1.1550  -2.5476  -1.0051  -1.1627  -0.8311  -2.0990   1.3857   0.2677  -2.7479
p_L     =   1.0002   1.0141   0.9987   1.0002   0.9969   1.0096   0.9748   0.9859   1.0161
p_abs_L =   1.0001   1.0284   0.9990   1.0017   0.9976   1.0213   0.9943   0.9951   1.0198

p_propos=
   0.9983   0.0153   0.0028   0.0071   0.0025   0.0242   0.0044   0.0000   0.0255
   0.0000   0.9685   0.0000   0.0004   0.0001   0.0000   0.0010   0.0003   0.0000
   0.0007   0.0000   0.9945   0.0024   0.0049   0.0065   0.0000   0.0057   0.0131
   0.0004   0.0093   0.0006   0.9893   0.0000   0.0000   0.0000   0.0024   0.0007
   0.0002   0.0026   0.0012   0.0000   0.9909   0.0007   0.0042   0.0046   0.0000
   0.0001   0.0000   0.0001   0.0000   0.0001   0.9654   0.0000   0.0012   0.0000
   0.0000   0.0025   0.0000   0.0000   0.0005   0.0000   0.9891   0.0000   0.0012
   0.0000   0.0019   0.0003   0.0006   0.0011   0.0032   0.0000   0.9858   0.0000
   0.0002   0.0000   0.0004   0.0001   0.0000   0.0000   0.0014   0.0000   0.9595
psig**2=         0.7113   0.0018   0.1767   0.0406   0.0447   0.0037   0.0049   0.0107   0.0055
psig**2 * P_L=   0.7115   0.0019   0.1764   0.0406   0.0446   0.0038   0.0048   0.0105   0.0056
psiFN_psig=      0.7705   0.0030   0.1383   0.0416   0.0271   0.0049   0.0015   0.0045   0.0087
p_L=             1.0002   1.0141   0.9987   1.0002   0.9969   1.0096   0.9748   0.9859   1.0161
W_prod=          1.0827   1.6355   0.7824   1.0247   0.6069   1.3105   0.3034   0.4169   1.5750
   1.0002   1.0827
   1.0141   1.6355
   0.9987   0.7824
   1.0002   1.0247
   0.9969   0.6069
   1.0096   1.3105
   0.9748   0.3034
   0.9859   0.4169
   1.0161   1.5750

p_markov=
   0.9983   0.0153   0.0028   0.0071   0.0025   0.0242   0.0044   0.0000   0.0255
   0.0000   0.9685   0.0000   0.0004   0.0001   0.0000   0.0009   0.0003   0.0000
   0.0007   0.0000   0.9945   0.0024   0.0049   0.0065   0.0000   0.0057   0.0131
   0.0004   0.0093   0.0006   0.9893   0.0000   0.0000   0.0000   0.0024   0.0007
   0.0002   0.0026   0.0012   0.0000   0.9909   0.0007   0.0041   0.0046   0.0000
   0.0001   0.0000   0.0001   0.0000   0.0001   0.9654   0.0000   0.0011   0.0000
   0.0000   0.0025   0.0000   0.0000   0.0005   0.0000   0.9892   0.0000   0.0012
   0.0000   0.0019   0.0003   0.0006   0.0011   0.0032   0.0000   0.9858   0.0000
   0.0002   0.0000   0.0004   0.0001   0.0000   0.0000   0.0013   0.0000   0.9595

eigenvalues of p_markov=  0.959151  0.965095  0.968122  0.984769  0.988528  0.989322  0.990894  0.995537  1.000000
eigenvalues of h_markov=  2.931163  2.336794  2.034098  0.369356 -0.006490 -0.085901 -0.243141 -0.707401 -1.153737

eigenval_p,eigenval_h=  1.000000 -1.138293
psi for p_mar=   0.7113   0.0018   0.1767   0.0406   0.0447   0.0037   0.0049   0.0107   0.0055
psig**2      =   0.7113   0.0018   0.1767   0.0406   0.0447   0.0037   0.0049   0.0107   0.0055
Above 2 lines should be equal since Markov matrix has dominant state psig**2
The exception to this occurs when there is no sign problem, but some components of psig have the wrong sign, in which case one has 2 decoupled spaces with degenerate dominant eigenvalues

p_FN3=
   0.9985   0.0155   0.0028   0.0071   0.0025   0.0244   0.0043   0.0000   0.0259
   0.0000   0.9821   0.0000   0.0004   0.0001   0.0000   0.0009   0.0003   0.0000
   0.0007   0.0000   0.9932   0.0024   0.0049   0.0065   0.0000   0.0056   0.0134
   0.0004   0.0094   0.0006   0.9896   0.0000   0.0000   0.0000   0.0024   0.0007
   0.0002   0.0026   0.0012   0.0000   0.9878   0.0007   0.0040   0.0045   0.0000
   0.0001   0.0000   0.0001   0.0000   0.0001   0.9747   0.0000   0.0011   0.0000
   0.0000   0.0025   0.0000   0.0000   0.0005   0.0000   0.9643   0.0000   0.0012
   0.0000   0.0019   0.0003   0.0006   0.0011   0.0033   0.0000   0.9720   0.0000
   0.0002   0.0000   0.0004   0.0001   0.0000   0.0000   0.0013   0.0000   0.9749

eigenvalues of p_FN3=  0.963904  0.970648  0.974483  0.975458  0.981641  0.987227  0.989636  0.993998  0.999997
eigenvalues of h_FN3=  2.455906  1.781500  1.397919  1.300447  0.682126  0.123533 -0.117386 -0.553518 -1.153464

eigenval_p,eigenval_h=  0.999997 -1.138020
psiFN3_psig  =   0.7706   0.0030   0.1382   0.0416   0.0272   0.0049   0.0015   0.0045   0.0086

p_FN4=
   0.9985   0.0155   0.0028   0.0071   0.0025   0.0244   0.0043   0.0000   0.0259
   0.0000   0.9821   0.0000   0.0004   0.0001   0.0000   0.0009   0.0003   0.0000
   0.0007   0.0000   0.9932   0.0024   0.0049   0.0065   0.0000   0.0056   0.0134
   0.0004   0.0094   0.0006   0.9896   0.0000   0.0000   0.0000   0.0024   0.0007
   0.0002   0.0026   0.0012   0.0000   0.9878   0.0007   0.0041   0.0045   0.0000
   0.0001   0.0000   0.0001   0.0000   0.0001   0.9747   0.0000   0.0011   0.0000
   0.0000   0.0025   0.0000   0.0000   0.0005   0.0000   0.9642   0.0000   0.0012
   0.0000   0.0019   0.0003   0.0006   0.0011   0.0033   0.0000   0.9719   0.0000
   0.0002   0.0000   0.0004   0.0001   0.0000   0.0000   0.0013   0.0000   0.9749

eigenvalues of p_FN4=  0.963795  0.970556  0.974473  0.975460  0.981629  0.987212  0.989634  0.993985  1.000002
eigenvalues of h_FN4=  2.466750  1.790692  1.398956  1.300253  0.683372  0.125019 -0.117183 -0.552217 -1.153928

eigenval_p,eigenval_h=  1.000002 -1.138484
psiFN4_psig  =   0.7702   0.0031   0.1382   0.0416   0.0271   0.0050   0.0015   0.0045   0.0087

E_G, E_FN1, E_FN3, E_FN4, E_0, recover_FN1, recover_FN3, recover_FN4, 1-ovlp_FN1, 1-ovlp_FN3, 1-ovlp_FN4, sign_cond_num= -1.101429 -1.138293 -1.138020 -1.138484 -1.153737 0.705 0.700 0.708 4.E-05 4.E-05 4.E-05 0.916

p_propos2=
   0.9983   0.0155   0.0028   0.0071   0.0025   0.0245   0.0045   0.0000   0.0256
   0.0000   0.9680   0.0000   0.0004   0.0001   0.0000   0.0010   0.0003   0.0000
   0.0007   0.0000   0.9945   0.0024   0.0049   0.0065   0.0000   0.0058   0.0132
   0.0004   0.0094   0.0006   0.9893   0.0000   0.0000   0.0000   0.0025   0.0007
   0.0002   0.0026   0.0012   0.0000   0.9908   0.0007   0.0042   0.0046   0.0000
   0.0001   0.0000   0.0001   0.0000   0.0001   0.9650   0.0000   0.0012   0.0000
   0.0000   0.0025   0.0000   0.0000   0.0005   0.0000   0.9889   0.0000   0.0012
   0.0000   0.0019   0.0003   0.0006   0.0011   0.0033   0.0000   0.9856   0.0000
   0.0002   0.0000   0.0004   0.0001   0.0000   0.0000   0.0014   0.0000   0.9593

eigenvalues of p_FN1_propos=  0.958995  0.964684  0.967664  0.984573  0.988287  0.989289  0.990789  0.995517  1.000000
psi for p_FN1_propos=   0.7117   0.0019   0.1765   0.0406   0.0446   0.0038   0.0048   0.0106   0.0056
psig**2 * P_L       =   0.7117   0.0019   0.1765   0.0406   0.0446   0.0038   0.0048   0.0106   0.0056
Above 2 lines should be equal since proposal part of p_FN1 has dominant state psig**2 * P_L
The exception to this occurs when there is no sign problem, but some components of psig have the wrong sign, in which case one has 2 decoupled spaces with degenerate dominant eigenvalues

pp_FN1=
 850.28541134.2286 490.2996 691.1889 380.9816 947.9389 212.6589 261.05581119.7739
   2.9294  60.0974   2.0725   4.8238   2.1127   3.5083   2.3236   1.9798   4.1854
 121.7586 199.2722 238.4098 140.8551 126.1794 186.1477  42.7481  88.5597 249.7966
  39.4114 106.4977  32.3414 132.3217  22.8979  47.8240  12.1266  24.2332  59.6024
  23.9440  51.4105  31.9332  25.2385 102.0801  36.1591  17.3051  26.7952  41.5358
   4.9731   7.1265   3.9325   4.4002   3.0184  44.9121   1.3651   3.5101   7.1076
   1.4788   6.2561   1.1970   1.4789   1.9147   1.8094  28.4125   0.8040   3.4704
   3.9266  11.5300   5.3639   6.3924   6.4128  10.0634   1.7390  38.5635   6.8897
   8.6890  12.5747   7.8053   8.1111   5.1283  10.5126   3.8726   3.5543  52.6318
1st col normalized  0.988394  0.003405  0.141535  0.045813  0.027833  0.005781  0.001719  0.004564  0.010100
2nd col normalized  0.978306  0.051836  0.171878  0.091857  0.044343  0.006147  0.005396  0.009945  0.010846
3rd col normalized  0.896043  0.003787  0.435704  0.059105  0.058359  0.007187  0.002188  0.009803  0.014264
psiFN_psig          0.770463  0.003006  0.138260  0.041576  0.027141  0.004892  0.001501  0.004463  0.008697
W=       781.249772   3.047951 140.195544  42.158265  27.521168   4.960878   1.522391   4.525244   8.818788
W_der=    -1.004362  -0.071119  -0.241900  -0.076372  -0.051557  -0.010853  -0.006454  -0.011461  -0.022641
W_der/W=  -0.001286  -0.023333  -0.001725  -0.001812  -0.001873  -0.002188  -0.004239  -0.002533  -0.002567
------
W=         0.770330   0.002965   0.138442   0.041566   0.027224   0.004847   0.001539   0.004525   0.008563
W_der=     0.770463   0.003006   0.138260   0.041576   0.027141   0.004892   0.001501   0.004463   0.008697
W_der/W=   1.000173   1.013811   0.998688   1.000248   0.996946   1.009339   0.975800   0.986350   1.015672

gradient_vmc_FD, gradient_vmc= -0.123976 -0.123976
E_L_der =         -0.0948  41.9393   0.2044  -1.0070  -0.2564   2.2566  -2.2308  -0.7722   3.1670
E_L_der_increm =  -0.0948  41.9392   0.2044  -1.0070  -0.2564   2.2566  -2.2308  -0.7722   3.1670
The above 2 lines should be equal
psiFN1_psig  =   0.7705   0.0030   0.1383   0.0416   0.0271   0.0049   0.0015   0.0045   0.0087
psig_increm**2=                 0.7113    0.0018    0.1767    0.0406    0.0447    0.0037    0.0049    0.0107    0.0055
psig_increm**2 * P_L_increm=    0.7115    0.0019    0.1764    0.0406    0.0446    0.0038    0.0048    0.0105    0.0056
psiFN_psig_increm=              0.7705    0.0030    0.1383    0.0416    0.0271    0.0049    0.0015    0.0045    0.0087
W_prod_increm                   1.0827    1.6355    0.7824    1.0247    0.6069    1.3105    0.3034    0.4169    1.5750
W_prod                          1.0827    1.6355    0.7824    1.0247    0.6069    1.3105    0.3034    0.4169    1.5750
W_prod_increm                  1.082707653   1.635510043   0.782379064   1.024658652   0.606870394   1.310475945   0.303406865   0.416948047   1.575033651
W_prod                         1.082707655   1.635510787   0.782379101   1.024658543   0.606870381   1.310476071   0.303406791   0.416948014   1.575033869
W_prod_der=                    -0.0225   -7.4464   -0.3678    1.0847    0.1346   -1.2598    0.7385    0.3371   -2.1822

E_FN1, E_FN1_increm, gradient_FN1_FD, gradient_FN1= -1.138293 -1.138293 -0.083557 -0.133993
P_L,i/P_L=   -0.0016   58.2851   -0.0273   -0.0245    0.0790    2.1472    5.7765    1.1012    5.0169
E_L_der  =   -0.0948   41.9393    0.2044   -1.0070   -0.2564    2.2566   -2.2308   -0.7722    3.1670

E_FN1, E_FN1_increm, gradient_FN1_FD, gradient_FN1= -1.138293 -1.138293 -0.083557 -0.083559

gradient_FN1_FD, gradient_FN1, 1st+2*2nd terms, gradient_FN1_1, gradient_FN1_2, gradient_FN1_3= -0.083557 -0.083559 -0.069217 -0.197668  0.049883  0.064226
------------------------------------------------------------

Data set    2

h=
  -1.0000   0.2078   0.2465  -0.1774   0.1550   0.0818   0.1172   0.0597   0.0351
   0.2078  -0.7500   0.0317   0.1078  -0.1529   0.2204  -0.0884   0.0460  -0.1722
   0.2465   0.0317  -0.5000  -0.0188   0.1205   0.0786   0.1065   0.0542  -0.2134
  -0.1774   0.1078  -0.0188  -0.2500   0.1196   0.2078   0.0252   0.1955   0.1204
   0.1550  -0.1529   0.1205   0.1196   0.0000  -0.1889   0.1373  -0.1491  -0.1836
   0.0818   0.2204   0.0786   0.2078  -0.1889   0.2500   0.0471   0.2473  -0.0761
   0.1172  -0.0884   0.1065   0.0252   0.1373   0.0471   0.5000  -0.0512   0.1073
   0.0597   0.0460   0.0542   0.1955  -0.1491   0.2473  -0.0512   0.7500  -0.1677
   0.0351  -0.1722  -0.2134   0.1204  -0.1836  -0.0761   0.1073  -0.1677   1.0000

eigenval_p,eigenval_h=  1.000000 -1.275242
psi for p    =   0.8174  -0.4330  -0.2248   0.2275  -0.1681  -0.0167  -0.0476  -0.0495  -0.0940

eigenvalues of p=  0.975280  0.978413  0.981483  0.984826  0.987465  0.990188  0.992720  0.994853  1.000000
eigenvalues of h=  1.196769  0.883489  0.576467  0.242178 -0.021770 -0.294090 -0.547235 -0.760567 -1.275242
tau, tau_max= 0.010000 0.404529
p=
   0.9972  -0.0021  -0.0025   0.0018  -0.0016  -0.0008  -0.0012  -0.0006  -0.0004
  -0.0021   0.9947  -0.0003  -0.0011   0.0015  -0.0022   0.0009  -0.0005   0.0017
  -0.0025  -0.0003   0.9922   0.0002  -0.0012  -0.0008  -0.0011  -0.0005   0.0021
   0.0018  -0.0011   0.0002   0.9897  -0.0012  -0.0021  -0.0003  -0.0020  -0.0012
  -0.0016   0.0015  -0.0012  -0.0012   0.9872   0.0019  -0.0014   0.0015   0.0018
  -0.0008  -0.0022  -0.0008  -0.0021   0.0019   0.9847  -0.0005  -0.0025   0.0008
  -0.0012   0.0009  -0.0011  -0.0003  -0.0014  -0.0005   0.9822   0.0005  -0.0011
  -0.0006  -0.0005  -0.0005  -0.0020   0.0015  -0.0025   0.0005   0.9797   0.0017
  -0.0004   0.0017   0.0021  -0.0012   0.0018   0.0008  -0.0011   0.0017   0.9772

sum_p_eig,sum_abs_p_eig,sign_condition_number=  2.078525  2.085026  0.731788

p after making eigenvec +ve =
   0.9972   0.0021   0.0025   0.0018   0.0016   0.0008   0.0012   0.0006   0.0004
   0.0021   0.9947  -0.0003   0.0011   0.0015  -0.0022   0.0009  -0.0005   0.0017
   0.0025  -0.0003   0.9922  -0.0002  -0.0012  -0.0008  -0.0011  -0.0005   0.0021
   0.0018   0.0011  -0.0002   0.9897   0.0012   0.0021   0.0003   0.0020   0.0012
   0.0016   0.0015  -0.0012   0.0012   0.9872   0.0019  -0.0014   0.0015   0.0018
   0.0008  -0.0022  -0.0008   0.0021   0.0019   0.9847  -0.0005  -0.0025   0.0008
   0.0012   0.0009  -0.0011   0.0003  -0.0014  -0.0005   0.9822   0.0005  -0.0011
   0.0006  -0.0005  -0.0005   0.0020   0.0015  -0.0025   0.0005   0.9797   0.0017
   0.0004   0.0017   0.0021   0.0012   0.0018   0.0008  -0.0011   0.0017   0.9772

1+(E_0*1-H) (i.e. p with tau=1) after making eigenvec +ve =
   0.7248  -0.2078  -0.2465  -0.1774  -0.1550  -0.0818  -0.1172  -0.0597  -0.0351
  -0.2078   0.4748   0.0317  -0.1078  -0.1529   0.2204  -0.0884   0.0460  -0.1722
  -0.2465   0.0317   0.2248   0.0188   0.1205   0.0786   0.1065   0.0542  -0.2134
  -0.1774  -0.1078   0.0188  -0.0252  -0.1196  -0.2078  -0.0252  -0.1955  -0.1204
  -0.1550  -0.1529   0.1205  -0.1196  -0.2752  -0.1889   0.1373  -0.1491  -0.1836
  -0.0818   0.2204   0.0786  -0.2078  -0.1889  -0.5252   0.0471   0.2473  -0.0761
  -0.1172  -0.0884   0.1065  -0.0252   0.1373   0.0471  -0.7752  -0.0512   0.1073
  -0.0597   0.0460   0.0542  -0.1955  -0.1491   0.2473  -0.0512  -1.0252  -0.1677
  -0.0351  -0.1722  -0.2134  -0.1204  -0.1836  -0.0761   0.1073  -0.1677  -1.2752
psi0         =   0.8174   0.4330   0.2248   0.2275   0.1681   0.0167   0.0476   0.0495   0.0940
psig         =   0.8159   0.4220   0.2863   0.2314   0.1125   0.0732   0.0278   0.0012   0.0426

E_G= -1.254143

h_imp=
  -1.0000  -0.4018  -0.7026  -0.6254  -1.1247  -0.9110  -3.4382 -41.9462  -0.6723
  -0.1075  -0.7500   0.0467  -0.1966  -0.5740   1.2703  -1.3414  16.7369  -1.7039
  -0.0865   0.0215  -0.5000   0.0232   0.3067   0.3072   1.0960  13.3785  -1.4328
  -0.0503  -0.0591   0.0152  -0.2500  -0.2461  -0.6567  -0.2097 -38.9877  -0.6534
  -0.0214  -0.0408   0.0473  -0.0581   0.0000  -0.2901   0.5551 -14.4501  -0.4843
  -0.0073   0.0382   0.0201  -0.0657  -0.1230   0.2500   0.1239  15.6027  -0.1307
  -0.0040  -0.0058   0.0103  -0.0030   0.0340   0.0179   0.5000  -1.2272   0.0700
  -0.0001   0.0001   0.0002  -0.0010  -0.0015   0.0039  -0.0021   0.7500  -0.0046
  -0.0018  -0.0174  -0.0318  -0.0222  -0.0696  -0.0443   0.1644  -6.1603   1.0000

p_imp=
   0.9972   0.0040   0.0070   0.0063   0.0112   0.0091   0.0344   0.4195   0.0067
   0.0011   0.9947  -0.0005   0.0020   0.0057  -0.0127   0.0134  -0.1674   0.0170
   0.0009  -0.0002   0.9922  -0.0002  -0.0031  -0.0031  -0.0110  -0.1338   0.0143
   0.0005   0.0006  -0.0002   0.9897   0.0025   0.0066   0.0021   0.3899   0.0065
   0.0002   0.0004  -0.0005   0.0006   0.9872   0.0029  -0.0056   0.1445   0.0048
   0.0001  -0.0004  -0.0002   0.0007   0.0012   0.9847  -0.0012  -0.1560   0.0013
   0.0000   0.0001  -0.0001   0.0000  -0.0003  -0.0002   0.9822   0.0123  -0.0007
   0.0000  -0.0000  -0.0000   0.0000   0.0000  -0.0000   0.0000   0.9797   0.0000
   0.0000   0.0002   0.0003   0.0002   0.0007   0.0004  -0.0016   0.0616   0.9772
tau_av_expon_proj    = 3.585317 1.710206 1.143912 1.004750 0.403276 0.285590 0.144281 0.006734 0.194102
tau_av_expon_proj_new= 3.633167 1.903884 1.289920 0.975379 0.784165 0.655634 0.563303 0.493768 0.439514
factor=                1.013257 1.107082 1.119846 0.970337 1.625353 1.758403 2.104056 2.681459 1.747821
factor2=                 1.0133   1.1132   1.1276   0.9708   1.9445   2.2957   3.9042  73.3194   2.2643

eigenvalues of p_imp=  0.975280  0.978413  0.981483  0.984826  0.987465  0.990188  0.992720  0.994853  1.000000
eigenvalues of h_imp=  1.196769  0.883489  0.576467  0.242178 -0.021770 -0.294090 -0.547235 -0.760567 -1.275242

eigenval_p,eigenval_h=  1.000000 -1.275242
psi0_psig    =   0.6722   0.1842   0.0649   0.0531   0.0190   0.0012   0.0013   0.0001   0.0040

imp-sampled: sum_p_eig,sum_abs_p_eig,sign_condition_number=  1.000000  1.000706  0.931849

p_FN1=
   0.9972   0.0040   0.0070   0.0063   0.0112   0.0091   0.0344   0.4195   0.0067
   0.0011   0.9941   0.0000   0.0020   0.0057   0.0000   0.0134   0.0000   0.0170
   0.0009   0.0000   0.9908   0.0000   0.0000   0.0000   0.0000   0.0000   0.0143
   0.0005   0.0006   0.0000   0.9895   0.0025   0.0066   0.0021   0.3899   0.0065
   0.0002   0.0004   0.0000   0.0006   0.9838   0.0029   0.0000   0.1445   0.0048
   0.0001   0.0000   0.0000   0.0007   0.0012   0.9688   0.0000   0.0000   0.0013
   0.0000   0.0001   0.0000   0.0000   0.0000   0.0000   0.9629   0.0123   0.0000
   0.0000   0.0000   0.0000   0.0000   0.0000   0.0000   0.0000   0.5226   0.0000
   0.0000   0.0002   0.0003   0.0002   0.0007   0.0004   0.0000   0.0616   0.9765

eigenvalues of p_FN1=  0.522547  0.962790  0.968309  0.975671  0.983767  0.989338  0.990347  0.993635  0.999920
eigenvalues of h_FN1= 46.470042  2.445741  1.893883  1.157635  0.348101 -0.209031 -0.309977 -0.638709 -1.267230

eigenval_p,eigenval_h=  0.999920 -1.267230
psiFN1_psig =    0.6773   0.1747   0.0707   0.0517   0.0171   0.0035   0.0010   0.0000   0.0039

E_0, E_G, E_FN1, E_G-E_0, E_FN1-E_0, rms fluctuation of E_L  -1.27524  -1.25414  -1.26723   0.02110   0.00801   0.23158
E_L     =  -1.2789  -1.2150  -1.0945  -1.1988  -1.7983  -0.0528  -2.5520 -56.3035  -4.0119
p_L     =   1.0001   0.9995   0.9983   0.9993   1.0053   0.9879   1.0128   1.5504   1.0274
p_abs_L =   1.0000   1.0000   0.9996   0.9995   1.0086   1.0038   1.0322   2.0075   1.0281

p_propos=
   0.9972   0.0040   0.0070   0.0063   0.0112   0.0091   0.0333   0.2090   0.0065
   0.0011   0.9948   0.0000   0.0020   0.0057   0.0000   0.0130   0.0000   0.0166
   0.0009   0.0000   0.9927   0.0000   0.0000   0.0000   0.0000   0.0000   0.0139
   0.0005   0.0006   0.0000   0.9903   0.0024   0.0065   0.0020   0.1942   0.0064
   0.0002   0.0004   0.0000   0.0006   0.9788   0.0029   0.0000   0.0720   0.0047
   0.0001   0.0000   0.0000   0.0007   0.0012   0.9810   0.0000   0.0000   0.0013
   0.0000   0.0001   0.0000   0.0000   0.0000   0.0000   0.9516   0.0061   0.0000
   0.0000   0.0000   0.0000   0.0000   0.0000   0.0000   0.0000   0.4881   0.0000
   0.0000   0.0002   0.0003   0.0002   0.0007   0.0004   0.0000   0.0307   0.9506
psig**2=         0.6658   0.1781   0.0820   0.0536   0.0126   0.0054   0.0008   0.0000   0.0018
psig**2 * P_L=   0.6658   0.1780   0.0818   0.0535   0.0127   0.0053   0.0008   0.0000   0.0019
psiFN_psig=      0.6773   0.1747   0.0707   0.0517   0.0171   0.0035   0.0010   0.0000   0.0039
p_L=             1.0001   0.9995   0.9983   0.9993   1.0053   0.9879   1.0128   1.5504   1.0274
W_prod=          1.0173   0.9805   0.8625   0.9654   1.3541   0.6571   1.3544   2.4018   2.1281
   1.0001   1.0173
   0.9995   0.9805
   0.9983   0.8625
   0.9993   0.9654
   1.0053   1.3541
   0.9879   0.6571
   1.0128   1.3544
   1.5504   2.4018
   1.0274   2.1281

p_markov=
   0.9972   0.0040   0.0070   0.0063   0.0112   0.0091   0.0333   0.2090   0.0065
   0.0011   0.9948   0.0000   0.0020   0.0057   0.0000   0.0130   0.0000   0.0166
   0.0009   0.0000   0.9927   0.0000   0.0000   0.0000   0.0000   0.0000   0.0139
   0.0005   0.0006   0.0000   0.9903   0.0024   0.0065   0.0020   0.1942   0.0064
   0.0002   0.0004   0.0000   0.0006   0.9788   0.0029   0.0000   0.0720   0.0047
   0.0001   0.0000   0.0000   0.0007   0.0012   0.9811   0.0000   0.0000   0.0013
   0.0000   0.0001   0.0000   0.0000   0.0000   0.0000   0.9517   0.0061   0.0000
   0.0000   0.0000   0.0000   0.0000   0.0000   0.0000   0.0000   0.4881   0.0000
   0.0000   0.0002   0.0003   0.0002   0.0007   0.0004   0.0000   0.0307   0.9506

eigenvalues of p_markov=  0.488048  0.950281  0.951607  0.977664  0.981460  0.990118  0.991664  0.994279  1.000000
eigenvalues of h_markov= 49.919961  3.696612  3.564009  0.958309  0.578756 -0.287060 -0.441626 -0.703169 -1.275242

eigenval_p,eigenval_h=  1.000000 -1.267230
psi for p_mar=   0.6658   0.1781   0.0820   0.0536   0.0126   0.0054   0.0008   0.0000   0.0018
psig**2      =   0.6658   0.1781   0.0820   0.0536   0.0126   0.0054   0.0008   0.0000   0.0018
Above 2 lines should be equal since Markov matrix has dominant state psig**2
The exception to this occurs when there is no sign problem, but some components of psig have the wrong sign, in which case one has 2 decoupled spaces with degenerate dominant eigenvalues

p_FN3=
   0.9973   0.0040   0.0070   0.0062   0.0112   0.0090   0.0337   0.3240   0.0067
   0.0011   0.9942   0.0000   0.0020   0.0057   0.0000   0.0132   0.0000   0.0170
   0.0009   0.0000   0.9910   0.0000   0.0000   0.0000   0.0000   0.0000   0.0143
   0.0005   0.0006   0.0000   0.9896   0.0025   0.0065   0.0021   0.3011   0.0065
   0.0002   0.0004   0.0000   0.0006   0.9840   0.0028   0.0000   0.1116   0.0048
   0.0001   0.0000   0.0000   0.0007   0.0012   0.9692   0.0000   0.0000   0.0013
   0.0000   0.0001   0.0000   0.0000   0.0000   0.0000   0.9639   0.0095   0.0000
   0.0000   0.0000   0.0000   0.0000   0.0000   0.0000   0.0000   0.7567   0.0000
   0.0000   0.0002   0.0003   0.0002   0.0007   0.0004   0.0000   0.0476   0.9767

eigenvalues of p_FN3=  0.756643  0.963816  0.968718  0.975826  0.983932  0.989435  0.990443  0.993725  0.999996
eigenvalues of h_FN3= 23.060484  2.343171  1.852925  1.142172  0.331521 -0.218713 -0.319557 -0.647766 -1.274884

eigenval_p,eigenval_h=  0.999996 -1.266871
psiFN3_psig  =   0.6774   0.1747   0.0708   0.0517   0.0170   0.0035   0.0010   0.0000   0.0038

p_FN4=
   0.9973   0.0040   0.0070   0.0063   0.0112   0.0090   0.0337   0.3240   0.0067
   0.0011   0.9942   0.0000   0.0020   0.0057   0.0000   0.0132   0.0000   0.0170
   0.0009   0.0000   0.9909   0.0000   0.0000   0.0000   0.0000   0.0000   0.0143
   0.0005   0.0006   0.0000   0.9896   0.0025   0.0065   0.0021   0.3011   0.0065
   0.0002   0.0004   0.0000   0.0006   0.9840   0.0029   0.0000   0.1116   0.0048
   0.0001   0.0000   0.0000   0.0007   0.0012   0.9691   0.0000   0.0000   0.0013
   0.0000   0.0001   0.0000   0.0000   0.0000   0.0000   0.9639   0.0095   0.0000
   0.0000   0.0000   0.0000   0.0000   0.0000   0.0000   0.0000   0.7567   0.0000
   0.0000   0.0002   0.0003   0.0002   0.0007   0.0004   0.0000   0.0476   0.9767

eigenvalues of p_FN4=  0.756627  0.963804  0.968692  0.975787  0.983913  0.989426  0.990437  0.993718  1.000002
eigenvalues of h_FN4= 23.062057  2.344346  1.855531  1.146050  0.333438 -0.217837 -0.318893 -0.647040 -1.275457

eigenval_p,eigenval_h=  1.000002 -1.267444
psiFN4_psig  =   0.6770   0.1747   0.0708   0.0518   0.0172   0.0036   0.0011   0.0000   0.0039

E_G, E_FN1, E_FN3, E_FN4, E_0, recover_FN1, recover_FN3, recover_FN4, 1-ovlp_FN1, 1-ovlp_FN3, 1-ovlp_FN4, sign_cond_num= -1.254143 -1.267230 -1.266871 -1.267444 -1.275242 0.620 0.603 0.630 2.E-04 2.E-04 2.E-04 0.932

p_propos2=
   0.9972   0.0040   0.0070   0.0063   0.0112   0.0092   0.0339   0.2706   0.0065
   0.0011   0.9947   0.0000   0.0020   0.0057   0.0000   0.0132   0.0000   0.0166
   0.0009   0.0000   0.9926   0.0000   0.0000   0.0000   0.0000   0.0000   0.0139
   0.0005   0.0006   0.0000   0.9903   0.0024   0.0066   0.0021   0.2515   0.0064
   0.0002   0.0004   0.0000   0.0006   0.9787   0.0029   0.0000   0.0932   0.0047
   0.0001   0.0000   0.0000   0.0007   0.0012   0.9807   0.0000   0.0000   0.0013
   0.0000   0.0001   0.0000   0.0000   0.0000   0.0000   0.9507   0.0079   0.0000
   0.0000   0.0000   0.0000   0.0000   0.0000   0.0000   0.0000   0.3371   0.0000
   0.0000   0.0002   0.0003   0.0002   0.0007   0.0004   0.0000   0.0397   0.9505

eigenvalues of p_FN1_propos=  0.337104  0.950221  0.950676  0.977497  0.981212  0.990093  0.991645  0.994266  1.000000
psi for p_FN1_propos=   0.6659   0.1780   0.0818   0.0535   0.0127   0.0053   0.0008   0.0000   0.0019
psig**2 * P_L       =   0.6659   0.1780   0.0818   0.0535   0.0127   0.0053   0.0008   0.0000   0.0019
Above 2 lines should be equal since proposal part of p_FN1 has dominant state psig**2 * P_L
The exception to this occurs when there is no sign problem, but some components of psig have the wrong sign, in which case one has 2 decoupled spaces with degenerate dominant eigenvalues

pp_FN1=
 734.3594 563.6736 548.9590 589.7829 836.8541 420.6046 894.82831562.85241262.3037
 150.7927 297.7313 115.0100 161.1859 248.1832 103.4327 250.6170 398.8134 418.1434
  67.5963  52.9378 162.4077  55.4688  80.0217  40.0587  82.5186 154.6770 185.8386
  47.4471  48.4721  36.2396 139.5932  77.0319  51.1459  67.6837 196.6048 124.7502
  15.8954  17.6215  12.3438  18.1876  84.3191  16.6378  21.5630  60.8863  47.0405
   3.3876   3.1140   2.6201   5.1204   7.0548  34.8722   4.4369  10.6035   9.3963
   1.0402   1.0891   0.7790   0.9781   1.3197   0.6404  28.3561   3.1026   2.0646
   0.0032   0.0030   0.0025   0.0049   0.0065   0.0027   0.0054   2.1053   0.0114
   3.4473   4.2686   4.1216   4.2349   6.7634   3.1861   4.8502  15.3332  51.8592
1st col normalized  0.973435  0.199884  0.089603  0.062894  0.021070  0.004490  0.001379  0.000004  0.004570
2nd col normalized  0.878317  0.463925  0.082488  0.075529  0.027458  0.004852  0.001697  0.000005  0.006651
3rd col normalized  0.938084  0.196534  0.277529  0.061928  0.021094  0.004477  0.001331  0.000004  0.007043
psiFN_psig          0.677341  0.174660  0.070712  0.051715  0.017126  0.003524  0.001048  0.000003  0.003870
W=       686.823974 177.105231  71.702474  52.439515  17.365320   3.573253   1.063069   0.003281   3.923883
W_der=     0.647990  -0.163403   0.060513   0.052503   0.022245   0.000442   0.001321   0.000003   0.007533
W_der/W=   0.000943  -0.000923   0.000844   0.001001   0.001281   0.000124   0.001243   0.000868   0.001920
W=         0.677261   0.174748   0.070832   0.051749   0.017036   0.003566   0.001036   0.000003   0.003769
W_der=     0.677341   0.174660   0.070712   0.051715   0.017126   0.003524   0.001048   0.000003   0.003870
W_der/W=   1.000118   0.999495   0.998310   0.999344   1.005254   0.988294   1.012376   1.230654   1.026803

gradient_vmc_FD, gradient_vmc=  0.033047  0.033047
E_L_der =         -0.2547   1.1018   0.1107  -0.4659  -1.3600   3.0101  -3.1786  39.6587  -4.0374
E_L_der_increm =  -0.2547   1.1018   0.1107  -0.4659  -1.3600   3.0101  -3.1786  39.6587  -4.0374
The above 2 lines should be equal
psiFN1_psig  =   0.6773   0.1747   0.0707   0.0517   0.0171   0.0035   0.0010   0.0000   0.0039
psig_increm**2=                 0.6658    0.1781    0.0820    0.0536    0.0126    0.0054    0.0008    0.0000    0.0018
psig_increm**2 * P_L_increm=    0.6658    0.1780    0.0818    0.0535    0.0127    0.0053    0.0008    0.0000    0.0019
psiFN_psig_increm=              0.6773    0.1747    0.0707    0.0517    0.0171    0.0035    0.0010    0.0000    0.0039
W_prod_increm                   1.0173    0.9805    0.8625    0.9654    1.3541    0.6571    1.3544    2.4018    2.1281
W_prod                          1.0173    0.9805    0.8625    0.9654    1.3541    0.6571    1.3544    2.4018    2.1281
W_prod_increm                  1.017264166   0.980543479   0.862460719   0.965449577   1.354092686   0.657112743   1.354424727   2.401779806   2.128085648
W_prod                         1.017264125   0.980543650   0.862460696   0.965449539   1.354092629   0.657112780   1.354424664   2.401779908   2.128085558
W_prod_der=                     0.4088   -1.7024    0.2335    0.3820    0.5674   -0.3711    0.6213   -1.0201    0.9058

E_FN1, E_FN1_increm, gradient_FN1_FD, gradient_FN1= -1.267230 -1.267230 -0.010204  0.014935
P_L,i/P_L=   -0.0030   -0.0576   -0.0191    0.0319   -0.7185   -3.7004   -4.0319 1407.8440  -10.7855
E_L_der  =   -0.2547    1.1018    0.1107   -0.4659   -1.3600    3.0101   -3.1786   39.6587   -4.0374

E_FN1, E_FN1_increm, gradient_FN1_FD, gradient_FN1= -1.267230 -1.267230 -0.010204 -0.010203

gradient_FN1_FD, gradient_FN1, 1st+2*2nd terms, gradient_FN1_1, gradient_FN1_2, gradient_FN1_3= -0.010204 -0.010203 -0.012433  0.043240 -0.025606 -0.027836
------------------------------------------------------------

Data set    3

h=
  -1.0000   0.0404   0.0718  -0.0811   0.1244  -0.0287  -0.1692  -0.0427  -0.1855
   0.0404  -0.7500   0.0116  -0.1719   0.1516  -0.0466   0.2187  -0.1013   0.0946
   0.0718   0.0116  -0.5000   0.2356  -0.0595  -0.1163   0.2479  -0.1902  -0.0795
  -0.0811  -0.1719   0.2356  -0.2500  -0.0695   0.2271   0.0548   0.1091  -0.0390
   0.1244   0.1516  -0.0595  -0.0695   0.0000  -0.1933  -0.1028  -0.1993  -0.1509
  -0.0287  -0.0466  -0.1163   0.2271  -0.1933   0.2500   0.0086  -0.2237   0.1178
  -0.1692   0.2187   0.2479   0.0548  -0.1028   0.0086   0.5000   0.0091  -0.1426
  -0.0427  -0.1013  -0.1902   0.1091  -0.1993  -0.2237   0.0091   0.7500  -0.1474
  -0.1855   0.0946  -0.0795  -0.0390  -0.1509   0.1178  -0.1426  -0.1474   1.0000

eigenval_p,eigenval_h=  1.000000 -1.090220
psi for p    =   0.9278  -0.1370  -0.2455   0.1362  -0.0797  -0.0542   0.1543  -0.0284   0.0876

eigenvalues of p=  0.977513  0.980832  0.982801  0.985091  0.990492  0.991008  0.996177  0.997966  1.000000
eigenvalues of h=  1.158502  0.826606  0.629632  0.400707 -0.139383 -0.191035 -0.707961 -0.886848 -1.090220
tau, tau_max= 0.010000 0.444697
p=
   0.9991  -0.0004  -0.0007   0.0008  -0.0012   0.0003   0.0017   0.0004   0.0019
  -0.0004   0.9966  -0.0001   0.0017  -0.0015   0.0005  -0.0022   0.0010  -0.0009
  -0.0007  -0.0001   0.9941  -0.0024   0.0006   0.0012  -0.0025   0.0019   0.0008
   0.0008   0.0017  -0.0024   0.9916   0.0007  -0.0023  -0.0005  -0.0011   0.0004
  -0.0012  -0.0015   0.0006   0.0007   0.9891   0.0019   0.0010   0.0020   0.0015
   0.0003   0.0005   0.0012  -0.0023   0.0019   0.9866  -0.0001   0.0022  -0.0012
   0.0017  -0.0022  -0.0025  -0.0005   0.0010  -0.0001   0.9841  -0.0001   0.0014
   0.0004   0.0010   0.0019  -0.0011   0.0020   0.0022  -0.0001   0.9816   0.0015
   0.0019  -0.0009   0.0008   0.0004   0.0015  -0.0012   0.0014   0.0015   0.9791

sum_p_eig,sum_abs_p_eig,sign_condition_number=  1.850582  1.856122  0.741629

p after making eigenvec +ve =
   0.9991   0.0004   0.0007   0.0008   0.0012  -0.0003   0.0017  -0.0004   0.0019
   0.0004   0.9966  -0.0001  -0.0017  -0.0015   0.0005   0.0022   0.0010   0.0009
   0.0007  -0.0001   0.9941   0.0024   0.0006   0.0012   0.0025   0.0019  -0.0008
   0.0008  -0.0017   0.0024   0.9916  -0.0007   0.0023  -0.0005   0.0011   0.0004
   0.0012  -0.0015   0.0006  -0.0007   0.9891   0.0019  -0.0010   0.0020  -0.0015
  -0.0003   0.0005   0.0012   0.0023   0.0019   0.9866   0.0001   0.0022   0.0012
   0.0017   0.0022   0.0025  -0.0005  -0.0010   0.0001   0.9841   0.0001   0.0014
  -0.0004   0.0010   0.0019   0.0011   0.0020   0.0022   0.0001   0.9816  -0.0015
   0.0019   0.0009  -0.0008   0.0004  -0.0015   0.0012   0.0014  -0.0015   0.9791

1+(E_0*1-H) (i.e. p with tau=1) after making eigenvec +ve =
   0.9098  -0.0404  -0.0718  -0.0811  -0.1244   0.0287  -0.1692   0.0427  -0.1855
  -0.0404   0.6598   0.0116   0.1719   0.1516  -0.0466  -0.2187  -0.1013  -0.0946
  -0.0718   0.0116   0.4098  -0.2356  -0.0595  -0.1163  -0.2479  -0.1902   0.0795
  -0.0811   0.1719  -0.2356   0.1598   0.0695  -0.2271   0.0548  -0.1091  -0.0390
  -0.1244   0.1516  -0.0595   0.0695  -0.0902  -0.1933   0.1028  -0.1993   0.1509
   0.0287  -0.0466  -0.1163  -0.2271  -0.1933  -0.3402  -0.0086  -0.2237  -0.1178
  -0.1692  -0.2187  -0.2479   0.0548   0.1028  -0.0086  -0.5902  -0.0091  -0.1426
