Input hamiltonian
hamiltonian=random                                                                          
Input ndim, E_T, tau
ndim, E_T, tau=    9-20.000000 0.020000
Input fraction_positive, off_diag_mag, psig_noise
fraction_positive, off_diag_mag,psig_noise= 0.500000 0.500000 0.010000
psig_correct_sign
psig_correct_sign= F
Input irand_seed
irand_seed=1425565376542456

Data set    1

h=
  -1.0000   0.0800   0.1401  -0.1696   0.0630   0.1789  -0.0366  -0.0928  -0.2290
   0.0800  -0.7500   0.0859   0.2028  -0.0542   0.1379   0.1569  -0.0799  -0.2353
   0.1401   0.0859  -0.5000   0.1165  -0.2461  -0.0961  -0.2234  -0.1402   0.2370
  -0.1696   0.2028   0.1165  -0.2500  -0.0711  -0.2226   0.0454   0.1250  -0.0263
   0.0630  -0.0542  -0.2461  -0.0711   0.0000  -0.0210   0.1375  -0.2232  -0.0393
   0.1789   0.1379  -0.0961  -0.2226  -0.0210   0.2500  -0.2276  -0.1955  -0.0772
  -0.0366   0.1569  -0.2234   0.0454   0.1375  -0.2276   0.5000  -0.2075  -0.1275
  -0.0928  -0.0799  -0.1402   0.1250  -0.2232  -0.1955  -0.2075   0.7500  -0.0525
  -0.2290  -0.2353   0.2370  -0.0263  -0.0393  -0.0772  -0.1275  -0.0525   1.0000

eigenval_p,eigenval_h=  1.000000 -1.153737
psi for p    =   0.8957  -0.1375  -0.3155   0.2159  -0.1095  -0.0884  -0.0127  -0.0197   0.1112

eigenvalues of p=  0.953835  0.957765  0.963171  0.973933  0.976522  0.982440  0.989117  0.995544  1.000000
eigenvalues of h=  1.154489  0.958038  0.687698  0.149593  0.020158 -0.275736 -0.609584 -0.930919 -1.153737
tau, tau_max= 0.020000 0.433233
p=
   0.9969  -0.0016  -0.0028   0.0034  -0.0013  -0.0036   0.0007   0.0019   0.0046
  -0.0016   0.9919  -0.0017  -0.0041   0.0011  -0.0028  -0.0031   0.0016   0.0047
  -0.0028  -0.0017   0.9869  -0.0023   0.0049   0.0019   0.0045   0.0028  -0.0047
   0.0034  -0.0041  -0.0023   0.9819   0.0014   0.0045  -0.0009  -0.0025   0.0005
  -0.0013   0.0011   0.0049   0.0014   0.9769   0.0004  -0.0028   0.0045   0.0008
  -0.0036  -0.0028   0.0019   0.0045   0.0004   0.9719   0.0046   0.0039   0.0015
   0.0007  -0.0031   0.0045  -0.0009  -0.0028   0.0046   0.9669   0.0041   0.0026
   0.0019   0.0016   0.0028  -0.0025   0.0045   0.0039   0.0041   0.9619   0.0011
   0.0046   0.0047  -0.0047   0.0005   0.0008   0.0015   0.0026   0.0011   0.9569

sum_p_eig,sum_abs_p_eig,sign_condition_number=  1.905979  1.922966  0.641680

p after making eigenvec +ve =
   0.9969   0.0016   0.0028   0.0034   0.0013   0.0036  -0.0007  -0.0019   0.0046
   0.0016   0.9919  -0.0017   0.0041   0.0011  -0.0028  -0.0031   0.0016  -0.0047
   0.0028  -0.0017   0.9869   0.0023   0.0049   0.0019   0.0045   0.0028   0.0047
   0.0034   0.0041   0.0023   0.9819  -0.0014  -0.0045   0.0009   0.0025   0.0005
   0.0013   0.0011   0.0049  -0.0014   0.9769   0.0004  -0.0028   0.0045  -0.0008
   0.0036  -0.0028   0.0019  -0.0045   0.0004   0.9719   0.0046   0.0039  -0.0015
  -0.0007  -0.0031   0.0045   0.0009  -0.0028   0.0046   0.9669   0.0041  -0.0026
  -0.0019   0.0016   0.0028   0.0025   0.0045   0.0039   0.0041   0.9619  -0.0011
   0.0046  -0.0047   0.0047   0.0005  -0.0008  -0.0015  -0.0026  -0.0011   0.9569

1+(E_0*1-H) (i.e. p with tau=1) after making eigenvec +ve =
   0.8463  -0.0800  -0.1401  -0.1696  -0.0630  -0.1789   0.0366   0.0928  -0.2290
  -0.0800   0.5963   0.0859  -0.2028  -0.0542   0.1379   0.1569  -0.0799   0.2353
  -0.1401   0.0859   0.3463  -0.1165  -0.2461  -0.0961  -0.2234  -0.1402  -0.2370
  -0.1696  -0.2028  -0.1165   0.0963   0.0711   0.2226  -0.0454  -0.1250  -0.0263
  -0.0630  -0.0542  -0.2461   0.0711  -0.1537  -0.0210   0.1375  -0.2232   0.0393
  -0.1789   0.1379  -0.0961   0.2226  -0.0210  -0.4037  -0.2276  -0.1955   0.0772
   0.0366   0.1569  -0.2234  -0.0454   0.1375  -0.2276  -0.6537  -0.2075   0.1275
   0.0928  -0.0799  -0.1402  -0.1250  -0.2232  -0.1955  -0.2075  -0.9037   0.0525
  -0.2290   0.2353  -0.2370  -0.0263   0.0393   0.0772   0.1275   0.0525  -1.1537
psi0         =   0.8957   0.1375   0.3155   0.2159   0.1095   0.0884   0.0127   0.0197   0.1112
psig         =   0.8942   0.1331   0.3209   0.2154   0.1146   0.0871   0.0087   0.0238   0.1095

E_G= -1.153615

h_imp=
  -1.0000  -0.5374  -0.3905  -0.7041  -0.4919  -1.8360   3.7674   3.4883  -1.8696
  -0.0119  -0.7500   0.0356  -0.1253  -0.0630   0.2105   2.4060  -0.4468   0.2859
  -0.0503   0.2071  -0.5000  -0.1736  -0.6895  -0.3539  -8.2615  -1.8911  -0.6944
  -0.0409  -0.3283  -0.0782  -0.2500   0.1337   0.5503  -1.1273  -1.1318  -0.0518
  -0.0081  -0.0467  -0.0879   0.0378   0.0000  -0.0276   1.8152  -1.0746   0.0411
  -0.0174   0.0903  -0.0261   0.0901  -0.0160   0.2500  -2.2854  -0.7163   0.0615
   0.0004   0.0102  -0.0060  -0.0018   0.0104  -0.0227   0.5000  -0.0757   0.0101
   0.0025  -0.0143  -0.0104  -0.0138  -0.0464  -0.0534  -0.5688   0.7500   0.0114
  -0.0280   0.1936  -0.0809  -0.0134   0.0376   0.0971   1.6093   0.2419   1.0000

p_imp=
   0.9969   0.0107   0.0078   0.0141   0.0098   0.0367  -0.0753  -0.0698   0.0374
   0.0002   0.9919  -0.0007   0.0025   0.0013  -0.0042  -0.0481   0.0089  -0.0057
   0.0010  -0.0041   0.9869   0.0035   0.0138   0.0071   0.1652   0.0378   0.0139
   0.0008   0.0066   0.0016   0.9819  -0.0027  -0.0110   0.0225   0.0226   0.0010
   0.0002   0.0009   0.0018  -0.0008   0.9769   0.0006  -0.0363   0.0215  -0.0008
   0.0003  -0.0018   0.0005  -0.0018   0.0003   0.9719   0.0457   0.0143  -0.0012
  -0.0000  -0.0002   0.0001   0.0000  -0.0002   0.0005   0.9669   0.0015  -0.0002
  -0.0000   0.0003   0.0002   0.0003   0.0009   0.0011   0.0114   0.9619  -0.0002
   0.0006  -0.0039   0.0016   0.0003  -0.0008  -0.0019  -0.0322  -0.0048   0.9569
tau_av_expon_proj    = 6.271850 0.700321 1.397422 0.862175 0.671876 0.317315 0.045786 0.110297 0.330488
tau_av_expon_proj_new= 6.504622 2.476861 1.529668 1.106517 0.866749 0.712384 0.604691 0.525283 0.464309
factor=                1.036434 2.048801 1.090301 1.247100 1.252112 1.741198 2.520060 2.203448 1.334044
factor2=                 1.0371   3.5368   1.0946   1.2834   1.2900   2.2450  13.2070   4.7624   1.4049

eigenvalues of p_imp=  0.953835  0.957765  0.963171  0.973933  0.976522  0.982440  0.989117  0.995544  1.000000
eigenvalues of h_imp=  1.154489  0.958038  0.687698  0.149593  0.020158 -0.275736 -0.609584 -0.930919 -1.153737

eigenval_p,eigenval_h=  1.000000 -1.153737
psi0_psig    =   0.8009   0.0183   0.1012   0.0465   0.0125   0.0077   0.0001   0.0005   0.0122

imp-sampled: sum_p_eig,sum_abs_p_eig,sign_condition_number=  1.000000  1.001507  0.927480

p_FN1=
   0.9969   0.0107   0.0078   0.0141   0.0098   0.0367   0.0000   0.0000   0.0374
   0.0002   0.9819   0.0000   0.0025   0.0013   0.0000   0.0000   0.0089   0.0000
   0.0010   0.0000   0.9862   0.0035   0.0138   0.0071   0.1652   0.0378   0.0139
   0.0008   0.0066   0.0016   0.9794   0.0000   0.0000   0.0225   0.0226   0.0010
   0.0002   0.0009   0.0018   0.0000   0.9733   0.0006   0.0000   0.0215   0.0000
   0.0003   0.0000   0.0005   0.0000   0.0003   0.9548   0.0457   0.0143   0.0000
   0.0000   0.0000   0.0001   0.0000   0.0000   0.0005   0.7750   0.0015   0.0000
   0.0000   0.0003   0.0002   0.0003   0.0009   0.0011   0.0114   0.8873   0.0000
   0.0006   0.0000   0.0016   0.0003   0.0000   0.0000   0.0000   0.0000   0.9487

eigenvalues of p_FN1=  0.774614  0.886846  0.947714  0.954748  0.971552  0.976372  0.984054  0.987522  0.999999
eigenvalues of h_FN1= 10.115564  4.503973  1.460539  1.108858  0.268649  0.027653 -0.356461 -0.529832 -1.153678

eigenval_p,eigenval_h=  0.999999 -1.153678
psiFN1_psig =    0.8006   0.0181   0.1015   0.0465   0.0127   0.0077   0.0001   0.0005   0.0122

E_0, E_G, E_FN1, E_G-E_0, E_FN1-E_0, rms fluctuation of E_L  -1.15374  -1.15362  -1.15368   0.00012   0.00006   0.01399
E_L     =  -1.1538  -1.1754  -1.1444  -1.1541  -1.1251  -1.1857  -2.1451  -0.8561  -1.2058
p_L     =   1.0000   1.0004   0.9998   1.0000   0.9994   1.0006   1.0198   0.9940   1.0010
p_abs_L =   1.0001   1.0105   1.0005   1.0026   1.0031   1.0178   1.2118   1.0687   1.0092

p_propos2=
   0.9969   0.0106   0.0078   0.0140   0.0098   0.0361   0.0000   0.0000   0.0370
   0.0002   0.9817   0.0000   0.0025   0.0013   0.0000   0.0000   0.0084   0.0000
   0.0010   0.0000   0.9864   0.0035   0.0137   0.0070   0.1364   0.0354   0.0138
   0.0008   0.0065   0.0016   0.9794   0.0000   0.0000   0.0186   0.0212   0.0010
   0.0002   0.0009   0.0018   0.0000   0.9739   0.0005   0.0000   0.0201   0.0000
   0.0003   0.0000   0.0005   0.0000   0.0003   0.9549   0.0377   0.0134   0.0000
   0.0000   0.0000   0.0001   0.0000   0.0000   0.0004   0.7979   0.0014   0.0000
   0.0000   0.0003   0.0002   0.0003   0.0009   0.0010   0.0094   0.9001   0.0000
   0.0006   0.0000   0.0016   0.0003   0.0000   0.0000   0.0000   0.0000   0.9482
psig**2=         0.7996   0.0177   0.1030   0.0464   0.0131   0.0076   0.0001   0.0006   0.0120
psig**2 * P_L=   0.7996   0.0177   0.1030   0.0464   0.0131   0.0076   0.0001   0.0006   0.0120
psiFN_psig=      0.8006   0.0181   0.1015   0.0465   0.0127   0.0077   0.0001   0.0005   0.0122
W_prod=          1.0013   1.0228   0.9860   1.0014   0.9710   1.0121   1.0775   0.9416   1.0176

p_markov=
   0.9969   0.0106   0.0078   0.0140   0.0098   0.0361   0.0000   0.0000   0.0370
   0.0002   0.9817   0.0000   0.0025   0.0012   0.0000   0.0000   0.0084   0.0000
   0.0010   0.0000   0.9865   0.0035   0.0137   0.0070   0.1364   0.0354   0.0138
   0.0008   0.0065   0.0016   0.9795   0.0000   0.0000   0.0186   0.0212   0.0010
   0.0002   0.0009   0.0018   0.0000   0.9740   0.0005   0.0000   0.0201   0.0000
   0.0003   0.0000   0.0005   0.0000   0.0003   0.9551   0.0377   0.0134   0.0000
   0.0000   0.0000   0.0001   0.0000   0.0000   0.0004   0.7979   0.0012   0.0000
   0.0000   0.0003   0.0002   0.0003   0.0009   0.0010   0.0094   0.9003   0.0000
   0.0006   0.0000   0.0016   0.0003   0.0000   0.0000   0.0000   0.0000   0.9482

eigenvalues of p_markov=  0.797666  0.899770  0.947193  0.955029  0.972184  0.976458  0.983905  0.987748  1.000000
eigenvalues of h_markov=  8.962955  3.857788  1.486633  1.094811  0.237071  0.023361 -0.348999 -0.541118 -1.153737

eigenval_p,eigenval_h=  1.000000 -1.153678
psi for p_mar=   0.7996   0.0177   0.1030   0.0464   0.0131   0.0076   0.0001   0.0006   0.0120
psig**2      =   0.7996   0.0177   0.1030   0.0464   0.0131   0.0076   0.0001   0.0006   0.0120
Above 2 lines should be equal since Markov matrix has dominant state psig**2
The exception to this occurs when there is no sign problem, but some components of psig have the wrong sign, in which case one has 2 decoupled spaces with degenerate dominant eigenvalues

p_FN3=
   0.9969   0.0106   0.0078   0.0140   0.0098   0.0361   0.0000   0.0000   0.0371
   0.0002   0.9821   0.0000   0.0025   0.0012   0.0000   0.0000   0.0083   0.0000
   0.0010   0.0000   0.9863   0.0035   0.0137   0.0070   0.1391   0.0352   0.0138
   0.0008   0.0065   0.0016   0.9795   0.0000   0.0000   0.0190   0.0211   0.0010
   0.0002   0.0009   0.0018   0.0000   0.9735   0.0005   0.0000   0.0200   0.0000
   0.0003   0.0000   0.0005   0.0000   0.0003   0.9557   0.0385   0.0133   0.0000
   0.0000   0.0000   0.0001   0.0000   0.0000   0.0004   0.8138   0.0012   0.0000
   0.0000   0.0003   0.0002   0.0003   0.0009   0.0010   0.0096   0.8949   0.0000
   0.0006   0.0000   0.0016   0.0003   0.0000   0.0000   0.0000   0.0000   0.9492

eigenvalues of p_FN3=  0.813440  0.894486  0.948153  0.955625  0.971717  0.976533  0.984190  0.987566  1.000000
eigenvalues of h_FN3=  8.174270  4.121963  1.438612  1.065018  0.260403  0.019612 -0.363239 -0.532026 -1.153735

eigenval_p,eigenval_h=  1.000000 -1.153677
psiFN3_psig  =   0.8006   0.0181   0.1015   0.0465   0.0127   0.0077   0.0001   0.0005   0.0122

p_FN4=
   0.9969   0.0106   0.0078   0.0140   0.0098   0.0361   0.0000   0.0000   0.0371
   0.0002   0.9821   0.0000   0.0025   0.0013   0.0000   0.0000   0.0083   0.0000
   0.0010   0.0000   0.9862   0.0035   0.0137   0.0070   0.1391   0.0352   0.0138
   0.0008   0.0065   0.0016   0.9794   0.0000   0.0000   0.0190   0.0211   0.0010
   0.0002   0.0009   0.0018   0.0000   0.9734   0.0005   0.0000   0.0200   0.0000
   0.0003   0.0000   0.0005   0.0000   0.0003   0.9555   0.0385   0.0133   0.0000
   0.0000   0.0000   0.0001   0.0000   0.0000   0.0004   0.8138   0.0014   0.0000
   0.0000   0.0003   0.0002   0.0003   0.0009   0.0010   0.0096   0.8948   0.0000
   0.0006   0.0000   0.0016   0.0003   0.0000   0.0000   0.0000   0.0000   0.9492

eigenvalues of p_FN4=  0.813386  0.894301  0.948142  0.955528  0.971654  0.976483  0.984178  0.987538  1.000000
eigenvalues of h_FN4=  8.176958  4.131213  1.439168  1.069854  0.263561  0.022123 -0.362648 -0.530627 -1.153754

eigenval_p,eigenval_h=  1.000000 -1.153695
psiFN4_psig  =   0.8001   0.0183   0.1015   0.0466   0.0128   0.0078   0.0001   0.0006   0.0123

E_G, E_FN1, E_FN3, E_FN4, E_0, recover_FN1, recover_FN3, recover_FN4, 1-ovlp_FN1, 1-ovlp_FN3, 1-ovlp_FN4, sign_cond_num= -1.153615 -1.153678 -1.153677 -1.153695 -1.153737 0.517 0.504 0.658 1.E-07 1.E-07 2.E-07 0.927

p_propos2=
   0.9969   0.0107   0.0078   0.0141   0.0098   0.0367   0.0000   0.0000   0.0374
   0.0002   0.9815   0.0000   0.0025   0.0013   0.0000   0.0000   0.0090   0.0000
   0.0010   0.0000   0.9864   0.0035   0.0138   0.0071   0.1620   0.0380   0.0139
   0.0008   0.0066   0.0016   0.9794   0.0000   0.0000   0.0221   0.0228   0.0010
   0.0002   0.0009   0.0018   0.0000   0.9739   0.0006   0.0000   0.0216   0.0000
   0.0003   0.0000   0.0005   0.0000   0.0003   0.9542   0.0448   0.0144   0.0000
   0.0000   0.0000   0.0001   0.0000   0.0000   0.0005   0.7599   0.0015   0.0000
   0.0000   0.0003   0.0002   0.0003   0.0009   0.0011   0.0112   0.8926   0.0000
   0.0006   0.0000   0.0016   0.0003   0.0000   0.0000   0.0000   0.0000   0.9477

eigenvalues of p_FN1_propos=  0.759589  0.892093  0.946756  0.954153  0.972019  0.976296  0.983774  0.987705  1.000000
psi for p_FN1_propos=   0.7996   0.0177   0.1030   0.0464   0.0131   0.0076   0.0001   0.0006   0.0120
psig**2 * P_L       =   0.7996   0.0177   0.1030   0.0464   0.0131   0.0076   0.0001   0.0006   0.0120
Above 2 lines should be equal since proposal part of p_FN1 has dominant state psig**2 * P_L
The exception to this occurs when there is no sign problem, but some components of psig have the wrong sign, in which case one has 2 decoupled spaces with degenerate dominant eigenvalues

pp_FN1=
   1.9969   0.0107   0.0078   0.0141   0.0098   0.0367   0.0000   0.0000   0.0374
   0.0002   1.9819   0.0000   0.0025   0.0013   0.0000   0.0000   0.0089   0.0000
   0.0010   0.0000   1.9862   0.0035   0.0138   0.0071   0.1652   0.0378   0.0139
   0.0008   0.0066   0.0016   1.9794   0.0000   0.0000   0.0225   0.0226   0.0010
   0.0002   0.0009   0.0018   0.0000   1.9733   0.0006   0.0000   0.0215   0.0000
   0.0003   0.0000   0.0005   0.0000   0.0003   1.9548   0.0457   0.0143   0.0000
   0.0000   0.0000   0.0001   0.0000   0.0000   0.0005   1.7750   0.0015   0.0000
   0.0000   0.0003   0.0002   0.0003   0.0009   0.0011   0.0114   1.8873   0.0000
   0.0006   0.0000   0.0016   0.0003   0.0000   0.0000   0.0000   0.0000   1.9487

pp_FN1=
   2.9907   0.0321   0.0234   0.0420   0.0294   0.1084   0.0033   0.0014   0.1103
   0.0007   2.9461   0.0000   0.0074   0.0037   0.0000   0.0002   0.0257   0.0000
   0.0030   0.0001   2.9589   0.0103   0.0409   0.0210   0.4571   0.1094   0.0408
   0.0024   0.0195   0.0047   2.9386   0.0001   0.0001   0.0626   0.0650   0.0031
   0.0005   0.0028   0.0052   0.0000   2.9206   0.0017   0.0006   0.0616   0.0000
   0.0010   0.0000   0.0015   0.0000   0.0010   2.8664   0.1250   0.0408   0.0000
   0.0000   0.0000   0.0003   0.0001   0.0000   0.0012   2.3756   0.0040   0.0000
   0.0000   0.0008   0.0006   0.0008   0.0027   0.0030   0.0304   2.6747   0.0000
   0.0017   0.0000   0.0048   0.0008   0.0000   0.0000   0.0003   0.0001   2.8489

pp_FN1=
   3.9815   0.0640   0.0468   0.0834   0.0584   0.2135   0.0123   0.0056   0.2168
   0.0014   3.8928   0.0000   0.0147   0.0074   0.0001   0.0006   0.0494   0.0000
   0.0060   0.0002   3.9184   0.0205   0.0807   0.0414   0.8455   0.2111   0.0799
   0.0048   0.0384   0.0092   3.8781   0.0002   0.0003   0.1163   0.1247   0.0061
   0.0010   0.0055   0.0103   0.0001   3.8428   0.0033   0.0021   0.1176   0.0001
   0.0020   0.0000   0.0031   0.0000   0.0019   3.7369   0.2286   0.0775   0.0001
   0.0000   0.0000   0.0006   0.0002   0.0000   0.0023   2.8412   0.0072   0.0000
   0.0000   0.0016   0.0012   0.0015   0.0051   0.0058   0.0542   3.3735   0.0000
   0.0033   0.0000   0.0093   0.0016   0.0001   0.0001   0.0010   0.0003   3.7029

pp_FN1=
  13.7376   0.9334   0.7029   1.1888   0.8415   2.7921   0.6555   0.3706   2.7973
   0.0207  12.4735   0.0031   0.1972   0.0989   0.0052   0.0273   0.5178   0.0036
   0.0905   0.0179  12.8381   0.2856   1.0822   0.5483   6.7945   2.2993   0.9931
   0.0690   0.5168   0.1287  12.2815   0.0170   0.0200   0.9679   1.2809   0.0867
   0.0138   0.0732   0.1379   0.0048  11.8243   0.0485   0.0953   1.1719   0.0088
   0.0265   0.0023   0.0404   0.0033   0.0281  10.5552   1.6219   0.7246   0.0057
   0.0001   0.0001   0.0050   0.0016   0.0005   0.0161   4.3244   0.0407   0.0003
   0.0003   0.0166   0.0126   0.0156   0.0505   0.0540   0.3058   7.2219   0.0008
   0.0420   0.0024   0.1157   0.0224   0.0081   0.0090   0.0495   0.0165  10.1808

pp_FN1=
 827.2951 771.7067 732.5381 764.1029 724.3478 801.9203 809.1077 704.8846 801.2911
  17.0921  74.0676  16.5232  23.1109  18.6259  16.9894  18.9178  21.8784  17.0479
  94.3440  96.0806 167.3435 102.7188 127.5678 106.5892 160.5767 123.6191 114.1914
  44.3523  60.5674  46.2945  93.0429  43.7961  44.5552  54.8409  53.4012  45.8427
  11.8876  13.8014  16.2556  12.3828  51.2775  13.1910  16.8368  20.6158  13.0698
   7.6175   7.2864   7.8616   7.2915   7.6350  29.8114  13.0288  10.0386   7.6794
   0.0762   0.0804   0.1174   0.0890   0.0966   0.1292   4.5728   0.1593   0.0876
   0.4990   0.6993   0.6795   0.6513   0.8893   0.7481   1.1971   9.5656   0.5505
  12.0191  11.5454  13.2994  11.8464  11.9455  12.1264  13.9463  11.6652  31.8680
1st col normalized  0.991700  0.020489  0.113093  0.053166  0.014250  0.009131  0.000091  0.000598  0.014408
2nd col normalized  0.984609  0.094502  0.122588  0.077277  0.017609  0.009297  0.000103  0.000892  0.014731
3rd col normalized  0.972375  0.021933  0.222133  0.061452  0.021578  0.010435  0.000156  0.000902  0.017654
psiFN_psig          0.800631  0.018113  0.101536  0.046474  0.012742  0.007687  0.000081  0.000533  0.012204
W=       811.839365  18.366976 102.957412  47.124354  12.920198   7.794415   0.082276   0.540426  12.374578
W_der=     0.036772  -0.060581  -0.047697   0.020444  -0.000559  -0.005778  -0.000161   0.000053  -0.011196
W_der/W=   0.000045  -0.003298  -0.000463   0.000434  -0.000043  -0.000741  -0.001962   0.000098  -0.000905

gradient_vmc_FD, gradient_vmc= -0.005788 -0.005788
E_L_der =         -0.0894   3.1964   0.2677  -0.9414  -0.4733   1.5818  18.0804  -3.3574   2.1485
E_L_der_increm =  -0.0894   3.1964   0.2677  -0.9414  -0.4733   1.5818  18.0804  -3.3574   2.1485
The above 2 lines should be equal
psiFN1_psig  =   0.8006   0.0181   0.1015   0.0465   0.0127   0.0077   0.0001   0.0005   0.0122
psig_increm**2=                 0.7996    0.0177    0.1030    0.0464    0.0131    0.0076    0.0001    0.0006    0.0120
psig_increm**2 * P_L_increm=    0.7996    0.0177    0.1030    0.0464    0.0131    0.0076    0.0001    0.0006    0.0120
psiFN_psig_increm=              0.8006    0.0181    0.1015    0.0465    0.0127    0.0077    0.0001    0.0005    0.0122
W_prod_increm                   1.0013    1.0228    0.9860    1.0014    0.9710    1.0121    1.0775    0.9416    1.0176
W_prod                          1.0013    1.0228    0.9860    1.0014    0.9710    1.0121    1.0775    0.9416    1.0176
W_prod_increm                  1.001344333   1.022840744   0.986022087   1.001370531   0.971035514   1.012085744   1.077489683   0.941620603   1.017564187
W_prod                         1.001344323   1.022841061   0.986022128   1.001370477   0.971035510   1.012085814   1.077489894   0.941620581   1.017564275
W_prod_der=                     0.1033   -3.1702   -0.4070    0.5359    0.0383   -0.7043   -2.1089    0.2182   -0.8778

E_FN1, E_FN1_increm, gradient_FN1_FD, gradient_FN1= -1.153678 -1.153678 -0.002423 -0.004155
P_L,i/P_L=   -0.0000    0.0693   -0.0025   -0.0004    0.0136    0.0505   17.5764    1.0052    0.1119
E_L_der  =   -0.0894    3.1964    0.2677   -0.9414   -0.4733    1.5818   18.0804   -3.3574    2.1485

E_FN1, E_FN1_increm, gradient_FN1_FD, gradient_FN1= -1.153678 -1.153678 -0.002423 -0.002423

gradient_FN1_FD, gradient_FN1, 1st+2*2nd terms, gradient_FN1_1, gradient_FN1_2, gradient_FN1_3= -0.002423 -0.002423 -0.002411 -0.005903  0.001734  0.001746
------------------------------------------------------------

Data set    2

h=
  -1.0000   0.2078   0.2465  -0.1774   0.1550   0.0818   0.1172   0.0597   0.0351
   0.2078  -0.7500   0.0317   0.1078  -0.1529   0.2204  -0.0884   0.0460  -0.1722
   0.2465   0.0317  -0.5000  -0.0188   0.1205   0.0786   0.1065   0.0542  -0.2134
  -0.1774   0.1078  -0.0188  -0.2500   0.1196   0.2078   0.0252   0.1955   0.1204
   0.1550  -0.1529   0.1205   0.1196   0.0000  -0.1889   0.1373  -0.1491  -0.1836
   0.0818   0.2204   0.0786   0.2078  -0.1889   0.2500   0.0471   0.2473  -0.0761
   0.1172  -0.0884   0.1065   0.0252   0.1373   0.0471   0.5000  -0.0512   0.1073
   0.0597   0.0460   0.0542   0.1955  -0.1491   0.2473  -0.0512   0.7500  -0.1677
   0.0351  -0.1722  -0.2134   0.1204  -0.1836  -0.0761   0.1073  -0.1677   1.0000

eigenval_p,eigenval_h=  1.000000 -1.275242
psi for p    =   0.8174  -0.4330  -0.2248   0.2275  -0.1681  -0.0167  -0.0476  -0.0495  -0.0940

eigenvalues of p=  0.950560  0.956825  0.962966  0.969652  0.974931  0.980377  0.985440  0.989706  1.000000
eigenvalues of h=  1.196769  0.883489  0.576467  0.242178 -0.021770 -0.294090 -0.547235 -0.760567 -1.275242
tau, tau_max= 0.020000 0.404529
p=
   0.9945  -0.0042  -0.0049   0.0035  -0.0031  -0.0016  -0.0023  -0.0012  -0.0007
  -0.0042   0.9895  -0.0006  -0.0022   0.0031  -0.0044   0.0018  -0.0009   0.0034
  -0.0049  -0.0006   0.9845   0.0004  -0.0024  -0.0016  -0.0021  -0.0011   0.0043
   0.0035  -0.0022   0.0004   0.9795  -0.0024  -0.0042  -0.0005  -0.0039  -0.0024
  -0.0031   0.0031  -0.0024  -0.0024   0.9745   0.0038  -0.0027   0.0030   0.0037
  -0.0016  -0.0044  -0.0016  -0.0042   0.0038   0.9695  -0.0009  -0.0049   0.0015
  -0.0023   0.0018  -0.0021  -0.0005  -0.0027  -0.0009   0.9645   0.0010  -0.0021
  -0.0012  -0.0009  -0.0011  -0.0039   0.0030  -0.0049   0.0010   0.9595   0.0034
  -0.0007   0.0034   0.0043  -0.0024   0.0037   0.0015  -0.0021   0.0034   0.9545

sum_p_eig,sum_abs_p_eig,sign_condition_number=  2.078525  2.091526  0.732144

p after making eigenvec +ve =
   0.9945   0.0042   0.0049   0.0035   0.0031   0.0016   0.0023   0.0012   0.0007
   0.0042   0.9895  -0.0006   0.0022   0.0031  -0.0044   0.0018  -0.0009   0.0034
   0.0049  -0.0006   0.9845  -0.0004  -0.0024  -0.0016  -0.0021  -0.0011   0.0043
   0.0035   0.0022  -0.0004   0.9795   0.0024   0.0042   0.0005   0.0039   0.0024
   0.0031   0.0031  -0.0024   0.0024   0.9745   0.0038  -0.0027   0.0030   0.0037
   0.0016  -0.0044  -0.0016   0.0042   0.0038   0.9695  -0.0009  -0.0049   0.0015
   0.0023   0.0018  -0.0021   0.0005  -0.0027  -0.0009   0.9645   0.0010  -0.0021
   0.0012  -0.0009  -0.0011   0.0039   0.0030  -0.0049   0.0010   0.9595   0.0034
   0.0007   0.0034   0.0043   0.0024   0.0037   0.0015  -0.0021   0.0034   0.9545

1+(E_0*1-H) (i.e. p with tau=1) after making eigenvec +ve =
   0.7248  -0.2078  -0.2465  -0.1774  -0.1550  -0.0818  -0.1172  -0.0597  -0.0351
  -0.2078   0.4748   0.0317  -0.1078  -0.1529   0.2204  -0.0884   0.0460  -0.1722
  -0.2465   0.0317   0.2248   0.0188   0.1205   0.0786   0.1065   0.0542  -0.2134
  -0.1774  -0.1078   0.0188  -0.0252  -0.1196  -0.2078  -0.0252  -0.1955  -0.1204
  -0.1550  -0.1529   0.1205  -0.1196  -0.2752  -0.1889   0.1373  -0.1491  -0.1836
  -0.0818   0.2204   0.0786  -0.2078  -0.1889  -0.5252   0.0471   0.2473  -0.0761
  -0.1172  -0.0884   0.1065  -0.0252   0.1373   0.0471  -0.7752  -0.0512   0.1073
  -0.0597   0.0460   0.0542  -0.1955  -0.1491   0.2473  -0.0512  -1.0252  -0.1677
  -0.0351  -0.1722  -0.2134  -0.1204  -0.1836  -0.0761   0.1073  -0.1677  -1.2752
psi0         =   0.8174   0.4330   0.2248   0.2275   0.1681   0.0167   0.0476   0.0495   0.0940
psig         =   0.8177   0.4325   0.2283   0.2278   0.1650   0.0198   0.0465   0.0468   0.0912

E_G= -1.275177

h_imp=
  -1.0000  -0.3928  -0.8828  -0.6367  -0.7680  -3.3726  -2.0609  -1.0415  -0.3150
  -0.1099  -0.7500   0.0600  -0.2047  -0.4008   4.8096  -0.8223   0.4250  -0.8164
  -0.0688   0.0167  -0.5000   0.0188   0.1667   0.9050   0.5228   0.2644  -0.5342
  -0.0494  -0.0568   0.0187  -0.2500  -0.1651  -2.3879  -0.1234  -0.9508  -0.3007
  -0.0313  -0.0584   0.0871  -0.0866   0.0000  -1.5727   0.4873  -0.5254  -0.3323
  -0.0020   0.0101   0.0068  -0.0181  -0.0227   0.2500   0.0201   0.1047  -0.0165
  -0.0067  -0.0095   0.0217  -0.0051   0.0387   0.1105   0.5000  -0.0508   0.0547
  -0.0034   0.0050   0.0111  -0.0402  -0.0423   0.5844  -0.0516   0.7500  -0.0861
  -0.0039  -0.0363  -0.0852  -0.0482  -0.1015  -0.3502   0.2104  -0.3265   1.0000

p_imp=
   0.9945   0.0079   0.0177   0.0127   0.0154   0.0675   0.0412   0.0208   0.0063
   0.0022   0.9895  -0.0012   0.0041   0.0080  -0.0962   0.0164  -0.0085   0.0163
   0.0014  -0.0003   0.9845  -0.0004  -0.0033  -0.0181  -0.0105  -0.0053   0.0107
   0.0010   0.0011  -0.0004   0.9795   0.0033   0.0478   0.0025   0.0190   0.0060
   0.0006   0.0012  -0.0017   0.0017   0.9745   0.0315  -0.0097   0.0105   0.0066
   0.0000  -0.0002  -0.0001   0.0004   0.0005   0.9695  -0.0004  -0.0021   0.0003
   0.0001   0.0002  -0.0004   0.0001  -0.0008  -0.0022   0.9645   0.0010  -0.0011
   0.0001  -0.0001  -0.0002   0.0008   0.0008  -0.0117   0.0010   0.9595   0.0017
   0.0001   0.0007   0.0017   0.0010   0.0020   0.0070  -0.0042   0.0065   0.9545
tau_av_expon_proj    = 3.630477 1.707663 0.852130 0.944672 0.586224 0.070958 0.232622 0.271064 0.407195
tau_av_expon_proj_new= 3.633167 1.903884 1.289920 0.975379 0.784165 0.655634 0.563303 0.493768 0.439514
factor=                1.000741 1.108562 1.404095 1.031983 1.287139 2.439447 1.798655 1.569928 1.076305
factor2=                 1.0007   1.1149   1.5138   1.0325   1.3377   9.2397   2.4215   1.8216   1.0794

eigenvalues of p_imp=  0.950560  0.956825  0.962966  0.969652  0.974931  0.980377  0.985440  0.989706  1.000000
eigenvalues of h_imp=  1.196769  0.883489  0.576467  0.242178 -0.021770 -0.294090 -0.547235 -0.760567 -1.275242

eigenval_p,eigenval_h=  1.000000 -1.275242
psi0_psig    =   0.6684   0.1873   0.0513   0.0518   0.0277   0.0003   0.0022   0.0023   0.0086

imp-sampled: sum_p_eig,sum_abs_p_eig,sign_condition_number=  1.000000  1.001214  0.941140

p_FN1=
   0.9945   0.0079   0.0177   0.0127   0.0154   0.0675   0.0412   0.0208   0.0063
   0.0022   0.9889   0.0000   0.0041   0.0080   0.0000   0.0164   0.0000   0.0163
   0.0014   0.0000   0.9804   0.0000   0.0000   0.0000   0.0000   0.0000   0.0107
   0.0010   0.0011   0.0000   0.9791   0.0033   0.0478   0.0025   0.0190   0.0060
   0.0006   0.0012   0.0000   0.0017   0.9704   0.0315   0.0000   0.0105   0.0066
   0.0000   0.0000   0.0000   0.0004   0.0005   0.8413   0.0000   0.0000   0.0003
   0.0001   0.0002   0.0000   0.0001   0.0000   0.0000   0.9397   0.0010   0.0000
   0.0001   0.0000   0.0000   0.0008   0.0008   0.0000   0.0010   0.9436   0.0017
   0.0001   0.0007   0.0017   0.0010   0.0020   0.0070   0.0000   0.0065   0.9534

eigenvalues of p_FN1=  0.841045  0.939215  0.942461  0.952310  0.969979  0.978721  0.979912  0.987610  1.000000
eigenvalues of h_FN1=  6.672495  1.764028  1.601689  1.109264  0.225798 -0.211309 -0.270840 -0.655764 -1.275221

eigenval_p,eigenval_h=  1.000000 -1.275221
psiFN1_psig =    0.6687   0.1867   0.0516   0.0518   0.0277   0.0004   0.0022   0.0023   0.0086

E_0, E_G, E_FN1, E_G-E_0, E_FN1-E_0, rms fluctuation of E_L  -1.27524  -1.27518  -1.27522   0.00007   0.00002   0.01033
E_L     =  -1.2754  -1.2720  -1.2626  -1.2709  -1.2951  -1.0240  -1.3177  -1.3511  -1.3464
p_L     =   1.0000   0.9999   0.9997   0.9999   1.0004   0.9950   1.0009   1.0015   1.0014
p_abs_L =   1.0000   1.0006   1.0039   1.0003   1.0045   1.1232   1.0257   1.0174   1.0025

p_propos2=
   0.9945   0.0079   0.0176   0.0127   0.0153   0.0601   0.0402   0.0205   0.0063
   0.0022   0.9889   0.0000   0.0041   0.0080   0.0000   0.0160   0.0000   0.0163
   0.0014   0.0000   0.9807   0.0000   0.0000   0.0000   0.0000   0.0000   0.0107
   0.0010   0.0011   0.0000   0.9792   0.0033   0.0425   0.0024   0.0187   0.0060
   0.0006   0.0012   0.0000   0.0017   0.9701   0.0280   0.0000   0.0103   0.0066
   0.0000   0.0000   0.0000   0.0004   0.0005   0.8632   0.0000   0.0000   0.0003
   0.0001   0.0002   0.0000   0.0001   0.0000   0.0000   0.9404   0.0010   0.0000
   0.0001   0.0000   0.0000   0.0008   0.0008   0.0000   0.0010   0.9431   0.0017
   0.0001   0.0007   0.0017   0.0010   0.0020   0.0062   0.0000   0.0064   0.9521
psig**2=         0.6686   0.1871   0.0521   0.0519   0.0272   0.0004   0.0022   0.0022   0.0083
psig**2 * P_L=   0.6686   0.1871   0.0521   0.0519   0.0272   0.0004   0.0022   0.0022   0.0083
psiFN_psig=      0.6687   0.1867   0.0516   0.0518   0.0277   0.0004   0.0022   0.0023   0.0086
W_prod=          1.0002   0.9981   0.9900   0.9992   1.0156   0.9726   1.0143   1.0335   1.0308

p_markov=
   0.9945   0.0079   0.0176   0.0127   0.0153   0.0601   0.0402   0.0205   0.0063
   0.0022   0.9889   0.0000   0.0041   0.0080   0.0000   0.0160   0.0000   0.0163
   0.0014   0.0000   0.9807   0.0000   0.0000   0.0000   0.0000   0.0000   0.0106
   0.0010   0.0011   0.0000   0.9793   0.0033   0.0425   0.0024   0.0187   0.0060
   0.0006   0.0012   0.0000   0.0017   0.9702   0.0280   0.0000   0.0103   0.0066
   0.0000   0.0000   0.0000   0.0003   0.0004   0.8632   0.0000   0.0000   0.0003
   0.0001   0.0002   0.0000   0.0001   0.0000   0.0000   0.9404   0.0010   0.0000
   0.0001   0.0000   0.0000   0.0008   0.0008   0.0000   0.0010   0.9431   0.0017
   0.0001   0.0007   0.0017   0.0010   0.0020   0.0062   0.0000   0.0064   0.9522

eigenvalues of p_markov=  0.862936  0.939751  0.942092  0.951226  0.969783  0.978854  0.980128  0.987685  1.000000
eigenvalues of h_markov=  5.577968  1.737219  1.620145  1.163465  0.235631 -0.217923 -0.281650 -0.659499 -1.275242

eigenval_p,eigenval_h=  1.000000 -1.275221
psi for p_mar=   0.6686   0.1871   0.0521   0.0519   0.0272   0.0004   0.0022   0.0022   0.0083
psig**2      =   0.6686   0.1871   0.0521   0.0519   0.0272   0.0004   0.0022   0.0022   0.0083
Above 2 lines should be equal since Markov matrix has dominant state psig**2
The exception to this occurs when there is no sign problem, but some components of psig have the wrong sign, in which case one has 2 decoupled spaces with degenerate dominant eigenvalues

p_FN3=
   0.9945   0.0079   0.0176   0.0127   0.0153   0.0598   0.0402   0.0205   0.0063
   0.0022   0.9889   0.0000   0.0041   0.0080   0.0000   0.0160   0.0000   0.0163
   0.0014   0.0000   0.9805   0.0000   0.0000   0.0000   0.0000   0.0000   0.0107
   0.0010   0.0011   0.0000   0.9792   0.0033   0.0423   0.0024   0.0187   0.0060
   0.0006   0.0012   0.0000   0.0017   0.9706   0.0279   0.0000   0.0103   0.0066
   0.0000   0.0000   0.0000   0.0003   0.0004   0.8588   0.0000   0.0000   0.0003
   0.0001   0.0002   0.0000   0.0001   0.0000   0.0000   0.9412   0.0010   0.0000
   0.0001   0.0000   0.0000   0.0008   0.0008   0.0000   0.0010   0.9445   0.0017
   0.0001   0.0007   0.0017   0.0010   0.0020   0.0062   0.0000   0.0064   0.9535

eigenvalues of p_FN3=  0.858609  0.940646  0.943400  0.952493  0.970150  0.978790  0.979979  0.987631  1.000000
eigenvalues of h_FN3=  5.794291  1.692452  1.554772  1.100107  0.217251 -0.214728 -0.274205 -0.656788 -1.275240

eigenval_p,eigenval_h=  1.000000 -1.275219
psiFN3_psig  =   0.6687   0.1867   0.0516   0.0519   0.0276   0.0004   0.0022   0.0023   0.0086

p_FN4=
   0.9945   0.0079   0.0176   0.0127   0.0153   0.0598   0.0402   0.0205   0.0063
   0.0022   0.9889   0.0000   0.0041   0.0080   0.0000   0.0160   0.0000   0.0163
   0.0014   0.0000   0.9805   0.0000   0.0000   0.0000   0.0000   0.0000   0.0107
   0.0010   0.0011   0.0000   0.9791   0.0033   0.0423   0.0024   0.0187   0.0060
   0.0006   0.0012   0.0000   0.0017   0.9705   0.0279   0.0000   0.0103   0.0066
   0.0000   0.0000   0.0000   0.0004   0.0005   0.8588   0.0000   0.0000   0.0003
   0.0001   0.0002   0.0000   0.0001   0.0000   0.0000   0.9412   0.0010   0.0000
   0.0001   0.0000   0.0000   0.0008   0.0008   0.0000   0.0010   0.9445   0.0017
   0.0001   0.0007   0.0017   0.0010   0.0020   0.0062   0.0000   0.0064   0.9535

eigenvalues of p_FN4=  0.858581  0.940636  0.943371  0.952420  0.970095  0.978763  0.979962  0.987621  1.000000
eigenvalues of h_FN4=  5.795723  1.692941  1.556195  1.103771  0.220003 -0.213373 -0.273344 -0.656270 -1.275235

eigenval_p,eigenval_h=  1.000000 -1.275214
psiFN4_psig  =   0.6683   0.1867   0.0518   0.0518   0.0278   0.0004   0.0022   0.0023   0.0086

E_G, E_FN1, E_FN3, E_FN4, E_0, recover_FN1, recover_FN3, recover_FN4, 1-ovlp_FN1, 1-ovlp_FN3, 1-ovlp_FN4, sign_cond_num= -1.275177 -1.275221 -1.275219 -1.275214 -1.275242 0.676 0.653 0.569 5.E-07 5.E-07 5.E-07 0.941

p_propos2=
   0.9945   0.0079   0.0177   0.0127   0.0154   0.0678   0.0412   0.0208   0.0063
   0.0022   0.9889   0.0000   0.0041   0.0080   0.0000   0.0164   0.0000   0.0163
   0.0014   0.0000   0.9806   0.0000   0.0000   0.0000   0.0000   0.0000   0.0107
   0.0010   0.0011   0.0000   0.9792   0.0033   0.0480   0.0025   0.0190   0.0060
   0.0006   0.0012   0.0000   0.0017   0.9700   0.0316   0.0000   0.0105   0.0066
   0.0000   0.0000   0.0000   0.0004   0.0005   0.8456   0.0000   0.0000   0.0003
   0.0001   0.0002   0.0000   0.0001   0.0000   0.0000   0.9389   0.0010   0.0000
   0.0001   0.0000   0.0000   0.0008   0.0008   0.0000   0.0010   0.9422   0.0017
   0.0001   0.0007   0.0017   0.0010   0.0020   0.0070   0.0000   0.0065   0.9520

eigenvalues of p_FN1_propos=  0.845284  0.938349  0.941127  0.951044  0.969612  0.978787  0.980060  0.987665  1.000000
psi for p_FN1_propos=   0.6686   0.1871   0.0521   0.0519   0.0272   0.0004   0.0022   0.0022   0.0083
psig**2 * P_L       =   0.6686   0.1871   0.0521   0.0519   0.0272   0.0004   0.0022   0.0022   0.0083
Above 2 lines should be equal since proposal part of p_FN1 has dominant state psig**2 * P_L
The exception to this occurs when there is no sign problem, but some components of psig have the wrong sign, in which case one has 2 decoupled spaces with degenerate dominant eigenvalues

pp_FN1=
   1.9945   0.0079   0.0177   0.0127   0.0154   0.0675   0.0412   0.0208   0.0063
   0.0022   1.9889   0.0000   0.0041   0.0080   0.0000   0.0164   0.0000   0.0163
   0.0014   0.0000   1.9804   0.0000   0.0000   0.0000   0.0000   0.0000   0.0107
   0.0010   0.0011   0.0000   1.9791   0.0033   0.0478   0.0025   0.0190   0.0060
   0.0006   0.0012   0.0000   0.0017   1.9704   0.0315   0.0000   0.0105   0.0066
   0.0000   0.0000   0.0000   0.0004   0.0005   1.8413   0.0000   0.0000   0.0003
   0.0001   0.0002   0.0000   0.0001   0.0000   0.0000   1.9397   0.0010   0.0000
   0.0001   0.0000   0.0000   0.0008   0.0008   0.0000   0.0010   1.9436   0.0017
   0.0001   0.0007   0.0017   0.0010   0.0020   0.0070   0.0000   0.0065   1.9534

pp_FN1=
   2.9836   0.0235   0.0525   0.0380   0.0457   0.1924   0.1211   0.0617   0.0191
   0.0066   2.9667   0.0001   0.0122   0.0238   0.0007   0.0483   0.0003   0.0481
   0.0041   0.0000   2.9416   0.0000   0.0000   0.0002   0.0001   0.0001   0.0314
   0.0029   0.0034   0.0000   2.9379   0.0098   0.1349   0.0073   0.0557   0.0177
   0.0019   0.0035   0.0000   0.0052   2.9121   0.0886   0.0001   0.0307   0.0195
   0.0001   0.0000   0.0000   0.0010   0.0013   2.5491   0.0000   0.0000   0.0009
   0.0004   0.0006   0.0000   0.0003   0.0000   0.0000   2.8227   0.0029   0.0000
   0.0002   0.0000   0.0000   0.0024   0.0025   0.0001   0.0030   2.8341   0.0050
   0.0002   0.0021   0.0050   0.0028   0.0060   0.0197   0.0000   0.0190   2.8624

pp_FN1=
   3.9674   0.0468   0.1042   0.0755   0.0907   0.3665   0.2373   0.1218   0.0387
   0.0131   3.9338   0.0003   0.0243   0.0471   0.0027   0.0945   0.0013   0.0946
   0.0081   0.0001   3.8840   0.0001   0.0002   0.0006   0.0002   0.0004   0.0613
   0.0059   0.0067   0.0001   3.8767   0.0194   0.2544   0.0143   0.1087   0.0348
   0.0037   0.0069   0.0001   0.0102   3.8260   0.1667   0.0002   0.0598   0.0381
   0.0002   0.0000   0.0000   0.0019   0.0024   3.1447   0.0000   0.0001   0.0017
   0.0008   0.0011   0.0000   0.0006   0.0000   0.0001   3.6525   0.0057   0.0000
   0.0004   0.0000   0.0000   0.0046   0.0048   0.0003   0.0057   3.6744   0.0097
   0.0005   0.0042   0.0098   0.0056   0.0116   0.0370   0.0001   0.0367   3.7292

pp_FN1=
  13.5346   0.6844   1.4594   1.0783   1.2691   3.6877   2.9668   1.6378   0.6342
   0.1915  13.0451   0.0213   0.3475   0.6464   0.1612   1.1649   0.0946   1.2140
   0.1138   0.0059  12.3610   0.0088   0.0130   0.0381   0.0168   0.0274   0.7522
   0.0837   0.0964   0.0088  12.2672   0.2663   2.3051   0.1860   1.3054   0.4455
   0.0517   0.0941   0.0068   0.1398  11.6168   1.4665   0.0168   0.7059   0.4641
   0.0022   0.0003   0.0003   0.0175   0.0212   5.7462   0.0005   0.0029   0.0151
   0.0096   0.0135   0.0007   0.0078   0.0013   0.0030   9.6427   0.0596   0.0017
   0.0054   0.0011   0.0012   0.0552   0.0569   0.0160   0.0605   9.8749   0.1072
   0.0079   0.0540   0.1200   0.0714   0.1418   0.3189   0.0065   0.4064  10.4742

pp_FN1=
 699.9776 621.6948 653.1443 641.5988 653.8664 644.9297 674.3910 672.3636 652.8887
 173.9529 251.4216 164.9751 183.2090 194.3703 175.4946 194.9759 186.0900 204.7906
  50.9324  45.9779  99.4411  47.4431  48.6809  47.9045  49.2858  50.7736  59.9344
  49.7908  50.8133  47.2143  96.9856  55.4897  63.5744  52.1447  68.1078  57.6107
  26.6346  28.2965  25.4291  29.1262  61.3016  33.5133  27.2408  34.8664  32.7610
   0.3790   0.3686   0.3610   0.4814   0.4835   6.7208   0.3804   0.4445   0.4499
   2.1819   2.2545   2.0449   2.1740   2.1637   2.0943  18.7802   2.4959   2.2015
   2.2064   2.1824   2.1366   2.8799   2.8088   2.4818   2.5315  20.4020   3.0465
   8.1233   9.1064   9.5628   9.2365  10.0067   9.5257   8.4658  11.5511  30.8652
1st col normalized  0.965063  0.239830  0.070221  0.068647  0.036721  0.000523  0.003008  0.003042  0.011200
2nd col normalized  0.921351  0.372607  0.068139  0.075305  0.041935  0.000546  0.003341  0.003234  0.013496
3rd col normalized  0.956093  0.241496  0.145565  0.069114  0.037224  0.000528  0.002993  0.003128  0.013998
psiFN_psig          0.668735  0.186724  0.051617  0.051846  0.027659  0.000382  0.002194  0.002267  0.008575
W=       678.097218 189.338075  52.340081  52.572255  28.045884   0.387523   2.224772   2.299158   8.695035
W_der=     0.315799  -0.316853   0.017005   0.024000   0.013507  -0.000357   0.001125   0.000286   0.004214
W_der/W=   0.000466  -0.001673   0.000325   0.000457   0.000482  -0.000922   0.000506   0.000124   0.000485

gradient_vmc_FD, gradient_vmc=  0.002773  0.002773
E_L_der =         -0.2541   1.2068   0.1388  -0.4734  -0.9267  11.1198  -1.9013   0.9827  -1.8875
E_L_der_increm =  -0.2541   1.2068   0.1388  -0.4734  -0.9267  11.1198  -1.9013   0.9827  -1.8875
The above 2 lines should be equal
psiFN1_psig  =   0.6687   0.1867   0.0516   0.0518   0.0277   0.0004   0.0022   0.0023   0.0086
psig_increm**2=                 0.6686    0.1871    0.0521    0.0519    0.0272    0.0004    0.0022    0.0022    0.0083
