Input hamiltonian
hamiltonian=random                                                                          
Input ndim, E_T, tau
ndim, E_T, tau=    9-20.000000 0.020000
Input fraction_positive, off_diag_mag, psig_noise
fraction_positive, off_diag_mag,psig_noise= 0.500000 0.500000 0.200000
psig_correct_sign
psig_correct_sign= T
Input irand_seed
irand_seed=1425565376542456

Data set    1

h=
  -1.0000   0.0800   0.1401  -0.1696   0.0630   0.1789  -0.0366  -0.0928  -0.2290
   0.0800  -0.7500   0.0859   0.2028  -0.0542   0.1379   0.1569  -0.0799  -0.2353
   0.1401   0.0859  -0.5000   0.1165  -0.2461  -0.0961  -0.2234  -0.1402   0.2370
  -0.1696   0.2028   0.1165  -0.2500  -0.0711  -0.2226   0.0454   0.1250  -0.0263
   0.0630  -0.0542  -0.2461  -0.0711   0.0000  -0.0210   0.1375  -0.2232  -0.0393
   0.1789   0.1379  -0.0961  -0.2226  -0.0210   0.2500  -0.2276  -0.1955  -0.0772
  -0.0366   0.1569  -0.2234   0.0454   0.1375  -0.2276   0.5000  -0.2075  -0.1275
  -0.0928  -0.0799  -0.1402   0.1250  -0.2232  -0.1955  -0.2075   0.7500  -0.0525
  -0.2290  -0.2353   0.2370  -0.0263  -0.0393  -0.0772  -0.1275  -0.0525   1.0000

eigenval_p,eigenval_h=  1.000000 -1.153737
psi for p    =   0.8957  -0.1375  -0.3155   0.2159  -0.1095  -0.0884  -0.0127  -0.0197   0.1112

eigenvalues of p=  0.953835  0.957765  0.963171  0.973933  0.976522  0.982440  0.989117  0.995544  1.000000
eigenvalues of h=  1.154489  0.958038  0.687698  0.149593  0.020158 -0.275736 -0.609584 -0.930919 -1.153737
tau, tau_max= 0.020000 0.433233
p=
   0.9969  -0.0016  -0.0028   0.0034  -0.0013  -0.0036   0.0007   0.0019   0.0046
  -0.0016   0.9919  -0.0017  -0.0041   0.0011  -0.0028  -0.0031   0.0016   0.0047
  -0.0028  -0.0017   0.9869  -0.0023   0.0049   0.0019   0.0045   0.0028  -0.0047
   0.0034  -0.0041  -0.0023   0.9819   0.0014   0.0045  -0.0009  -0.0025   0.0005
  -0.0013   0.0011   0.0049   0.0014   0.9769   0.0004  -0.0028   0.0045   0.0008
  -0.0036  -0.0028   0.0019   0.0045   0.0004   0.9719   0.0046   0.0039   0.0015
   0.0007  -0.0031   0.0045  -0.0009  -0.0028   0.0046   0.9669   0.0041   0.0026
   0.0019   0.0016   0.0028  -0.0025   0.0045   0.0039   0.0041   0.9619   0.0011
   0.0046   0.0047  -0.0047   0.0005   0.0008   0.0015   0.0026   0.0011   0.9569

sum_p_eig,sum_abs_p_eig,sign_condition_number=  1.905979  1.922966  0.641680

p after making eigenvec +ve =
   0.9969   0.0016   0.0028   0.0034   0.0013   0.0036  -0.0007  -0.0019   0.0046
   0.0016   0.9919  -0.0017   0.0041   0.0011  -0.0028  -0.0031   0.0016  -0.0047
   0.0028  -0.0017   0.9869   0.0023   0.0049   0.0019   0.0045   0.0028   0.0047
   0.0034   0.0041   0.0023   0.9819  -0.0014  -0.0045   0.0009   0.0025   0.0005
   0.0013   0.0011   0.0049  -0.0014   0.9769   0.0004  -0.0028   0.0045  -0.0008
   0.0036  -0.0028   0.0019  -0.0045   0.0004   0.9719   0.0046   0.0039  -0.0015
  -0.0007  -0.0031   0.0045   0.0009  -0.0028   0.0046   0.9669   0.0041  -0.0026
  -0.0019   0.0016   0.0028   0.0025   0.0045   0.0039   0.0041   0.9619  -0.0011
   0.0046  -0.0047   0.0047   0.0005  -0.0008  -0.0015  -0.0026  -0.0011   0.9569

1+(E_0*1-H) (i.e. p with tau=1) after making eigenvec +ve =
   0.8463  -0.0800  -0.1401  -0.1696  -0.0630  -0.1789   0.0366   0.0928  -0.2290
  -0.0800   0.5963   0.0859  -0.2028  -0.0542   0.1379   0.1569  -0.0799   0.2353
  -0.1401   0.0859   0.3463  -0.1165  -0.2461  -0.0961  -0.2234  -0.1402  -0.2370
  -0.1696  -0.2028  -0.1165   0.0963   0.0711   0.2226  -0.0454  -0.1250  -0.0263
  -0.0630  -0.0542  -0.2461   0.0711  -0.1537  -0.0210   0.1375  -0.2232   0.0393
  -0.1789   0.1379  -0.0961   0.2226  -0.0210  -0.4037  -0.2276  -0.1955   0.0772
   0.0366   0.1569  -0.2234  -0.0454   0.1375  -0.2276  -0.6537  -0.2075   0.1275
   0.0928  -0.0799  -0.1402  -0.1250  -0.2232  -0.1955  -0.2075  -0.9037   0.0525
  -0.2290   0.2353  -0.2370  -0.0263   0.0393   0.0772   0.1275   0.0525  -1.1537
psi0         =   0.8957   0.1375   0.3155   0.2159   0.1095   0.0884   0.0127   0.0197   0.1112
psig         =   0.8497   0.2024   0.3495   0.2064   0.1758   0.1022   0.0804   0.0860   0.1307

E_G= -1.131880

h_imp=
  -1.0000  -0.3357  -0.3407  -0.6985  -0.3046  -1.4875   0.3864   0.9170  -1.4884
  -0.0191  -0.7500   0.0498  -0.1989  -0.0624   0.2730   0.3950  -0.1880   0.3643
  -0.0576   0.1483  -0.5000  -0.1973  -0.4893  -0.3286  -0.9710  -0.5697  -0.6336
  -0.0412  -0.2068  -0.0688  -0.2500   0.0834   0.4495  -0.1166  -0.2999  -0.0416
  -0.0130  -0.0471  -0.1238   0.0606   0.0000  -0.0362   0.3007  -0.4562   0.0528
  -0.0215   0.0696  -0.0281   0.1103  -0.0122   0.2500  -0.2893  -0.2324   0.0604
   0.0035   0.0623  -0.0514  -0.0177   0.0629  -0.1790   0.5000  -0.1939   0.0784
   0.0094  -0.0339  -0.0345  -0.0521  -0.1092  -0.1645  -0.2219   0.7500   0.0346
  -0.0352   0.1519  -0.0886  -0.0167   0.0292   0.0988   0.2073   0.0799   1.0000

p_imp=
   0.9969   0.0067   0.0068   0.0140   0.0061   0.0298  -0.0077  -0.0183   0.0298
   0.0004   0.9919  -0.0010   0.0040   0.0012  -0.0055  -0.0079   0.0038  -0.0073
   0.0012  -0.0030   0.9869   0.0039   0.0098   0.0066   0.0194   0.0114   0.0127
   0.0008   0.0041   0.0014   0.9819  -0.0017  -0.0090   0.0023   0.0060   0.0008
   0.0003   0.0009   0.0025  -0.0012   0.9769   0.0007  -0.0060   0.0091  -0.0011
   0.0004  -0.0014   0.0006  -0.0022   0.0002   0.9719   0.0058   0.0046  -0.0012
  -0.0001  -0.0012   0.0010   0.0004  -0.0013   0.0036   0.9669   0.0039  -0.0016
  -0.0002   0.0007   0.0007   0.0010   0.0022   0.0033   0.0044   0.9619  -0.0007
   0.0007  -0.0030   0.0018   0.0003  -0.0006  -0.0020  -0.0041  -0.0016   0.9569
tau_av_expon_proj    = 4.986903 0.947243 1.272604 0.739649 0.867150 0.331454 0.346231 0.340484 0.363087
tau_av_expon_proj_new= 6.504622 2.476861 1.529668 1.106517 0.866749 0.712384 0.604691 0.525283 0.464309
factor=                1.262797 1.854403 1.182998 1.393129 0.999537 1.706979 1.533304 1.421637 1.243594
factor2=                 1.3043   2.6148   1.2020   1.4960   0.9995   2.1493   1.7465   1.5428   1.2788

eigenvalues of p_imp=  0.953835  0.957765  0.963171  0.973933  0.976522  0.982440  0.989117  0.995544  1.000000
eigenvalues of h_imp=  1.154489  0.958038  0.687698  0.149593  0.020158 -0.275736 -0.609584 -0.930919 -1.153737

eigenval_p,eigenval_h=  1.000000 -1.153737
psi0_psig    =   0.7694   0.0281   0.1115   0.0450   0.0195   0.0091   0.0010   0.0017   0.0147

imp-sampled: sum_p_eig,sum_abs_p_eig,sign_condition_number=  1.000000  1.002316  0.890750

p_FN1=
   0.9967   0.0067   0.0068   0.0140   0.0061   0.0298   0.0000   0.0000   0.0298
   0.0004   0.9833   0.0000   0.0040   0.0012   0.0000   0.0000   0.0038   0.0000
   0.0012   0.0000   0.9859   0.0039   0.0098   0.0066   0.0194   0.0114   0.0127
   0.0008   0.0041   0.0014   0.9785   0.0000   0.0000   0.0023   0.0060   0.0008
   0.0003   0.0009   0.0025   0.0000   0.9734   0.0007   0.0000   0.0091   0.0000
   0.0004   0.0000   0.0006   0.0000   0.0002   0.9555   0.0058   0.0046   0.0000
   0.0000   0.0000   0.0010   0.0004   0.0000   0.0036   0.9411   0.0039   0.0000
   0.0000   0.0007   0.0007   0.0010   0.0022   0.0033   0.0044   0.9420   0.0000
   0.0007   0.0000   0.0018   0.0003   0.0000   0.0000   0.0000   0.0000   0.9451

eigenvalues of p_FN1=  0.936998  0.942166  0.944215  0.957585  0.971873  0.976094  0.984904  0.987824  0.999883
eigenvalues of h_FN1=  1.996348  1.737972  1.635514  0.967016  0.252600  0.041564 -0.398936 -0.544942 -1.147888

eigenval_p,eigenval_h=  0.999883 -1.147888
psiFN1_psig =    0.7583   0.0306   0.1148   0.0446   0.0210   0.0098   0.0031   0.0041   0.0137

E_0, E_G, E_FN1, E_G-E_0, E_FN1-E_0, rms fluctuation of E_L  -1.15374  -1.13188  -1.14789   0.02186   0.00585   0.13794
E_L     =  -1.1748  -0.9413  -1.1863  -1.2603  -0.8021  -1.1245   0.1906  -0.1933  -0.5730
p_L     =   1.0005   0.9959   1.0008   1.0022   0.9931   0.9995   0.9732   0.9809   0.9885
p_abs_L =   1.0007   1.0044   1.0016   1.0055   0.9965   1.0158   0.9989   1.0007   1.0002

p_propos=
   0.9962   0.0067   0.0068   0.0139   0.0061   0.0293   0.0000   0.0000   0.0298
   0.0004   0.9876   0.0000   0.0040   0.0013   0.0000   0.0000   0.0038   0.0000
   0.0012   0.0000   0.9853   0.0039   0.0098   0.0065   0.0194   0.0114   0.0127
   0.0008   0.0041   0.0014   0.9765   0.0000   0.0000   0.0023   0.0060   0.0008
   0.0003   0.0009   0.0025   0.0000   0.9804   0.0007   0.0000   0.0091   0.0000
   0.0004   0.0000   0.0006   0.0000   0.0002   0.9568   0.0058   0.0046   0.0000
   0.0000   0.0000   0.0010   0.0004   0.0000   0.0035   0.9680   0.0039   0.0000
   0.0000   0.0007   0.0007   0.0010   0.0022   0.0032   0.0044   0.9612   0.0000
   0.0007   0.0000   0.0018   0.0003   0.0000   0.0000   0.0000   0.0000   0.9567
psig**2=         0.7220   0.0410   0.1221   0.0426   0.0309   0.0104   0.0065   0.0074   0.0171
psig**2 * P_L=   0.7224   0.0408   0.1222   0.0427   0.0307   0.0104   0.0063   0.0073   0.0169
psiFN_psig=      0.7583   0.0306   0.1148   0.0446   0.0210   0.0098   0.0031   0.0041   0.0137
p_L=             1.0005   0.9959   1.0008   1.0022   0.9931   0.9995   0.9732   0.9809   0.9885
W_prod=          1.0499   0.7465   0.9396   1.0463   0.6787   0.9344   0.4862   0.5564   0.8039

p_markov=
   0.9963   0.0067   0.0068   0.0139   0.0061   0.0293   0.0000   0.0000   0.0297
   0.0004   0.9876   0.0000   0.0040   0.0012   0.0000   0.0000   0.0037   0.0000
   0.0012   0.0000   0.9853   0.0039   0.0098   0.0065   0.0194   0.0114   0.0127
   0.0008   0.0041   0.0014   0.9765   0.0000   0.0000   0.0023   0.0060   0.0008
   0.0003   0.0009   0.0025   0.0000   0.9805   0.0007   0.0000   0.0091   0.0000
   0.0004   0.0000   0.0006   0.0000   0.0002   0.9568   0.0057   0.0046   0.0000
   0.0000   0.0000   0.0010   0.0004   0.0000   0.0035   0.9682   0.0039   0.0000
   0.0000   0.0007   0.0007   0.0010   0.0022   0.0032   0.0044   0.9613   0.0000
   0.0007   0.0000   0.0018   0.0003   0.0000   0.0000   0.0000   0.0000   0.9568

eigenvalues of p_markov=  0.953765  0.955584  0.958973  0.970196  0.974531  0.978633  0.988243  0.989280  1.000000
eigenvalues of h_markov=  1.158009  1.067071  0.897627  0.336445  0.119704 -0.085370 -0.565888 -0.617748 -1.153737

eigenval_p,eigenval_h=  1.000000 -1.147888
psi for p_mar=   0.7220   0.0410   0.1221   0.0426   0.0309   0.0104   0.0065   0.0074   0.0171
psig**2      =   0.7220   0.0410   0.1221   0.0426   0.0309   0.0104   0.0065   0.0074   0.0171
Above 2 lines should be equal since Markov matrix has dominant state psig**2
The exception to this occurs when there is no sign problem, but some components of psig have the wrong sign, in which case one has 2 decoupled spaces with degenerate dominant eigenvalues

p_FN3=
   0.9968   0.0067   0.0068   0.0139   0.0060   0.0293   0.0000   0.0000   0.0294
   0.0004   0.9835   0.0000   0.0040   0.0012   0.0000   0.0000   0.0037   0.0000
   0.0012   0.0000   0.9861   0.0039   0.0097   0.0065   0.0189   0.0112   0.0125
   0.0008   0.0041   0.0014   0.9787   0.0000   0.0000   0.0023   0.0059   0.0008
   0.0003   0.0009   0.0025   0.0000   0.9737   0.0007   0.0000   0.0089   0.0000
   0.0004   0.0000   0.0006   0.0000   0.0002   0.9563   0.0055   0.0045   0.0000
   0.0000   0.0000   0.0010   0.0004   0.0000   0.0035   0.9422   0.0038   0.0000
   0.0000   0.0007   0.0007   0.0010   0.0022   0.0032   0.0043   0.9430   0.0000
   0.0007   0.0000   0.0018   0.0003   0.0000   0.0000   0.0000   0.0000   0.9458

eigenvalues of p_FN3=  0.938161  0.943214  0.944885  0.958319  0.972154  0.976318  0.985106  0.987962  0.999996
eigenvalues of h_FN3=  1.938203  1.685580  1.602028  0.930316  0.238557  0.030346 -0.409048 -0.551852 -1.153525

eigenval_p,eigenval_h=  0.999996 -1.147675
psiFN3_psig  =   0.7583   0.0307   0.1146   0.0445   0.0211   0.0098   0.0032   0.0042   0.0139

p_FN4=
   0.9968   0.0067   0.0068   0.0139   0.0061   0.0293   0.0000   0.0000   0.0294
   0.0004   0.9835   0.0000   0.0040   0.0012   0.0000   0.0000   0.0037   0.0000
   0.0012   0.0000   0.9861   0.0039   0.0098   0.0065   0.0189   0.0112   0.0125
   0.0008   0.0041   0.0014   0.9787   0.0000   0.0000   0.0023   0.0059   0.0008
   0.0003   0.0009   0.0025   0.0000   0.9736   0.0007   0.0000   0.0089   0.0000
   0.0004   0.0000   0.0006   0.0000   0.0002   0.9563   0.0056   0.0046   0.0000
   0.0000   0.0000   0.0010   0.0004   0.0000   0.0035   0.9421   0.0038   0.0000
   0.0000   0.0007   0.0007   0.0010   0.0022   0.0032   0.0043   0.9429   0.0000
   0.0007   0.0000   0.0018   0.0003   0.0000   0.0000   0.0000   0.0000   0.9457

eigenvalues of p_FN4=  0.938009  0.943067  0.944845  0.958323  0.972063  0.976308  0.985101  0.987947  0.999996
eigenvalues of h_FN4=  1.945792  1.692925  1.604023  0.930102  0.243109  0.030855 -0.408800 -0.551102 -1.153531

eigenval_p,eigenval_h=  0.999996 -1.147681
psiFN4_psig  =   0.7578   0.0308   0.1147   0.0447   0.0210   0.0099   0.0032   0.0042   0.0139

E_G, E_FN1, E_FN3, E_FN4, E_0, recover_FN1, recover_FN3, recover_FN4, 1-ovlp_FN1, 1-ovlp_FN3, 1-ovlp_FN4, sign_cond_num= -1.131880 -1.147888 -1.147675 -1.147681 -1.153737 0.732 0.723 0.723 4.E-05 4.E-05 4.E-05 0.891

p_propos2=
   0.9962   0.0067   0.0068   0.0139   0.0061   0.0298   0.0000   0.0000   0.0301
   0.0004   0.9875   0.0000   0.0040   0.0013   0.0000   0.0000   0.0038   0.0000
   0.0012   0.0000   0.9853   0.0039   0.0099   0.0066   0.0200   0.0116   0.0128
   0.0008   0.0042   0.0014   0.9764   0.0000   0.0000   0.0024   0.0061   0.0008
   0.0003   0.0009   0.0025   0.0000   0.9803   0.0007   0.0000   0.0093   0.0000
   0.0004   0.0000   0.0006   0.0000   0.0002   0.9561   0.0059   0.0047   0.0000
   0.0000   0.0000   0.0010   0.0004   0.0000   0.0036   0.9671   0.0040   0.0000
   0.0000   0.0007   0.0007   0.0010   0.0022   0.0033   0.0046   0.9604   0.0000
   0.0007   0.0000   0.0018   0.0003   0.0000   0.0000   0.0000   0.0000   0.9562

eigenvalues of p_FN1_propos=  0.952923  0.955024  0.957987  0.969446  0.974419  0.978467  0.988150  0.989217  1.000000
psi for p_FN1_propos=   0.7226   0.0408   0.1223   0.0427   0.0307   0.0104   0.0063   0.0073   0.0169
psig**2 * P_L       =   0.7226   0.0408   0.1223   0.0427   0.0307   0.0104   0.0063   0.0073   0.0169
Above 2 lines should be equal since proposal part of p_FN1 has dominant state psig**2 * P_L
The exception to this occurs when there is no sign problem, but some components of psig have the wrong sign, in which case one has 2 decoupled spaces with degenerate dominant eigenvalues

pp_FN1=
 814.1172 524.3046 651.6140 746.8067 472.0949 689.7742 336.2244 385.0208 593.7395
  29.7406  82.9158  26.2391  39.8325  21.6519  26.2272  14.1782  20.8632  22.4025
 110.2002  78.2307 174.0880 119.9423  98.1869 111.1422  78.4439  80.3694 100.3524
  44.0525  41.4178  41.8348  91.1954  29.2178  39.3128  23.1888  29.2778  34.3696
  20.1968  16.3302  24.8409  21.1909  53.5944  20.0401  12.2876  18.8310  16.7462
   9.9806   6.6901   9.5090   9.6432   6.7776  31.6522   7.1201   7.3018   7.6314
   3.0066   2.2352   4.1494   3.5160   2.5688   4.4023  19.1955   3.3416   2.6026
   3.9407   3.7649   4.8650   5.0810   4.5058   5.1663   3.8241  20.3445   3.2857
  14.0472   9.3437  14.0389  13.7849   9.2606  12.4780   6.8848   7.5945  29.1540
1st col normalized  0.988363  0.036106  0.133787  0.053481  0.024519  0.012117  0.003650  0.004784  0.017054
2nd col normalized  0.973569  0.153964  0.145265  0.076908  0.030323  0.012423  0.004151  0.006991  0.017350
3rd col normalized  0.962542  0.038759  0.257157  0.061797  0.036694  0.014046  0.006129  0.007186  0.020738
psiFN_psig          0.758293  0.030597  0.114782  0.044578  0.020983  0.009766  0.003144  0.004117  0.013741
W=       768.908620  31.025212 116.388654  45.201798  21.277203   9.902878   3.188073   4.174214  13.933350
W_der=     0.712565  -0.001169   0.048126   0.070527   0.017088   0.001815  -0.000563   0.003819   0.001800
W_der/W=   0.000927  -0.000038   0.000413   0.001560   0.000803   0.000183  -0.000176   0.000915   0.000129

gradient_vmc_FD, gradient_vmc=  0.077138  0.077138
E_L_der =         -0.0941   0.9453   0.2458  -0.9827  -0.3084   1.3486   1.9514  -0.9287   1.8000
E_L_der_increm =  -0.0941   0.9453   0.2458  -0.9827  -0.3084   1.3486   1.9514  -0.9287   1.8000
The above 2 lines should be equal
psiFN1_psig  =   0.7583   0.0306   0.1148   0.0446   0.0210   0.0098   0.0031   0.0041   0.0137
psig_increm**2=                 0.7220    0.0410    0.1221    0.0426    0.0309    0.0104    0.0065    0.0074    0.0171
psig_increm**2 * P_L_increm=    0.7224    0.0408    0.1222    0.0427    0.0307    0.0104    0.0063    0.0073    0.0169
psiFN_psig_increm=              0.7583    0.0306    0.1148    0.0446    0.0210    0.0098    0.0031    0.0041    0.0137
W_prod_increm                   1.0499    0.7465    0.9396    1.0463    0.6787    0.9344    0.4862    0.5564    0.8039
W_prod                          1.0499    0.7465    0.9396    1.0463    0.6787    0.9344    0.4862    0.5564    0.8039
W_prod_increm                  1.049910522   0.746525368   0.939599761   1.046332449   0.678723453   0.934408814   0.486215009   0.556370185   0.803915609
W_prod                         1.049910497   0.746525519   0.939599783   1.046332396   0.678723445   0.934408859   0.486215050   0.556370175   0.803915652
W_prod_der=                     0.2483   -1.5148   -0.2231    0.5296    0.0882   -0.4530   -0.4104    0.1046   -0.4333

E_FN1, E_FN1_increm, gradient_FN1_FD, gradient_FN1= -1.147888 -1.147888  0.012766  0.038129

E_FN1, E_FN1_increm, gradient_FN1_FD, gradient_FN1= -1.147888 -1.147888  0.012766  0.012766

gradient_FN1_FD, gradient_FN1, 1st+2*2nd terms, gradient_FN1_1, gradient_FN1_2, gradient_FN1_3=  0.012766  0.012766  0.013854  0.062444 -0.025383 -0.024295
------------------------------------------------------------

Data set    2

h=
  -1.0000   0.2078   0.2465  -0.1774   0.1550   0.0818   0.1172   0.0597   0.0351
   0.2078  -0.7500   0.0317   0.1078  -0.1529   0.2204  -0.0884   0.0460  -0.1722
   0.2465   0.0317  -0.5000  -0.0188   0.1205   0.0786   0.1065   0.0542  -0.2134
  -0.1774   0.1078  -0.0188  -0.2500   0.1196   0.2078   0.0252   0.1955   0.1204
   0.1550  -0.1529   0.1205   0.1196   0.0000  -0.1889   0.1373  -0.1491  -0.1836
   0.0818   0.2204   0.0786   0.2078  -0.1889   0.2500   0.0471   0.2473  -0.0761
   0.1172  -0.0884   0.1065   0.0252   0.1373   0.0471   0.5000  -0.0512   0.1073
   0.0597   0.0460   0.0542   0.1955  -0.1491   0.2473  -0.0512   0.7500  -0.1677
   0.0351  -0.1722  -0.2134   0.1204  -0.1836  -0.0761   0.1073  -0.1677   1.0000

eigenval_p,eigenval_h=  1.000000 -1.275242
psi for p    =   0.8174  -0.4330  -0.2248   0.2275  -0.1681  -0.0167  -0.0476  -0.0495  -0.0940

eigenvalues of p=  0.950560  0.956825  0.962966  0.969652  0.974931  0.980377  0.985440  0.989706  1.000000
eigenvalues of h=  1.196769  0.883489  0.576467  0.242178 -0.021770 -0.294090 -0.547235 -0.760567 -1.275242
tau, tau_max= 0.020000 0.404529
p=
   0.9945  -0.0042  -0.0049   0.0035  -0.0031  -0.0016  -0.0023  -0.0012  -0.0007
  -0.0042   0.9895  -0.0006  -0.0022   0.0031  -0.0044   0.0018  -0.0009   0.0034
  -0.0049  -0.0006   0.9845   0.0004  -0.0024  -0.0016  -0.0021  -0.0011   0.0043
   0.0035  -0.0022   0.0004   0.9795  -0.0024  -0.0042  -0.0005  -0.0039  -0.0024
  -0.0031   0.0031  -0.0024  -0.0024   0.9745   0.0038  -0.0027   0.0030   0.0037
  -0.0016  -0.0044  -0.0016  -0.0042   0.0038   0.9695  -0.0009  -0.0049   0.0015
  -0.0023   0.0018  -0.0021  -0.0005  -0.0027  -0.0009   0.9645   0.0010  -0.0021
  -0.0012  -0.0009  -0.0011  -0.0039   0.0030  -0.0049   0.0010   0.9595   0.0034
  -0.0007   0.0034   0.0043  -0.0024   0.0037   0.0015  -0.0021   0.0034   0.9545

sum_p_eig,sum_abs_p_eig,sign_condition_number=  2.078525  2.091526  0.732144

p after making eigenvec +ve =
   0.9945   0.0042   0.0049   0.0035   0.0031   0.0016   0.0023   0.0012   0.0007
   0.0042   0.9895  -0.0006   0.0022   0.0031  -0.0044   0.0018  -0.0009   0.0034
   0.0049  -0.0006   0.9845  -0.0004  -0.0024  -0.0016  -0.0021  -0.0011   0.0043
   0.0035   0.0022  -0.0004   0.9795   0.0024   0.0042   0.0005   0.0039   0.0024
   0.0031   0.0031  -0.0024   0.0024   0.9745   0.0038  -0.0027   0.0030   0.0037
   0.0016  -0.0044  -0.0016   0.0042   0.0038   0.9695  -0.0009  -0.0049   0.0015
   0.0023   0.0018  -0.0021   0.0005  -0.0027  -0.0009   0.9645   0.0010  -0.0021
   0.0012  -0.0009  -0.0011   0.0039   0.0030  -0.0049   0.0010   0.9595   0.0034
   0.0007   0.0034   0.0043   0.0024   0.0037   0.0015  -0.0021   0.0034   0.9545

1+(E_0*1-H) (i.e. p with tau=1) after making eigenvec +ve =
   0.7248  -0.2078  -0.2465  -0.1774  -0.1550  -0.0818  -0.1172  -0.0597  -0.0351
  -0.2078   0.4748   0.0317  -0.1078  -0.1529   0.2204  -0.0884   0.0460  -0.1722
  -0.2465   0.0317   0.2248   0.0188   0.1205   0.0786   0.1065   0.0542  -0.2134
  -0.1774  -0.1078   0.0188  -0.0252  -0.1196  -0.2078  -0.0252  -0.1955  -0.1204
  -0.1550  -0.1529   0.1205  -0.1196  -0.2752  -0.1889   0.1373  -0.1491  -0.1836
  -0.0818   0.2204   0.0786  -0.2078  -0.1889  -0.5252   0.0471   0.2473  -0.0761
  -0.1172  -0.0884   0.1065  -0.0252   0.1373   0.0471  -0.7752  -0.0512   0.1073
  -0.0597   0.0460   0.0542  -0.1955  -0.1491   0.2473  -0.0512  -1.0252  -0.1677
  -0.0351  -0.1722  -0.2134  -0.1204  -0.1836  -0.0761   0.1073  -0.1677  -1.2752
psi0         =   0.8174   0.4330   0.2248   0.2275   0.1681   0.0167   0.0476   0.0495   0.0940
psig         =   0.7975   0.4125   0.2799   0.2262   0.1837   0.0716   0.0560   0.0854   0.1226

E_G= -1.262361

h_imp=
  -1.0000  -0.4018  -0.7026  -0.6254  -0.6730  -0.9110  -1.6708  -0.5574  -0.2285
  -0.1075  -0.7500   0.0467  -0.1966  -0.3434   1.2703  -0.6519   0.2224  -0.5792
  -0.0865   0.0215  -0.5000   0.0232   0.1835   0.3072   0.5326   0.1778  -0.4871
  -0.0503  -0.0591   0.0152  -0.2500  -0.1473  -0.6567  -0.1019  -0.5181  -0.2221
  -0.0357  -0.0681   0.0791  -0.0971   0.0000  -0.4848   0.4509  -0.3209  -0.2751
  -0.0073   0.0382   0.0201  -0.0657  -0.0736   0.2500   0.0602   0.2073  -0.0444
  -0.0082  -0.0120   0.0213  -0.0062   0.0418   0.0368   0.5000  -0.0336   0.0490
  -0.0064   0.0095   0.0165  -0.0738  -0.0693   0.2949  -0.0781   0.7500  -0.1167
  -0.0054  -0.0512  -0.0935  -0.0652  -0.1226  -0.1304   0.2350  -0.2408   1.0000

p_imp=
   0.9945   0.0080   0.0141   0.0125   0.0135   0.0182   0.0334   0.0111   0.0046
   0.0021   0.9895  -0.0009   0.0039   0.0069  -0.0254   0.0130  -0.0044   0.0116
   0.0017  -0.0004   0.9845  -0.0005  -0.0037  -0.0061  -0.0107  -0.0036   0.0097
   0.0010   0.0012  -0.0003   0.9795   0.0029   0.0131   0.0020   0.0104   0.0044
   0.0007   0.0014  -0.0016   0.0019   0.9745   0.0097  -0.0090   0.0064   0.0055
   0.0001  -0.0008  -0.0004   0.0013   0.0015   0.9695  -0.0012  -0.0041   0.0009
   0.0002   0.0002  -0.0004   0.0001  -0.0008  -0.0007   0.9645   0.0007  -0.0010
   0.0001  -0.0002  -0.0003   0.0015   0.0014  -0.0059   0.0016   0.9595   0.0023
   0.0001   0.0010   0.0019   0.0013   0.0025   0.0026  -0.0047   0.0048   0.9545
tau_av_expon_proj    = 3.253618 1.511904 1.005106 0.867035 0.604411 0.244363 0.264447 0.438917 0.499438
tau_av_expon_proj_new= 3.633167 1.903884 1.289920 0.975379 0.784165 0.655634 0.563303 0.493768 0.439514
factor=                1.110120 1.228612 1.247074 1.117484 1.257630 1.872523 1.699855 1.117491 0.872544
factor2=                 1.1167   1.2593   1.2834   1.1250   1.2974   2.6830   2.1301   1.1250   0.8800

eigenvalues of p_imp=  0.950560  0.956825  0.962966  0.969652  0.974931  0.980377  0.985440  0.989706  1.000000
eigenvalues of h_imp=  1.196769  0.883489  0.576467  0.242178 -0.021770 -0.294090 -0.547235 -0.760567 -1.275242

eigenval_p,eigenval_h=  1.000000 -1.275242
psi0_psig    =   0.6550   0.1794   0.0632   0.0517   0.0310   0.0012   0.0027   0.0042   0.0116

imp-sampled: sum_p_eig,sum_abs_p_eig,sign_condition_number=  1.000000  1.001682  0.919412

p_FN1=
   0.9945   0.0080   0.0141   0.0125   0.0135   0.0182   0.0334   0.0111   0.0046
   0.0021   0.9881   0.0000   0.0039   0.0069   0.0000   0.0130   0.0000   0.0116
   0.0017   0.0000   0.9805   0.0000   0.0000   0.0000   0.0000   0.0000   0.0097
   0.0010   0.0012   0.0000   0.9790   0.0029   0.0131   0.0020   0.0104   0.0044
   0.0007   0.0014   0.0000   0.0019   0.9700   0.0097   0.0000   0.0064   0.0055
   0.0001   0.0000   0.0000   0.0013   0.0015   0.9313   0.0000   0.0000   0.0009
   0.0002   0.0002   0.0000   0.0001   0.0000   0.0000   0.9389   0.0007   0.0000
   0.0001   0.0000   0.0000   0.0015   0.0014   0.0000   0.0016   0.9473   0.0023
   0.0001   0.0010   0.0019   0.0013   0.0025   0.0026   0.0000   0.0048   0.9535

eigenvalues of p_FN1=  0.930524  0.938633  0.945663  0.952712  0.969754  0.978873  0.980057  0.987070  0.999945
eigenvalues of h_FN1=  2.198559  1.793087  1.441629  1.089148  0.237040 -0.218873 -0.278092 -0.628752 -1.272488

eigenval_p,eigenval_h=  0.999945 -1.272488
psiFN1_psig =    0.6600   0.1697   0.0646   0.0527   0.0310   0.0032   0.0026   0.0045   0.0116

E_0, E_G, E_FN1, E_G-E_0, E_FN1-E_0, rms fluctuation of E_L  -1.27524  -1.26236  -1.27249   0.01288   0.00275   0.12187
E_L     =  -1.3074  -1.2729  -1.0972  -1.3569  -1.2038  -0.0237  -0.7240  -0.3133  -0.9043
p_L     =   1.0007   1.0000   0.9965   1.0017   0.9986   0.9750   0.9890   0.9808   0.9926
p_abs_L =   1.0006   1.0013   1.0004   1.0021   1.0031   1.0132   1.0145   0.9929   0.9936

p_propos=
   0.9939   0.0080   0.0140   0.0125   0.0134   0.0180   0.0329   0.0112   0.0046
   0.0021   0.9882   0.0000   0.0039   0.0068   0.0000   0.0129   0.0000   0.0117
   0.0017   0.0000   0.9841   0.0000   0.0000   0.0000   0.0000   0.0000   0.0098
   0.0010   0.0012   0.0000   0.9774   0.0029   0.0130   0.0020   0.0104   0.0045
   0.0007   0.0014   0.0000   0.0019   0.9715   0.0096   0.0000   0.0065   0.0055
   0.0001   0.0000   0.0000   0.0013   0.0015   0.9569   0.0000   0.0000   0.0009
   0.0002   0.0002   0.0000   0.0001   0.0000   0.0000   0.9507   0.0007   0.0000
   0.0001   0.0000   0.0000   0.0015   0.0014   0.0000   0.0015   0.9663   0.0024
   0.0001   0.0010   0.0019   0.0013   0.0024   0.0026   0.0000   0.0049   0.9607
psig**2=         0.6360   0.1702   0.0783   0.0512   0.0337   0.0051   0.0031   0.0073   0.0150
psig**2 * P_L=   0.6365   0.1702   0.0780   0.0513   0.0337   0.0050   0.0031   0.0071   0.0149
psiFN_psig=      0.6600   0.1697   0.0646   0.0527   0.0310   0.0032   0.0026   0.0045   0.0116
p_L=             1.0007   1.0000   0.9965   1.0017   0.9986   0.9750   0.9890   0.9808   0.9926
W_prod=          1.0375   0.9969   0.8249   1.0297   0.9189   0.6317   0.8313   0.6164   0.7745

p_markov=
   0.9939   0.0080   0.0140   0.0125   0.0134   0.0180   0.0329   0.0111   0.0046
   0.0021   0.9882   0.0000   0.0039   0.0068   0.0000   0.0129   0.0000   0.0116
   0.0017   0.0000   0.9841   0.0000   0.0000   0.0000   0.0000   0.0000   0.0097
   0.0010   0.0012   0.0000   0.9775   0.0029   0.0130   0.0020   0.0103   0.0044
   0.0007   0.0014   0.0000   0.0019   0.9715   0.0096   0.0000   0.0064   0.0055
   0.0001   0.0000   0.0000   0.0013   0.0015   0.9569   0.0000   0.0000   0.0009
   0.0002   0.0002   0.0000   0.0001   0.0000   0.0000   0.9507   0.0007   0.0000
   0.0001   0.0000   0.0000   0.0015   0.0014   0.0000   0.0015   0.9666   0.0024
   0.0001   0.0010   0.0019   0.0013   0.0024   0.0026   0.0000   0.0048   0.9610

eigenvalues of p_markov=  0.950401  0.955123  0.958249  0.965350  0.971404  0.979699  0.982560  0.987488  1.000000
eigenvalues of h_markov=  1.204691  0.968585  0.812304  0.457252  0.154544 -0.260217 -0.403261 -0.649657 -1.275242

eigenval_p,eigenval_h=  1.000000 -1.272488
psi for p_mar=   0.6360   0.1702   0.0783   0.0512   0.0337   0.0051   0.0031   0.0073   0.0150
psig**2      =   0.6360   0.1702   0.0783   0.0512   0.0337   0.0051   0.0031   0.0073   0.0150
Above 2 lines should be equal since Markov matrix has dominant state psig**2
The exception to this occurs when there is no sign problem, but some components of psig have the wrong sign, in which case one has 2 decoupled spaces with degenerate dominant eigenvalues

p_FN3=
   0.9946   0.0080   0.0140   0.0125   0.0134   0.0175   0.0326   0.0109   0.0045
   0.0021   0.9882   0.0000   0.0039   0.0068   0.0000   0.0127   0.0000   0.0115
   0.0017   0.0000   0.9806   0.0000   0.0000   0.0000   0.0000   0.0000   0.0097
   0.0010   0.0012   0.0000   0.9791   0.0029   0.0126   0.0020   0.0101   0.0044
   0.0007   0.0014   0.0000   0.0019   0.9702   0.0093   0.0000   0.0063   0.0054
   0.0001   0.0000   0.0000   0.0013   0.0015   0.9330   0.0000   0.0000   0.0009
   0.0002   0.0002   0.0000   0.0001   0.0000   0.0000   0.9402   0.0006   0.0000
   0.0001   0.0000   0.0000   0.0015   0.0014   0.0000   0.0015   0.9481   0.0023
   0.0001   0.0010   0.0019   0.0013   0.0024   0.0025   0.0000   0.0048   0.9539

eigenvalues of p_FN3=  0.932233  0.939946  0.946360  0.953139  0.969942  0.978974  0.980156  0.987148  0.999996
eigenvalues of h_FN3=  2.113098  1.727447  1.406767  1.067821  0.227674 -0.223919 -0.283024 -0.632664 -1.275061

eigenval_p,eigenval_h=  0.999996 -1.272307
psiFN3_psig  =   0.6597   0.1697   0.0648   0.0526   0.0310   0.0033   0.0026   0.0045   0.0117

p_FN4=
   0.9945   0.0080   0.0140   0.0125   0.0134   0.0175   0.0326   0.0110   0.0046
   0.0021   0.9882   0.0000   0.0039   0.0068   0.0000   0.0127   0.0000   0.0116
   0.0017   0.0000   0.9806   0.0000   0.0000   0.0000   0.0000   0.0000   0.0097
   0.0010   0.0012   0.0000   0.9791   0.0029   0.0126   0.0020   0.0102   0.0044
   0.0007   0.0014   0.0000   0.0019   0.9702   0.0093   0.0000   0.0063   0.0055
   0.0001   0.0000   0.0000   0.0013   0.0015   0.9330   0.0000   0.0000   0.0009
   0.0002   0.0002   0.0000   0.0001   0.0000   0.0000   0.9402   0.0007   0.0000
   0.0001   0.0000   0.0000   0.0015   0.0014   0.0000   0.0015   0.9478   0.0023
   0.0001   0.0010   0.0019   0.0013   0.0024   0.0025   0.0000   0.0048   0.9536

eigenvalues of p_FN4=  0.932223  0.939935  0.946104  0.952856  0.969924  0.978960  0.980149  0.987141  0.999996
eigenvalues of h_FN4=  2.113627  1.727983  1.419573  1.081963  0.228581 -0.223237 -0.282673 -0.632291 -1.275034

eigenval_p,eigenval_h=  0.999996 -1.272280
psiFN4_psig  =   0.6595   0.1698   0.0648   0.0527   0.0311   0.0033   0.0027   0.0045   0.0116

E_G, E_FN1, E_FN3, E_FN4, E_0, recover_FN1, recover_FN3, recover_FN4, 1-ovlp_FN1, 1-ovlp_FN3, 1-ovlp_FN4, sign_cond_num= -1.262361 -1.272488 -1.272307 -1.272280 -1.275242 0.786 0.772 0.770 1.E-04 1.E-04 1.E-04 0.919

p_propos2=
   0.9939   0.0080   0.0141   0.0125   0.0135   0.0187   0.0338   0.0114   0.0046
   0.0021   0.9882   0.0000   0.0039   0.0069   0.0000   0.0132   0.0000   0.0117
   0.0017   0.0000   0.9840   0.0000   0.0000   0.0000   0.0000   0.0000   0.0098
   0.0010   0.0012   0.0000   0.9774   0.0029   0.0135   0.0021   0.0106   0.0045
   0.0007   0.0014   0.0000   0.0019   0.9714   0.0099   0.0000   0.0065   0.0055
   0.0001   0.0000   0.0000   0.0013   0.0015   0.9552   0.0000   0.0000   0.0009
   0.0002   0.0002   0.0000   0.0001   0.0000   0.0000   0.9494   0.0007   0.0000
   0.0001   0.0000   0.0000   0.0015   0.0014   0.0000   0.0016   0.9659   0.0024
   0.0001   0.0010   0.0019   0.0013   0.0025   0.0027   0.0000   0.0049   0.9606

eigenvalues of p_FN1_propos=  0.949126  0.953517  0.957846  0.964719  0.971267  0.979603  0.982500  0.987460  1.000000
psi for p_FN1_propos=   0.6366   0.1702   0.0781   0.0513   0.0337   0.0050   0.0031   0.0071   0.0149
psig**2 * P_L       =   0.6366   0.1702   0.0781   0.0513   0.0337   0.0050   0.0031   0.0071   0.0149
Above 2 lines should be equal since proposal part of p_FN1 has dominant state psig**2 * P_L
The exception to this occurs when there is no sign problem, but some components of psig have the wrong sign, in which case one has 2 decoupled spaces with degenerate dominant eigenvalues

pp_FN1=
 710.4331 611.2699 532.4528 647.9405 580.5476 407.1114 542.4965 392.6281 481.6784
 163.5187 231.7308 124.5659 170.9432 159.3425 102.4439 145.0653 100.4862 139.5233
  65.5472  57.3228 101.5493  60.7490  54.7976  38.3250  50.2675  37.5793  55.9319
  52.1254  51.4080  39.6998  99.2494  50.8551  41.2161  43.1809  40.7699  43.7857
  30.7960  31.5977  23.6129  33.5337  61.3115  24.0252  24.9112  23.0962  27.4575
   3.2768   3.0823   2.5058   4.1243   3.6458  16.8228   2.6039   2.2071   2.8240
   2.6698   2.6688   2.0095   2.6415   2.3111   1.5921  18.5173   1.7539   1.9529
   4.4953   4.3008   3.4951   5.8033   4.9855   3.1396   4.0807  22.1284   4.4943
  11.3789  12.3217  10.7335  12.8582  12.2283   8.2882   9.3747   9.2724  31.0983
1st col normalized  0.967151  0.222607  0.089233  0.070961  0.041924  0.004461  0.003635  0.006120  0.015491
2nd col normalized  0.927376  0.351566  0.086966  0.077993  0.047938  0.004676  0.004049  0.006525  0.018694
3rd col normalized  0.953845  0.223150  0.181917  0.071119  0.042301  0.004489  0.003600  0.006261  0.019228
psiFN_psig          0.660036  0.169652  0.064622  0.052700  0.031014  0.003237  0.002603  0.004493  0.011643
W=       669.276574 172.027261  65.526671  53.438040  31.447777   3.282106   2.639649   4.555563  11.806358
W_der=     0.460893  -0.252691   0.035552   0.035874   0.020067  -0.000811   0.001694   0.002013   0.006182
W_der/W=   0.000689  -0.001469   0.000543   0.000671   0.000638  -0.000247   0.000642   0.000442   0.000524

gradient_vmc_FD, gradient_vmc= -0.008683 -0.008683
E_L_der =         -0.2606   1.2676   0.1132  -0.4767  -0.8326   3.0797  -1.5804   0.5392  -1.4042
E_L_der_increm =  -0.2606   1.2676   0.1132  -0.4767  -0.8326   3.0797  -1.5804   0.5392  -1.4042
The above 2 lines should be equal
psiFN1_psig  =   0.6600   0.1697   0.0646   0.0527   0.0310   0.0032   0.0026   0.0045   0.0116
psig_increm**2=                 0.6360    0.1702    0.0783    0.0512    0.0337    0.0051    0.0031    0.0073    0.0150
psig_increm**2 * P_L_increm=    0.6365    0.1702    0.0780    0.0513    0.0337    0.0050    0.0031    0.0071    0.0149
psiFN_psig_increm=              0.6600    0.1697    0.0646    0.0527    0.0310    0.0032    0.0026    0.0045    0.0116
W_prod_increm                   1.0375    0.9969    0.8249    1.0297    0.9189    0.6317    0.8313    0.6164    0.7745
W_prod                          1.0375    0.9969    0.8249    1.0297    0.9189    0.6317    0.8313    0.6164    0.7745
W_prod_increm                  1.037511994   0.996854887   0.824940247   1.029723577   0.918892843   0.631724853   0.831279667   0.616386037   0.774478115
W_prod                         1.037511954   0.996855064   0.824940226   1.029723538   0.918892806   0.631724885   0.831279630   0.616386026   0.774478083
W_prod_der=                     0.3944   -1.7747    0.2073    0.3856    0.3683   -0.3270    0.3648    0.1084    0.3174

E_FN1, E_FN1_increm, gradient_FN1_FD, gradient_FN1= -1.272488 -1.272488 -0.014486 -0.008952

E_FN1, E_FN1_increm, gradient_FN1_FD, gradient_FN1= -1.272488 -1.272488 -0.014486 -0.014486

gradient_FN1_FD, gradient_FN1, 1st+2*2nd terms, gradient_FN1_1, gradient_FN1_2, gradient_FN1_3= -0.014486 -0.014486 -0.017563 -0.000327 -0.005541 -0.008618
------------------------------------------------------------

Data set    3

h=
  -1.0000   0.0404   0.0718  -0.0811   0.1244  -0.0287  -0.1692  -0.0427  -0.1855
   0.0404  -0.7500   0.0116  -0.1719   0.1516  -0.0466   0.2187  -0.1013   0.0946
   0.0718   0.0116  -0.5000   0.2356  -0.0595  -0.1163   0.2479  -0.1902  -0.0795
  -0.0811  -0.1719   0.2356  -0.2500  -0.0695   0.2271   0.0548   0.1091  -0.0390
   0.1244   0.1516  -0.0595  -0.0695   0.0000  -0.1933  -0.1028  -0.1993  -0.1509
  -0.0287  -0.0466  -0.1163   0.2271  -0.1933   0.2500   0.0086  -0.2237   0.1178
  -0.1692   0.2187   0.2479   0.0548  -0.1028   0.0086   0.5000   0.0091  -0.1426
  -0.0427  -0.1013  -0.1902   0.1091  -0.1993  -0.2237   0.0091   0.7500  -0.1474
  -0.1855   0.0946  -0.0795  -0.0390  -0.1509   0.1178  -0.1426  -0.1474   1.0000

eigenval_p,eigenval_h=  1.000000 -1.090220
psi for p    =   0.9278  -0.1370  -0.2455   0.1362  -0.0797  -0.0542   0.1543  -0.0284   0.0876

eigenvalues of p=  0.955026  0.961663  0.965603  0.970181  0.980983  0.982016  0.992355  0.995933  1.000000
eigenvalues of h=  1.158502  0.826606  0.629632  0.400707 -0.139383 -0.191035 -0.707961 -0.886848 -1.090220
tau, tau_max= 0.020000 0.444697
p=
   0.9982  -0.0008  -0.0014   0.0016  -0.0025   0.0006   0.0034   0.0009   0.0037
  -0.0008   0.9932  -0.0002   0.0034  -0.0030   0.0009  -0.0044   0.0020  -0.0019
  -0.0014  -0.0002   0.9882  -0.0047   0.0012   0.0023  -0.0050   0.0038   0.0016
   0.0016   0.0034  -0.0047   0.9832   0.0014  -0.0045  -0.0011  -0.0022   0.0008
  -0.0025  -0.0030   0.0012   0.0014   0.9782   0.0039   0.0021   0.0040   0.0030
   0.0006   0.0009   0.0023  -0.0045   0.0039   0.9732  -0.0002   0.0045  -0.0024
   0.0034  -0.0044  -0.0050  -0.0011   0.0021  -0.0002   0.9682  -0.0002   0.0029
   0.0009   0.0020   0.0038  -0.0022   0.0040   0.0045  -0.0002   0.9632   0.0029
   0.0037  -0.0019   0.0016   0.0008   0.0030  -0.0024   0.0029   0.0029   0.9582

sum_p_eig,sum_abs_p_eig,sign_condition_number=  1.850582  1.861661  0.741959

p after making eigenvec +ve =
   0.9982   0.0008   0.0014   0.0016   0.0025  -0.0006   0.0034  -0.0009   0.0037
   0.0008   0.9932  -0.0002  -0.0034  -0.0030   0.0009   0.0044   0.0020   0.0019
   0.0014  -0.0002   0.9882   0.0047   0.0012   0.0023   0.0050   0.0038  -0.0016
   0.0016  -0.0034   0.0047   0.9832  -0.0014   0.0045  -0.0011   0.0022   0.0008
   0.0025  -0.0030   0.0012  -0.0014   0.9782   0.0039  -0.0021   0.0040  -0.0030
  -0.0006   0.0009   0.0023   0.0045   0.0039   0.9732   0.0002   0.0045   0.0024
   0.0034   0.0044   0.0050  -0.0011  -0.0021   0.0002   0.9682   0.0002   0.0029
  -0.0009   0.0020   0.0038   0.0022   0.0040   0.0045   0.0002   0.9632  -0.0029
   0.0037   0.0019  -0.0016   0.0008  -0.0030   0.0024   0.0029  -0.0029   0.9582

1+(E_0*1-H) (i.e. p with tau=1) after making eigenvec +ve =
   0.9098  -0.0404  -0.0718  -0.0811  -0.1244   0.0287  -0.1692   0.0427  -0.1855
  -0.0404   0.6598   0.0116   0.1719   0.1516  -0.0466  -0.2187  -0.1013  -0.0946
  -0.0718   0.0116   0.4098  -0.2356  -0.0595  -0.1163  -0.2479  -0.1902   0.0795
  -0.0811   0.1719  -0.2356   0.1598   0.0695  -0.2271   0.0548  -0.1091  -0.0390
  -0.1244   0.1516  -0.0595   0.0695  -0.0902  -0.1933   0.1028  -0.1993   0.1509
   0.0287  -0.0466  -0.1163  -0.2271  -0.1933  -0.3402  -0.0086  -0.2237  -0.1178
  -0.1692  -0.2187  -0.2479   0.0548   0.1028  -0.0086  -0.5902  -0.0091  -0.1426
   0.0427  -0.1013  -0.1902  -0.1091  -0.1993  -0.2237  -0.0091  -0.8402   0.1474
  -0.1855  -0.0946   0.0795  -0.0390   0.1509  -0.1178  -0.1426   0.1474  -1.0902
psi0         =   0.9278   0.1370   0.2455   0.1362   0.0797   0.0542   0.1543   0.0284   0.0876
psig         =   0.8829   0.2086   0.2742   0.1565   0.1444   0.0657   0.1579   0.0763   0.1460

E_G= -1.069998

h_imp=
  -1.0000  -0.1711  -0.2314  -0.4577  -0.7606   0.3852  -0.9462   0.4944  -1.1213
  -0.0096  -0.7500   0.0089   0.2291   0.2190  -0.1478  -0.2889  -0.2770  -0.1352
  -0.0223   0.0153  -0.5000  -0.4126  -0.1130  -0.4854  -0.4305  -0.6835   0.1491
  -0.0144   0.1290  -0.1345  -0.2500   0.0754  -0.5411   0.0543  -0.2239  -0.0418
  -0.0203   0.1049  -0.0313   0.0642   0.0000  -0.4248   0.0940  -0.3774   0.1492
   0.0021  -0.0147  -0.0279  -0.0953  -0.0879   0.2500  -0.0036  -0.1927  -0.0530
  -0.0303  -0.1655  -0.1428   0.0553   0.1124  -0.0207   0.5000  -0.0188  -0.1541
   0.0037  -0.0370  -0.0529  -0.0532  -0.1053  -0.2598  -0.0044   0.7500   0.0770
  -0.0307  -0.0663   0.0423  -0.0364   0.1526  -0.2619  -0.1319   0.2823   1.0000

p_imp=
   0.9982   0.0034   0.0046   0.0092   0.0152  -0.0077   0.0189  -0.0099   0.0224
   0.0002   0.9932  -0.0002  -0.0046  -0.0044   0.0030   0.0058   0.0055   0.0027
   0.0004  -0.0003   0.9882   0.0083   0.0023   0.0097   0.0086   0.0137  -0.0030
