Input hamiltonian
hamiltonian=random                                                                          
Input ndim, E_T, tau
ndim, E_T, tau=    9-20.000000 0.040000
Input fraction_positive, off_diag_mag, psig_noise
fraction_positive, off_diag_mag,psig_noise= 0.500000 0.500000 0.200000
psig_correct_sign
psig_correct_sign= T
Input irand_seed
irand_seed=1425565376542456

Data set    1

h=
  -1.0000   0.0800   0.1401  -0.1696   0.0630   0.1789  -0.0366  -0.0928  -0.2290
   0.0800  -0.7500   0.0859   0.2028  -0.0542   0.1379   0.1569  -0.0799  -0.2353
   0.1401   0.0859  -0.5000   0.1165  -0.2461  -0.0961  -0.2234  -0.1402   0.2370
  -0.1696   0.2028   0.1165  -0.2500  -0.0711  -0.2226   0.0454   0.1250  -0.0263
   0.0630  -0.0542  -0.2461  -0.0711   0.0000  -0.0210   0.1375  -0.2232  -0.0393
   0.1789   0.1379  -0.0961  -0.2226  -0.0210   0.2500  -0.2276  -0.1955  -0.0772
  -0.0366   0.1569  -0.2234   0.0454   0.1375  -0.2276   0.5000  -0.2075  -0.1275
  -0.0928  -0.0799  -0.1402   0.1250  -0.2232  -0.1955  -0.2075   0.7500  -0.0525
  -0.2290  -0.2353   0.2370  -0.0263  -0.0393  -0.0772  -0.1275  -0.0525   1.0000

eigenval_p,eigenval_h=  1.000000 -1.153737
psi for p    =   0.8957  -0.1375  -0.3155   0.2159  -0.1095  -0.0884  -0.0127  -0.0197   0.1112

eigenvalues of p=  0.907671  0.915529  0.926343  0.947867  0.953044  0.964880  0.978234  0.991087  1.000000
eigenvalues of h=  1.154489  0.958038  0.687698  0.149593  0.020158 -0.275736 -0.609584 -0.930919 -1.153737
tau, tau_max= 0.040000 0.433233
p=
   0.9939  -0.0032  -0.0056   0.0068  -0.0025  -0.0072   0.0015   0.0037   0.0092
  -0.0032   0.9839  -0.0034  -0.0081   0.0022  -0.0055  -0.0063   0.0032   0.0094
  -0.0056  -0.0034   0.9739  -0.0047   0.0098   0.0038   0.0089   0.0056  -0.0095
   0.0068  -0.0081  -0.0047   0.9639   0.0028   0.0089  -0.0018  -0.0050   0.0011
  -0.0025   0.0022   0.0098   0.0028   0.9539   0.0008  -0.0055   0.0089   0.0016
  -0.0072  -0.0055   0.0038   0.0089   0.0008   0.9439   0.0091   0.0078   0.0031
   0.0015  -0.0063   0.0089  -0.0018  -0.0055   0.0091   0.9339   0.0083   0.0051
   0.0037   0.0032   0.0056  -0.0050   0.0089   0.0078   0.0083   0.9239   0.0021
   0.0092   0.0094  -0.0095   0.0011   0.0016   0.0031   0.0051   0.0021   0.9139

sum_p_eig,sum_abs_p_eig,sign_condition_number=  1.905979  1.939954  0.642933

p after making eigenvec +ve =
   0.9939   0.0032   0.0056   0.0068   0.0025   0.0072  -0.0015  -0.0037   0.0092
   0.0032   0.9839  -0.0034   0.0081   0.0022  -0.0055  -0.0063   0.0032  -0.0094
   0.0056  -0.0034   0.9739   0.0047   0.0098   0.0038   0.0089   0.0056   0.0095
   0.0068   0.0081   0.0047   0.9639  -0.0028  -0.0089   0.0018   0.0050   0.0011
   0.0025   0.0022   0.0098  -0.0028   0.9539   0.0008  -0.0055   0.0089  -0.0016
   0.0072  -0.0055   0.0038  -0.0089   0.0008   0.9439   0.0091   0.0078  -0.0031
  -0.0015  -0.0063   0.0089   0.0018  -0.0055   0.0091   0.9339   0.0083  -0.0051
  -0.0037   0.0032   0.0056   0.0050   0.0089   0.0078   0.0083   0.9239  -0.0021
   0.0092  -0.0094   0.0095   0.0011  -0.0016  -0.0031  -0.0051  -0.0021   0.9139

1+(E_0*1-H) (i.e. p with tau=1) after making eigenvec +ve =
   0.8463  -0.0800  -0.1401  -0.1696  -0.0630  -0.1789   0.0366   0.0928  -0.2290
  -0.0800   0.5963   0.0859  -0.2028  -0.0542   0.1379   0.1569  -0.0799   0.2353
  -0.1401   0.0859   0.3463  -0.1165  -0.2461  -0.0961  -0.2234  -0.1402  -0.2370
  -0.1696  -0.2028  -0.1165   0.0963   0.0711   0.2226  -0.0454  -0.1250  -0.0263
  -0.0630  -0.0542  -0.2461   0.0711  -0.1537  -0.0210   0.1375  -0.2232   0.0393
  -0.1789   0.1379  -0.0961   0.2226  -0.0210  -0.4037  -0.2276  -0.1955   0.0772
   0.0366   0.1569  -0.2234  -0.0454   0.1375  -0.2276  -0.6537  -0.2075   0.1275
   0.0928  -0.0799  -0.1402  -0.1250  -0.2232  -0.1955  -0.2075  -0.9037   0.0525
  -0.2290   0.2353  -0.2370  -0.0263   0.0393   0.0772   0.1275   0.0525  -1.1537
psi0         =   0.8957   0.1375   0.3155   0.2159   0.1095   0.0884   0.0127   0.0197   0.1112
psig         =   0.8497   0.2024   0.3495   0.2064   0.1758   0.1022   0.0804   0.0860   0.1307

E_G= -1.131880

h_imp=
  -1.0000  -0.3357  -0.3407  -0.6985  -0.3046  -1.4875   0.3864   0.9170  -1.4884
  -0.0191  -0.7500   0.0498  -0.1989  -0.0624   0.2730   0.3950  -0.1880   0.3643
  -0.0576   0.1483  -0.5000  -0.1973  -0.4893  -0.3286  -0.9710  -0.5697  -0.6336
  -0.0412  -0.2068  -0.0688  -0.2500   0.0834   0.4495  -0.1166  -0.2999  -0.0416
  -0.0130  -0.0471  -0.1238   0.0606   0.0000  -0.0362   0.3007  -0.4562   0.0528
  -0.0215   0.0696  -0.0281   0.1103  -0.0122   0.2500  -0.2893  -0.2324   0.0604
   0.0035   0.0623  -0.0514  -0.0177   0.0629  -0.1790   0.5000  -0.1939   0.0784
   0.0094  -0.0339  -0.0345  -0.0521  -0.1092  -0.1645  -0.2219   0.7500   0.0346
  -0.0352   0.1519  -0.0886  -0.0167   0.0292   0.0988   0.2073   0.0799   1.0000

p_imp=
   0.9939   0.0134   0.0136   0.0279   0.0122   0.0595  -0.0155  -0.0367   0.0595
   0.0008   0.9839  -0.0020   0.0080   0.0025  -0.0109  -0.0158   0.0075  -0.0146
   0.0023  -0.0059   0.9739   0.0079   0.0196   0.0131   0.0388   0.0228   0.0253
   0.0016   0.0083   0.0028   0.9639  -0.0033  -0.0180   0.0047   0.0120   0.0017
   0.0005   0.0019   0.0050  -0.0024   0.9539   0.0014  -0.0120   0.0182  -0.0021
   0.0009  -0.0028   0.0011  -0.0044   0.0005   0.9439   0.0116   0.0093  -0.0024
  -0.0001  -0.0025   0.0021   0.0007  -0.0025   0.0072   0.9339   0.0078  -0.0031
  -0.0004   0.0014   0.0014   0.0021   0.0044   0.0066   0.0089   0.9239  -0.0014
   0.0014  -0.0061   0.0035   0.0007  -0.0012  -0.0040  -0.0083  -0.0032   0.9139
tau_av_expon_proj    = 4.986903 0.947243 1.272604 0.739649 0.867150 0.331454 0.346231 0.340484 0.363087
tau_av_expon_proj_new= 6.504622 2.476861 1.529668 1.106517 0.866749 0.712384 0.604691 0.525283 0.464309
factor=                1.262797 1.854403 1.182998 1.393129 0.999537 1.706979 1.533304 1.421637 1.243594
factor2=                 1.3043   2.6148   1.2020   1.4960   0.9995   2.1493   1.7465   1.5428   1.2788

eigenvalues of p_imp=  0.907671  0.915529  0.926343  0.947867  0.953044  0.964880  0.978234  0.991087  1.000000
eigenvalues of h_imp=  1.154489  0.958038  0.687698  0.149593  0.020158 -0.275736 -0.609584 -0.930919 -1.153737

eigenval_p,eigenval_h=  1.000000 -1.153737
psi0_psig    =   0.7694   0.0281   0.1115   0.0450   0.0195   0.0091   0.0010   0.0017   0.0147

imp-sampled: sum_p_eig,sum_abs_p_eig,sign_condition_number=  1.000000  1.004633  0.890869

p_FN1=
   0.9933   0.0134   0.0136   0.0279   0.0122   0.0595   0.0000   0.0000   0.0595
   0.0008   0.9666   0.0000   0.0080   0.0025   0.0000   0.0000   0.0075   0.0000
   0.0023   0.0000   0.9719   0.0079   0.0196   0.0131   0.0388   0.0228   0.0253
   0.0016   0.0083   0.0028   0.9570   0.0000   0.0000   0.0047   0.0120   0.0017
   0.0005   0.0019   0.0050   0.0000   0.9468   0.0014   0.0000   0.0182   0.0000
   0.0009   0.0000   0.0011   0.0000   0.0005   0.9110   0.0116   0.0093   0.0000
   0.0000   0.0000   0.0021   0.0007   0.0000   0.0072   0.8823   0.0078   0.0000
   0.0000   0.0014   0.0014   0.0021   0.0044   0.0066   0.0089   0.8840   0.0000
   0.0014   0.0000   0.0035   0.0007   0.0000   0.0000   0.0000   0.0000   0.8902

eigenvalues of p_FN1=  0.873997  0.884332  0.888430  0.915170  0.943747  0.952188  0.969808  0.975648  0.999766
eigenvalues of h_FN1=  1.996348  1.737972  1.635514  0.967016  0.252600  0.041564 -0.398936 -0.544942 -1.147888

eigenval_p,eigenval_h=  0.999766 -1.147888
psiFN1_psig =    0.7583   0.0306   0.1148   0.0446   0.0210   0.0098   0.0031   0.0041   0.0137

E_0, E_G, E_FN1, E_G-E_0, E_FN1-E_0, rms fluctuation of E_L  -1.15374  -1.13188  -1.14789   0.02186   0.00585   0.13794
E_L     =  -1.1748  -0.9413  -1.1863  -1.2603  -0.8021  -1.1245   0.1906  -0.1933  -0.5730
p_L     =   1.0011   0.9917   1.0015   1.0045   0.9862   0.9991   0.9465   0.9618   0.9770
p_abs_L =   1.0014   1.0088   1.0033   1.0111   0.9930   1.0317   0.9978   1.0015   1.0004

p_propos=
   0.9925   0.0133   0.0136   0.0276   0.0123   0.0577   0.0000   0.0000   0.0595
   0.0008   0.9753   0.0000   0.0079   0.0025   0.0000   0.0000   0.0075   0.0000
   0.0023   0.0000   0.9707   0.0078   0.0197   0.0127   0.0389   0.0228   0.0253
   0.0016   0.0082   0.0027   0.9533   0.0000   0.0000   0.0047   0.0120   0.0017
   0.0005   0.0019   0.0049   0.0000   0.9606   0.0014   0.0000   0.0182   0.0000
   0.0009   0.0000   0.0011   0.0000   0.0005   0.9149   0.0116   0.0093   0.0000
   0.0000   0.0000   0.0020   0.0007   0.0000   0.0069   0.9359   0.0077   0.0000
   0.0000   0.0013   0.0014   0.0021   0.0044   0.0064   0.0089   0.9225   0.0000
   0.0014   0.0000   0.0035   0.0007   0.0000   0.0000   0.0000   0.0000   0.9135
psig**2=         0.7220   0.0410   0.1221   0.0426   0.0309   0.0104   0.0065   0.0074   0.0171
psig**2 * P_L=   0.7228   0.0406   0.1223   0.0428   0.0305   0.0104   0.0061   0.0071   0.0167
psiFN_psig=      0.7583   0.0306   0.1148   0.0446   0.0210   0.0098   0.0031   0.0041   0.0137
p_L=             1.0011   0.9917   1.0015   1.0045   0.9862   0.9991   0.9465   0.9618   0.9770
W_prod=          1.0496   0.7463   0.9393   1.0460   0.6785   0.9341   0.4861   0.5562   0.8037

p_markov=
   0.9926   0.0133   0.0136   0.0276   0.0122   0.0577   0.0000   0.0000   0.0595
   0.0008   0.9753   0.0000   0.0079   0.0025   0.0000   0.0000   0.0075   0.0000
   0.0023   0.0000   0.9707   0.0078   0.0195   0.0127   0.0387   0.0227   0.0253
   0.0016   0.0082   0.0027   0.9533   0.0000   0.0000   0.0046   0.0119   0.0016
   0.0005   0.0019   0.0049   0.0000   0.9610   0.0014   0.0000   0.0182   0.0000
   0.0008   0.0000   0.0011   0.0000   0.0005   0.9149   0.0112   0.0090   0.0000
   0.0000   0.0000   0.0020   0.0007   0.0000   0.0069   0.9366   0.0077   0.0000
   0.0000   0.0013   0.0014   0.0021   0.0044   0.0064   0.0089   0.9230   0.0000
   0.0014   0.0000   0.0035   0.0007   0.0000   0.0000   0.0000   0.0000   0.9136

eigenvalues of p_markov=  0.908715  0.911309  0.918327  0.940684  0.949322  0.957358  0.976591  0.978628  1.000000
eigenvalues of h_markov=  1.128393  1.063527  0.888076  0.329164  0.113207 -0.087691 -0.568515 -0.619438 -1.153737

eigenval_p,eigenval_h=  1.000000 -1.147888
psi for p_mar=   0.7220   0.0410   0.1221   0.0426   0.0309   0.0104   0.0065   0.0074   0.0171
psig**2      =   0.7220   0.0410   0.1221   0.0426   0.0309   0.0104   0.0065   0.0074   0.0171
Above 2 lines should be equal since Markov matrix has dominant state psig**2
The exception to this occurs when there is no sign problem, but some components of psig have the wrong sign, in which case one has 2 decoupled spaces with degenerate dominant eigenvalues

p_FN3=
   0.9936   0.0132   0.0136   0.0278   0.0120   0.0576   0.0000   0.0000   0.0581
   0.0008   0.9672   0.0000   0.0079   0.0024   0.0000   0.0000   0.0072   0.0000
   0.0023   0.0000   0.9722   0.0078   0.0192   0.0127   0.0366   0.0218   0.0247
   0.0016   0.0081   0.0027   0.9576   0.0000   0.0000   0.0044   0.0114   0.0016
   0.0005   0.0019   0.0049   0.0000   0.9477   0.0014   0.0000   0.0175   0.0000
   0.0008   0.0000   0.0011   0.0000   0.0005   0.9140   0.0106   0.0087   0.0000
   0.0000   0.0000   0.0021   0.0007   0.0000   0.0069   0.8864   0.0075   0.0000
   0.0000   0.0013   0.0014   0.0021   0.0043   0.0064   0.0084   0.8877   0.0000
   0.0014   0.0000   0.0035   0.0007   0.0000   0.0000   0.0000   0.0000   0.8926

eigenvalues of p_FN3=  0.878393  0.888255  0.890880  0.917839  0.944634  0.952849  0.970382  0.975966  0.999983
eigenvalues of h_FN3=  1.886432  1.639885  1.574273  0.900281  0.230407  0.025033 -0.413276 -0.552887 -1.153309

eigenval_p,eigenval_h=  0.999983 -1.147459
psiFN3_psig  =   0.7582   0.0307   0.1144   0.0444   0.0211   0.0098   0.0032   0.0042   0.0140

p_FN4=
   0.9936   0.0132   0.0136   0.0278   0.0121   0.0576   0.0000   0.0000   0.0581
   0.0008   0.9672   0.0000   0.0079   0.0025   0.0000   0.0000   0.0072   0.0000
   0.0023   0.0000   0.9721   0.0078   0.0194   0.0127   0.0368   0.0219   0.0248
   0.0016   0.0081   0.0027   0.9576   0.0000   0.0000   0.0044   0.0115   0.0016
   0.0005   0.0019   0.0049   0.0000   0.9473   0.0014   0.0000   0.0175   0.0000
   0.0009   0.0000   0.0011   0.0000   0.0005   0.9140   0.0110   0.0089   0.0000
   0.0000   0.0000   0.0021   0.0007   0.0000   0.0069   0.8858   0.0075   0.0000
   0.0000   0.0013   0.0014   0.0021   0.0043   0.0064   0.0084   0.8873   0.0000
   0.0014   0.0000   0.0035   0.0007   0.0000   0.0000   0.0000   0.0000   0.8925

eigenvalues of p_FN4=  0.877808  0.887689  0.890718  0.917856  0.944272  0.952809  0.970362  0.975907  0.999983
eigenvalues of h_FN4=  1.901071  1.654029  1.578321  0.899857  0.239454  0.026043 -0.412784 -0.551405 -1.153321

eigenval_p,eigenval_h=  0.999983 -1.147471
psiFN4_psig  =   0.7573   0.0309   0.1146   0.0448   0.0210   0.0100   0.0032   0.0042   0.0140

E_G, E_FN1, E_FN3, E_FN4, E_0, recover_FN1, recover_FN3, recover_FN4, 1-ovlp_FN1, 1-ovlp_FN3, 1-ovlp_FN4, sign_cond_num= -1.131880 -1.147888 -1.147459 -1.147471 -1.153737 0.732 0.713 0.713 4.E-05 4.E-05 4.E-05 0.891

p_propos2=
   0.9925   0.0135   0.0136   0.0278   0.0124   0.0596   0.0000   0.0000   0.0609
   0.0008   0.9749   0.0000   0.0079   0.0025   0.0000   0.0000   0.0078   0.0000
   0.0023   0.0000   0.9706   0.0079   0.0198   0.0132   0.0410   0.0237   0.0259
   0.0016   0.0083   0.0027   0.9530   0.0000   0.0000   0.0049   0.0125   0.0017
   0.0005   0.0019   0.0049   0.0000   0.9603   0.0014   0.0000   0.0190   0.0000
   0.0009   0.0000   0.0011   0.0000   0.0005   0.9121   0.0122   0.0097   0.0000
   0.0000   0.0000   0.0021   0.0007   0.0000   0.0072   0.9324   0.0081   0.0000
   0.0000   0.0014   0.0014   0.0021   0.0044   0.0066   0.0094   0.9193   0.0000
   0.0014   0.0000   0.0035   0.0007   0.0000   0.0000   0.0000   0.0000   0.9114

eigenvalues of p_FN1_propos=  0.905361  0.909026  0.914319  0.937643  0.948875  0.956696  0.976218  0.978377  1.000000
psi for p_FN1_propos=   0.7233   0.0407   0.1224   0.0428   0.0305   0.0104   0.0061   0.0071   0.0167
psig**2 * P_L       =   0.7233   0.0407   0.1224   0.0428   0.0305   0.0104   0.0061   0.0071   0.0167
Above 2 lines should be equal since proposal part of p_FN1 has dominant state psig**2 * P_L
The exception to this occurs when there is no sign problem, but some components of psig have the wrong sign, in which case one has 2 decoupled spaces with degenerate dominant eigenvalues

pp_FN1=
 806.0167 545.9359 682.8875 771.0030 494.0912 699.9971 353.0737 404.1050 602.4404
  30.9681  52.9085  27.5276  35.9593  21.2379  27.4422  14.5523  18.9694  23.5309
 115.4898  82.0713 141.0949 120.1553  88.1533 109.3237  67.2194  72.2136  96.4300
  45.4798  37.3917  41.9091  68.9714  29.7785  40.5322  22.4678  27.0779  35.1484
  21.1383  16.0180  22.3016  21.5978  33.9378  19.8467  11.2620  15.2707  16.8288
  10.1285   6.9999   9.3534   9.9423   6.7122  20.3996   5.9422   6.3760   7.7512
   3.1575   2.2943   3.5552   3.4065   2.3543   3.6735  10.3647   2.5481   2.5683
   4.1362   3.4231   4.3710   4.6990   3.6538   4.5109   2.9161  11.3210   3.3017
  14.2531   9.8143  13.4901  14.0973   9.3063  12.6739   6.7941   7.6316  20.1142
1st col normalized  0.987060  0.037924  0.141431  0.055695  0.025886  0.012404  0.003867  0.005065  0.017455
2nd col normalized  0.981483  0.095119  0.147548  0.067223  0.028797  0.012584  0.004125  0.006154  0.017644
3rd col normalized  0.975996  0.039343  0.201656  0.059897  0.031874  0.013368  0.005081  0.006247  0.019280
psiFN_psig          0.758293  0.030597  0.114782  0.044578  0.020983  0.009766  0.003144  0.004117  0.013741
W=       768.908620  31.025212 116.388654  45.201798  21.277203   9.902878   3.188073   4.174214  13.933350
W_der=     1.360347   0.024821   0.146110   0.108497   0.035050   0.010150   0.002062   0.007355   0.013431
W_der/W=   0.001769   0.000800   0.001255   0.002400   0.001647   0.001025   0.000647   0.001762   0.000964

gradient_vmc_FD, gradient_vmc=  0.077138  0.077138
E_L_der =         -0.0941   0.9453   0.2458  -0.9827  -0.3084   1.3486   1.9514  -0.9287   1.8000
E_L_der_increm =  -0.0941   0.9453   0.2458  -0.9827  -0.3084   1.3486   1.9514  -0.9287   1.8000
The above 2 lines should be equal
psiFN1_psig  =   0.7583   0.0306   0.1148   0.0446   0.0210   0.0098   0.0031   0.0041   0.0137
psig_increm**2=                 0.7220    0.0410    0.1221    0.0426    0.0309    0.0104    0.0065    0.0074    0.0171
psig_increm**2 * P_L_increm=    0.7228    0.0406    0.1223    0.0428    0.0305    0.0104    0.0061    0.0071    0.0167
psiFN_psig_increm=              0.7583    0.0306    0.1148    0.0446    0.0210    0.0098    0.0031    0.0041    0.0137
W_prod_increm                   1.0496    0.7463    0.9393    1.0460    0.6785    0.9341    0.4861    0.5562    0.8037
W_prod                          1.0496    0.7463    0.9393    1.0460    0.6785    0.9341    0.4861    0.5562    0.8037
W_prod_increm                  1.049574281   0.746286288   0.939298848   1.045997355   0.678506088   0.934109563   0.486059295   0.556192004   0.803658150
W_prod                         1.049574257   0.746286440   0.939298870   1.045997302   0.678506079   0.934109609   0.486059336   0.556191994   0.803658193
W_prod_der=                     0.2468   -1.5152   -0.2242    0.5281    0.0873   -0.4541   -0.4109    0.1038   -0.4342

E_FN1, E_FN1_increm, gradient_FN1_FD, gradient_FN1= -1.147888 -1.147888  0.012766  0.038129

E_FN1, E_FN1_increm, gradient_FN1_FD, gradient_FN1= -1.147888 -1.147888  0.012766  0.012766

gradient_FN1_FD, gradient_FN1, 1st+2*2nd terms, gradient_FN1_1, gradient_FN1_2, gradient_FN1_3=  0.012766  0.012766  0.013854  0.062444 -0.025383 -0.024295
------------------------------------------------------------

Data set    2

h=
  -1.0000   0.2078   0.2465  -0.1774   0.1550   0.0818   0.1172   0.0597   0.0351
   0.2078  -0.7500   0.0317   0.1078  -0.1529   0.2204  -0.0884   0.0460  -0.1722
   0.2465   0.0317  -0.5000  -0.0188   0.1205   0.0786   0.1065   0.0542  -0.2134
  -0.1774   0.1078  -0.0188  -0.2500   0.1196   0.2078   0.0252   0.1955   0.1204
   0.1550  -0.1529   0.1205   0.1196   0.0000  -0.1889   0.1373  -0.1491  -0.1836
   0.0818   0.2204   0.0786   0.2078  -0.1889   0.2500   0.0471   0.2473  -0.0761
   0.1172  -0.0884   0.1065   0.0252   0.1373   0.0471   0.5000  -0.0512   0.1073
   0.0597   0.0460   0.0542   0.1955  -0.1491   0.2473  -0.0512   0.7500  -0.1677
   0.0351  -0.1722  -0.2134   0.1204  -0.1836  -0.0761   0.1073  -0.1677   1.0000

eigenval_p,eigenval_h=  1.000000 -1.275242
psi for p    =   0.8174  -0.4330  -0.2248   0.2275  -0.1681  -0.0167  -0.0476  -0.0495  -0.0940

eigenvalues of p=  0.901120  0.913651  0.925932  0.939303  0.949861  0.960754  0.970880  0.979413  1.000000
eigenvalues of h=  1.196769  0.883489  0.576467  0.242178 -0.021770 -0.294090 -0.547235 -0.760567 -1.275242
tau, tau_max= 0.040000 0.404529
p=
   0.9890  -0.0083  -0.0099   0.0071  -0.0062  -0.0033  -0.0047  -0.0024  -0.0014
  -0.0083   0.9790  -0.0013  -0.0043   0.0061  -0.0088   0.0035  -0.0018   0.0069
  -0.0099  -0.0013   0.9690   0.0008  -0.0048  -0.0031  -0.0043  -0.0022   0.0085
   0.0071  -0.0043   0.0008   0.9590  -0.0048  -0.0083  -0.0010  -0.0078  -0.0048
  -0.0062   0.0061  -0.0048  -0.0048   0.9490   0.0076  -0.0055   0.0060   0.0073
  -0.0033  -0.0088  -0.0031  -0.0083   0.0076   0.9390  -0.0019  -0.0099   0.0030
  -0.0047   0.0035  -0.0043  -0.0010  -0.0055  -0.0019   0.9290   0.0020  -0.0043
  -0.0024  -0.0018  -0.0022  -0.0078   0.0060  -0.0099   0.0020   0.9190   0.0067
  -0.0014   0.0069   0.0085  -0.0048   0.0073   0.0030  -0.0043   0.0067   0.9090

sum_p_eig,sum_abs_p_eig,sign_condition_number=  2.078525  2.104528  0.732852

p after making eigenvec +ve =
   0.9890   0.0083   0.0099   0.0071   0.0062   0.0033   0.0047   0.0024   0.0014
   0.0083   0.9790  -0.0013   0.0043   0.0061  -0.0088   0.0035  -0.0018   0.0069
   0.0099  -0.0013   0.9690  -0.0008  -0.0048  -0.0031  -0.0043  -0.0022   0.0085
   0.0071   0.0043  -0.0008   0.9590   0.0048   0.0083   0.0010   0.0078   0.0048
   0.0062   0.0061  -0.0048   0.0048   0.9490   0.0076  -0.0055   0.0060   0.0073
   0.0033  -0.0088  -0.0031   0.0083   0.0076   0.9390  -0.0019  -0.0099   0.0030
   0.0047   0.0035  -0.0043   0.0010  -0.0055  -0.0019   0.9290   0.0020  -0.0043
   0.0024  -0.0018  -0.0022   0.0078   0.0060  -0.0099   0.0020   0.9190   0.0067
   0.0014   0.0069   0.0085   0.0048   0.0073   0.0030  -0.0043   0.0067   0.9090

1+(E_0*1-H) (i.e. p with tau=1) after making eigenvec +ve =
   0.7248  -0.2078  -0.2465  -0.1774  -0.1550  -0.0818  -0.1172  -0.0597  -0.0351
  -0.2078   0.4748   0.0317  -0.1078  -0.1529   0.2204  -0.0884   0.0460  -0.1722
  -0.2465   0.0317   0.2248   0.0188   0.1205   0.0786   0.1065   0.0542  -0.2134
  -0.1774  -0.1078   0.0188  -0.0252  -0.1196  -0.2078  -0.0252  -0.1955  -0.1204
  -0.1550  -0.1529   0.1205  -0.1196  -0.2752  -0.1889   0.1373  -0.1491  -0.1836
  -0.0818   0.2204   0.0786  -0.2078  -0.1889  -0.5252   0.0471   0.2473  -0.0761
  -0.1172  -0.0884   0.1065  -0.0252   0.1373   0.0471  -0.7752  -0.0512   0.1073
  -0.0597   0.0460   0.0542  -0.1955  -0.1491   0.2473  -0.0512  -1.0252  -0.1677
  -0.0351  -0.1722  -0.2134  -0.1204  -0.1836  -0.0761   0.1073  -0.1677  -1.2752
psi0         =   0.8174   0.4330   0.2248   0.2275   0.1681   0.0167   0.0476   0.0495   0.0940
psig         =   0.7975   0.4125   0.2799   0.2262   0.1837   0.0716   0.0560   0.0854   0.1226

E_G= -1.262361

h_imp=
  -1.0000  -0.4018  -0.7026  -0.6254  -0.6730  -0.9110  -1.6708  -0.5574  -0.2285
  -0.1075  -0.7500   0.0467  -0.1966  -0.3434   1.2703  -0.6519   0.2224  -0.5792
  -0.0865   0.0215  -0.5000   0.0232   0.1835   0.3072   0.5326   0.1778  -0.4871
  -0.0503  -0.0591   0.0152  -0.2500  -0.1473  -0.6567  -0.1019  -0.5181  -0.2221
  -0.0357  -0.0681   0.0791  -0.0971   0.0000  -0.4848   0.4509  -0.3209  -0.2751
  -0.0073   0.0382   0.0201  -0.0657  -0.0736   0.2500   0.0602   0.2073  -0.0444
  -0.0082  -0.0120   0.0213  -0.0062   0.0418   0.0368   0.5000  -0.0336   0.0490
  -0.0064   0.0095   0.0165  -0.0738  -0.0693   0.2949  -0.0781   0.7500  -0.1167
  -0.0054  -0.0512  -0.0935  -0.0652  -0.1226  -0.1304   0.2350  -0.2408   1.0000

p_imp=
   0.9890   0.0161   0.0281   0.0250   0.0269   0.0364   0.0668   0.0223   0.0091
   0.0043   0.9790  -0.0019   0.0079   0.0137  -0.0508   0.0261  -0.0089   0.0232
   0.0035  -0.0009   0.9690  -0.0009  -0.0073  -0.0123  -0.0213  -0.0071   0.0195
   0.0020   0.0024  -0.0006   0.9590   0.0059   0.0263   0.0041   0.0207   0.0089
   0.0014   0.0027  -0.0032   0.0039   0.9490   0.0194  -0.0180   0.0128   0.0110
   0.0003  -0.0015  -0.0008   0.0026   0.0029   0.9390  -0.0024  -0.0083   0.0018
   0.0003   0.0005  -0.0009   0.0002  -0.0017  -0.0015   0.9290   0.0013  -0.0020
   0.0003  -0.0004  -0.0007   0.0030   0.0028  -0.0118   0.0031   0.9190   0.0047
   0.0002   0.0020   0.0037   0.0026   0.0049   0.0052  -0.0094   0.0096   0.9090
tau_av_expon_proj    = 3.253618 1.511904 1.005106 0.867035 0.604411 0.244363 0.264447 0.438917 0.499438
tau_av_expon_proj_new= 3.633167 1.903884 1.289920 0.975379 0.784165 0.655634 0.563303 0.493768 0.439514
factor=                1.110120 1.228612 1.247074 1.117484 1.257630 1.872523 1.699855 1.117491 0.872544
factor2=                 1.1167   1.2593   1.2834   1.1250   1.2974   2.6830   2.1301   1.1250   0.8800

eigenvalues of p_imp=  0.901120  0.913651  0.925932  0.939303  0.949861  0.960754  0.970880  0.979413  1.000000
eigenvalues of h_imp=  1.196769  0.883489  0.576467  0.242178 -0.021770 -0.294090 -0.547235 -0.760567 -1.275242

eigenval_p,eigenval_h=  1.000000 -1.275242
psi0_psig    =   0.6550   0.1794   0.0632   0.0517   0.0310   0.0012   0.0027   0.0042   0.0116

imp-sampled: sum_p_eig,sum_abs_p_eig,sign_condition_number=  1.000000  1.003364  0.919477

p_FN1=
   0.9890   0.0161   0.0281   0.0250   0.0269   0.0364   0.0668   0.0223   0.0091
   0.0043   0.9762   0.0000   0.0079   0.0137   0.0000   0.0261   0.0000   0.0232
   0.0035   0.0000   0.9610   0.0000   0.0000   0.0000   0.0000   0.0000   0.0195
   0.0020   0.0024   0.0000   0.9581   0.0059   0.0263   0.0041   0.0207   0.0089
   0.0014   0.0027   0.0000   0.0039   0.9400   0.0194   0.0000   0.0128   0.0110
   0.0003   0.0000   0.0000   0.0026   0.0029   0.8626   0.0000   0.0000   0.0018
   0.0003   0.0005   0.0000   0.0002   0.0000   0.0000   0.8778   0.0013   0.0000
   0.0003   0.0000   0.0000   0.0030   0.0028   0.0000   0.0031   0.8947   0.0047
   0.0002   0.0020   0.0037   0.0026   0.0049   0.0052   0.0000   0.0096   0.9070

eigenvalues of p_FN1=  0.861048  0.877267  0.891325  0.905424  0.939509  0.957745  0.960114  0.974140  0.999890
eigenvalues of h_FN1=  2.198559  1.793087  1.441629  1.089148  0.237040 -0.218873 -0.278092 -0.628752 -1.272488

eigenval_p,eigenval_h=  0.999890 -1.272488
psiFN1_psig =    0.6600   0.1697   0.0646   0.0527   0.0310   0.0032   0.0026   0.0045   0.0116

E_0, E_G, E_FN1, E_G-E_0, E_FN1-E_0, rms fluctuation of E_L  -1.27524  -1.26236  -1.27249   0.01288   0.00275   0.12187
E_L     =  -1.3074  -1.2729  -1.0972  -1.3569  -1.2038  -0.0237  -0.7240  -0.3133  -0.9043
p_L     =   1.0014   1.0000   0.9930   1.0034   0.9973   0.9500   0.9781   0.9616   0.9853
p_abs_L =   1.0013   1.0027   1.0008   1.0042   1.0062   1.0263   1.0291   0.9858   0.9871

p_propos=
   0.9877   0.0160   0.0281   0.0249   0.0268   0.0355   0.0649   0.0226   0.0093
   0.0043   0.9764   0.0000   0.0078   0.0137   0.0000   0.0253   0.0000   0.0235
   0.0035   0.0000   0.9682   0.0000   0.0000   0.0000   0.0000   0.0000   0.0197
   0.0020   0.0024   0.0000   0.9550   0.0059   0.0256   0.0040   0.0210   0.0090
   0.0014   0.0027   0.0000   0.0039   0.9432   0.0189   0.0000   0.0130   0.0111
   0.0003   0.0000   0.0000   0.0026   0.0029   0.9149   0.0000   0.0000   0.0018
   0.0003   0.0005   0.0000   0.0002   0.0000   0.0000   0.9027   0.0014   0.0000
   0.0003   0.0000   0.0000   0.0029   0.0028   0.0000   0.0030   0.9322   0.0047
   0.0002   0.0020   0.0037   0.0026   0.0049   0.0051   0.0000   0.0098   0.9208
psig**2=         0.6360   0.1702   0.0783   0.0512   0.0337   0.0051   0.0031   0.0073   0.0150
psig**2 * P_L=   0.6369   0.1702   0.0778   0.0513   0.0337   0.0049   0.0031   0.0070   0.0148
psiFN_psig=      0.6600   0.1697   0.0646   0.0527   0.0310   0.0032   0.0026   0.0045   0.0116
p_L=             1.0014   1.0000   0.9930   1.0034   0.9973   0.9500   0.9781   0.9616   0.9853
W_prod=          1.0373   0.9967   0.8248   1.0295   0.9187   0.6316   0.8311   0.6163   0.7743

p_markov=
   0.9878   0.0160   0.0281   0.0249   0.0268   0.0355   0.0649   0.0223   0.0091
   0.0043   0.9764   0.0000   0.0078   0.0137   0.0000   0.0253   0.0000   0.0231
   0.0035   0.0000   0.9682   0.0000   0.0000   0.0000   0.0000   0.0000   0.0195
   0.0020   0.0024   0.0000   0.9551   0.0059   0.0256   0.0040   0.0206   0.0088
   0.0014   0.0027   0.0000   0.0039   0.9432   0.0189   0.0000   0.0128   0.0109
   0.0003   0.0000   0.0000   0.0026   0.0029   0.9149   0.0000   0.0000   0.0017
   0.0003   0.0005   0.0000   0.0002   0.0000   0.0000   0.9027   0.0013   0.0000
   0.0003   0.0000   0.0000   0.0029   0.0028   0.0000   0.0030   0.9333   0.0047
   0.0002   0.0020   0.0037   0.0026   0.0049   0.0051   0.0000   0.0098   0.9220

eigenvalues of p_markov=  0.902198  0.911289  0.916626  0.930838  0.942992  0.959501  0.965152  0.975017  1.000000
eigenvalues of h_markov=  1.169813  0.942527  0.809110  0.453799  0.149962 -0.262778 -0.404031 -0.650678 -1.275242

eigenval_p,eigenval_h=  1.000000 -1.272488
psi for p_mar=   0.6360   0.1702   0.0783   0.0512   0.0337   0.0051   0.0031   0.0073   0.0150
psig**2      =   0.6360   0.1702   0.0783   0.0512   0.0337   0.0051   0.0031   0.0073   0.0150
Above 2 lines should be equal since Markov matrix has dominant state psig**2
The exception to this occurs when there is no sign problem, but some components of psig have the wrong sign, in which case one has 2 decoupled spaces with degenerate dominant eigenvalues

p_FN3=
   0.9891   0.0160   0.0279   0.0250   0.0267   0.0337   0.0635   0.0214   0.0090
   0.0043   0.9764   0.0000   0.0079   0.0136   0.0000   0.0248   0.0000   0.0228
   0.0035   0.0000   0.9614   0.0000   0.0000   0.0000   0.0000   0.0000   0.0192
   0.0020   0.0024   0.0000   0.9583   0.0058   0.0243   0.0039   0.0198   0.0087
   0.0014   0.0027   0.0000   0.0039   0.9406   0.0180   0.0000   0.0123   0.0108
   0.0003   0.0000   0.0000   0.0026   0.0029   0.8692   0.0000   0.0000   0.0017
   0.0003   0.0005   0.0000   0.0002   0.0000   0.0000   0.8829   0.0013   0.0000
   0.0003   0.0000   0.0000   0.0029   0.0027   0.0000   0.0030   0.8975   0.0047
   0.0002   0.0020   0.0037   0.0026   0.0049   0.0048   0.0000   0.0094   0.9085

eigenvalues of p_FN3=  0.867690  0.882335  0.893996  0.907023  0.940146  0.958037  0.960399  0.974343  0.999985
eigenvalues of h_FN3=  2.032520  1.666375  1.374858  1.049173  0.221120 -0.226169 -0.285224 -0.633815 -1.274877

eigenval_p,eigenval_h=  0.999985 -1.272123
psiFN3_psig  =   0.6594   0.1697   0.0650   0.0525   0.0311   0.0033   0.0026   0.0046   0.0118

p_FN4=
   0.9891   0.0160   0.0279   0.0250   0.0267   0.0337   0.0635   0.0217   0.0091
   0.0043   0.9764   0.0000   0.0079   0.0136   0.0000   0.0248   0.0000   0.0231
   0.0035   0.0000   0.9614   0.0000   0.0000   0.0000   0.0000   0.0000   0.0194
   0.0020   0.0024   0.0000   0.9582   0.0058   0.0243   0.0039   0.0202   0.0089
   0.0014   0.0027   0.0000   0.0039   0.9406   0.0180   0.0000   0.0125   0.0110
   0.0003   0.0000   0.0000   0.0026   0.0029   0.8692   0.0000   0.0000   0.0018
   0.0003   0.0005   0.0000   0.0002   0.0000   0.0000   0.8829   0.0013   0.0000
   0.0003   0.0000   0.0000   0.0029   0.0027   0.0000   0.0030   0.8964   0.0047
   0.0002   0.0020   0.0037   0.0026   0.0049   0.0048   0.0000   0.0094   0.9073

eigenvalues of p_FN4=  0.867647  0.882288  0.892989  0.905899  0.940074  0.957982  0.960372  0.974313  0.999983
eigenvalues of h_FN4=  2.033588  1.667567  1.400027  1.077278  0.222910 -0.224801 -0.284539 -0.633075 -1.274822

eigenval_p,eigenval_h=  0.999983 -1.272068
psiFN4_psig  =   0.6591   0.1699   0.0650   0.0526   0.0312   0.0034   0.0027   0.0046   0.0116

E_G, E_FN1, E_FN3, E_FN4, E_0, recover_FN1, recover_FN3, recover_FN4, 1-ovlp_FN1, 1-ovlp_FN3, 1-ovlp_FN4, sign_cond_num= -1.262361 -1.272488 -1.272123 -1.272068 -1.275242 0.786 0.758 0.754 1.E-04 1.E-04 1.E-04 0.919

p_propos2=
   0.9877   0.0161   0.0283   0.0249   0.0270   0.0384   0.0683   0.0232   0.0093
   0.0043   0.9763   0.0000   0.0078   0.0138   0.0000   0.0267   0.0000   0.0235
   0.0035   0.0000   0.9679   0.0000   0.0000   0.0000   0.0000   0.0000   0.0198
   0.0020   0.0024   0.0000   0.9549   0.0059   0.0277   0.0042   0.0216   0.0090
   0.0014   0.0027   0.0000   0.0039   0.9427   0.0204   0.0000   0.0133   0.0112
   0.0003   0.0000   0.0000   0.0026   0.0030   0.9081   0.0000   0.0000   0.0018
   0.0003   0.0005   0.0000   0.0002   0.0000   0.0000   0.8976   0.0014   0.0000
   0.0003   0.0000   0.0000   0.0029   0.0028   0.0000   0.0032   0.9305   0.0047
   0.0002   0.0020   0.0038   0.0026   0.0049   0.0055   0.0000   0.0100   0.9207

eigenvalues of p_FN1_propos=  0.897112  0.904782  0.914980  0.928278  0.942443  0.959122  0.964909  0.974905  1.000000
psi for p_FN1_propos=   0.6372   0.1702   0.0778   0.0514   0.0337   0.0049   0.0031   0.0070   0.0148
psig**2 * P_L       =   0.6372   0.1702   0.0778   0.0514   0.0337   0.0049   0.0031   0.0070   0.0148
Above 2 lines should be equal since proposal part of p_FN1 has dominant state psig**2 * P_L
The exception to this occurs when there is no sign problem, but some components of psig have the wrong sign, in which case one has 2 decoupled spaces with degenerate dominant eigenvalues

pp_FN1=
 700.3324 637.2396 540.7004 666.4978 595.9701 413.8205 547.8290 401.4814 498.5436
 170.4660 201.0993 132.8322 173.5131 158.2458 105.2673 143.6235 102.9782 136.0006
  66.5627  61.1277  77.6475  63.9103  57.3285  39.7488  52.2129  38.8769  53.1970
  53.6183  52.1808  41.7651  76.9736  49.8357  37.3965  43.6739  36.7664  42.4691
  31.6142  31.3802  24.7033  32.8614  45.0197  21.8925  25.4515  21.1884  25.8377
   3.3308   3.1674   2.5989   3.7419   3.3220   9.4425   2.6583   2.1097   2.6758
   2.6960   2.6423   2.0873   2.6717   2.3612   1.6253  10.3495   1.6861   1.9929
   4.5968   4.4075   3.6158   5.2331   4.5736   3.0010   3.9229  12.4607   4.0013
  11.7775  12.0105  10.2086  12.4714  11.5068   7.8533   9.5664   8.2555  20.0952
1st col normalized  0.963794  0.234595  0.091603  0.073789  0.043507  0.004584  0.003710  0.006326  0.016208
2nd col normalized  0.945601  0.298412  0.090708  0.077431  0.046565  0.004700  0.003921  0.006540  0.017822
3rd col normalized  0.958060  0.235364  0.137583  0.074003  0.043772  0.004605  0.003698  0.006407  0.018088
psiFN_psig          0.660036  0.169652  0.064622  0.052700  0.031014  0.003237  0.002603  0.004493  0.011643
W=       669.276574 172.027261  65.526671  53.438040  31.447777   3.282106   2.639649   4.555563  11.806358
W_der=     0.663576  -0.200481   0.055409   0.051990   0.029599   0.000105   0.002509   0.003376   0.009807
W_der/W=   0.000991  -0.001165   0.000846   0.000973   0.000941   0.000032   0.000951   0.000741   0.000831

gradient_vmc_FD, gradient_vmc= -0.008683 -0.008683
E_L_der =         -0.2606   1.2676   0.1132  -0.4767  -0.8326   3.0797  -1.5804   0.5392  -1.4042
E_L_der_increm =  -0.2606   1.2676   0.1132  -0.4767  -0.8326   3.0797  -1.5804   0.5392  -1.4042
The above 2 lines should be equal
psiFN1_psig  =   0.6600   0.1697   0.0646   0.0527   0.0310   0.0032   0.0026   0.0045   0.0116
psig_increm**2=                 0.6360    0.1702    0.0783    0.0512    0.0337    0.0051    0.0031    0.0073    0.0150
psig_increm**2 * P_L_increm=    0.6369    0.1702    0.0778    0.0513    0.0337    0.0049    0.0031    0.0070    0.0148
psiFN_psig_increm=              0.6600    0.1697    0.0646    0.0527    0.0310    0.0032    0.0026    0.0045    0.0116
W_prod_increm                   1.0373    0.9967    0.8248    1.0295    0.9187    0.6316    0.8311    0.6163    0.7743
W_prod                          1.0373    0.9967    0.8248    1.0295    0.9187    0.6316    0.8311    0.6163    0.7743
W_prod_increm                  1.037301817   0.996652946   0.824773132   1.029514977   0.918706695   0.631596879   0.831111268   0.616261171   0.774321223
W_prod                         1.037301777   0.996653124   0.824773111   1.029514939   0.918706658   0.631596912   0.831111231   0.616261160   0.774321191
W_prod_der=                     0.3942   -1.7744    0.2072    0.3854    0.3682   -0.3270    0.3647    0.1084    0.3173

E_FN1, E_FN1_increm, gradient_FN1_FD, gradient_FN1= -1.272488 -1.272488 -0.014486 -0.008952

E_FN1, E_FN1_increm, gradient_FN1_FD, gradient_FN1= -1.272488 -1.272488 -0.014486 -0.014486

gradient_FN1_FD, gradient_FN1, 1st+2*2nd terms, gradient_FN1_1, gradient_FN1_2, gradient_FN1_3= -0.014486 -0.014486 -0.017563 -0.000327 -0.005541 -0.008618
------------------------------------------------------------

Data set    3

h=
  -1.0000   0.0404   0.0718  -0.0811   0.1244  -0.0287  -0.1692  -0.0427  -0.1855
   0.0404  -0.7500   0.0116  -0.1719   0.1516  -0.0466   0.2187  -0.1013   0.0946
   0.0718   0.0116  -0.5000   0.2356  -0.0595  -0.1163   0.2479  -0.1902  -0.0795
  -0.0811  -0.1719   0.2356  -0.2500  -0.0695   0.2271   0.0548   0.1091  -0.0390
   0.1244   0.1516  -0.0595  -0.0695   0.0000  -0.1933  -0.1028  -0.1993  -0.1509
  -0.0287  -0.0466  -0.1163   0.2271  -0.1933   0.2500   0.0086  -0.2237   0.1178
  -0.1692   0.2187   0.2479   0.0548  -0.1028   0.0086   0.5000   0.0091  -0.1426
  -0.0427  -0.1013  -0.1902   0.1091  -0.1993  -0.2237   0.0091   0.7500  -0.1474
  -0.1855   0.0946  -0.0795  -0.0390  -0.1509   0.1178  -0.1426  -0.1474   1.0000

eigenval_p,eigenval_h=  1.000000 -1.090220
psi for p    =   0.9278  -0.1370  -0.2455   0.1362  -0.0797  -0.0542   0.1543  -0.0284   0.0876

eigenvalues of p=  0.910051  0.923327  0.931206  0.940363  0.961967  0.964033  0.984710  0.991865  1.000000
eigenvalues of h=  1.158502  0.826606  0.629632  0.400707 -0.139383 -0.191035 -0.707961 -0.886848 -1.090220
tau, tau_max= 0.040000 0.444697
p=
   0.9964  -0.0016  -0.0029   0.0032  -0.0050   0.0011   0.0068   0.0017   0.0074
  -0.0016   0.9864  -0.0005   0.0069  -0.0061   0.0019  -0.0087   0.0041  -0.0038
  -0.0029  -0.0005   0.9764  -0.0094   0.0024   0.0047  -0.0099   0.0076   0.0032
   0.0032   0.0069  -0.0094   0.9664   0.0028  -0.0091  -0.0022  -0.0044   0.0016
  -0.0050  -0.0061   0.0024   0.0028   0.9564   0.0077   0.0041   0.0080   0.0060
   0.0011   0.0019   0.0047  -0.0091   0.0077   0.9464  -0.0003   0.0089  -0.0047
   0.0068  -0.0087  -0.0099  -0.0022   0.0041  -0.0003   0.9364  -0.0004   0.0057
   0.0017   0.0041   0.0076  -0.0044   0.0080   0.0089  -0.0004   0.9264   0.0059
   0.0074  -0.0038   0.0032   0.0016   0.0060  -0.0047   0.0057   0.0059   0.9164

sum_p_eig,sum_abs_p_eig,sign_condition_number=  1.850582  1.872741  0.742616

p after making eigenvec +ve =
   0.9964   0.0016   0.0029   0.0032   0.0050  -0.0011   0.0068  -0.0017   0.0074
   0.0016   0.9864  -0.0005  -0.0069  -0.0061   0.0019   0.0087   0.0041   0.0038
   0.0029  -0.0005   0.9764   0.0094   0.0024   0.0047   0.0099   0.0076  -0.0032
   0.0032  -0.0069   0.0094   0.9664  -0.0028   0.0091  -0.0022   0.0044   0.0016
   0.0050  -0.0061   0.0024  -0.0028   0.9564   0.0077  -0.0041   0.0080  -0.0060
  -0.0011   0.0019   0.0047   0.0091   0.0077   0.9464   0.0003   0.0089   0.0047
   0.0068   0.0087   0.0099  -0.0022  -0.0041   0.0003   0.9364   0.0004   0.0057
  -0.0017   0.0041   0.0076   0.0044   0.0080   0.0089   0.0004   0.9264  -0.0059
   0.0074   0.0038  -0.0032   0.0016  -0.0060   0.0047   0.0057  -0.0059   0.9164

1+(E_0*1-H) (i.e. p with tau=1) after making eigenvec +ve =
   0.9098  -0.0404  -0.0718  -0.0811  -0.1244   0.0287  -0.1692   0.0427  -0.1855
  -0.0404   0.6598   0.0116   0.1719   0.1516  -0.0466  -0.2187  -0.1013  -0.0946
  -0.0718   0.0116   0.4098  -0.2356  -0.0595  -0.1163  -0.2479  -0.1902   0.0795
  -0.0811   0.1719  -0.2356   0.1598   0.0695  -0.2271   0.0548  -0.1091  -0.0390
  -0.1244   0.1516  -0.0595   0.0695  -0.0902  -0.1933   0.1028  -0.1993   0.1509
   0.0287  -0.0466  -0.1163  -0.2271  -0.1933  -0.3402  -0.0086  -0.2237  -0.1178
  -0.1692  -0.2187  -0.2479   0.0548   0.1028  -0.0086  -0.5902  -0.0091  -0.1426
   0.0427  -0.1013  -0.1902  -0.1091  -0.1993  -0.2237  -0.0091  -0.8402   0.1474
  -0.1855  -0.0946   0.0795  -0.0390   0.1509  -0.1178  -0.1426   0.1474  -1.0902
psi0         =   0.9278   0.1370   0.2455   0.1362   0.0797   0.0542   0.1543   0.0284   0.0876
psig         =   0.8829   0.2086   0.2742   0.1565   0.1444   0.0657   0.1579   0.0763   0.1460

E_G= -1.069998

h_imp=
  -1.0000  -0.1711  -0.2314  -0.4577  -0.7606   0.3852  -0.9462   0.4944  -1.1213
  -0.0096  -0.7500   0.0089   0.2291   0.2190  -0.1478  -0.2889  -0.2770  -0.1352
  -0.0223   0.0153  -0.5000  -0.4126  -0.1130  -0.4854  -0.4305  -0.6835   0.1491
  -0.0144   0.1290  -0.1345  -0.2500   0.0754  -0.5411   0.0543  -0.2239  -0.0418
  -0.0203   0.1049  -0.0313   0.0642   0.0000  -0.4248   0.0940  -0.3774   0.1492
   0.0021  -0.0147  -0.0279  -0.0953  -0.0879   0.2500  -0.0036  -0.1927  -0.0530
  -0.0303  -0.1655  -0.1428   0.0553   0.1124  -0.0207   0.5000  -0.0188  -0.1541
   0.0037  -0.0370  -0.0529  -0.0532  -0.1053  -0.2598  -0.0044   0.7500   0.0770
  -0.0307  -0.0663   0.0423  -0.0364   0.1526  -0.2619  -0.1319   0.2823   1.0000

p_imp=
   0.9964   0.0068   0.0093   0.0183   0.0304  -0.0154   0.0378  -0.0198   0.0449
   0.0004   0.9864  -0.0004  -0.0092  -0.0088   0.0059   0.0116   0.0111   0.0054
   0.0009  -0.0006   0.9764   0.0165   0.0045   0.0194   0.0172   0.0273  -0.0060
