Input hamiltonian
hamiltonian=random                                                                          
Input ndim, E_T, tau
ndim, E_T, tau=    9-20.000000 0.000020
Input fraction_positive, off_diag_mag, psig_noise
fraction_positive, off_diag_mag,psig_noise= 0.500000 0.500000 0.200000
psig_correct_sign
psig_correct_sign= T
Input irand_seed
irand_seed=1425565376542456

Data set    1

h=
  -1.0000   0.0800   0.1401  -0.1696   0.0630   0.1789  -0.0366  -0.0928  -0.2290
   0.0800  -0.7500   0.0859   0.2028  -0.0542   0.1379   0.1569  -0.0799  -0.2353
   0.1401   0.0859  -0.5000   0.1165  -0.2461  -0.0961  -0.2234  -0.1402   0.2370
  -0.1696   0.2028   0.1165  -0.2500  -0.0711  -0.2226   0.0454   0.1250  -0.0263
   0.0630  -0.0542  -0.2461  -0.0711   0.0000  -0.0210   0.1375  -0.2232  -0.0393
   0.1789   0.1379  -0.0961  -0.2226  -0.0210   0.2500  -0.2276  -0.1955  -0.0772
  -0.0366   0.1569  -0.2234   0.0454   0.1375  -0.2276   0.5000  -0.2075  -0.1275
  -0.0928  -0.0799  -0.1402   0.1250  -0.2232  -0.1955  -0.2075   0.7500  -0.0525
  -0.2290  -0.2353   0.2370  -0.0263  -0.0393  -0.0772  -0.1275  -0.0525   1.0000

eigenval_p,eigenval_h=  1.000000 -1.153737
psi for p    =   0.8957  -0.1375  -0.3155   0.2159  -0.1095  -0.0884  -0.0127  -0.0197   0.1112

eigenvalues of p=  0.999954  0.999958  0.999963  0.999974  0.999977  0.999982  0.999989  0.999996  1.000000
eigenvalues of h=  1.154489  0.958038  0.687698  0.149593  0.020158 -0.275736 -0.609584 -0.930919 -1.153737
tau, tau_max= 0.000020 0.433233
p=
   1.0000  -0.0000  -0.0000   0.0000  -0.0000  -0.0000   0.0000   0.0000   0.0000
  -0.0000   1.0000  -0.0000  -0.0000   0.0000  -0.0000  -0.0000   0.0000   0.0000
  -0.0000  -0.0000   1.0000  -0.0000   0.0000   0.0000   0.0000   0.0000  -0.0000
   0.0000  -0.0000  -0.0000   1.0000   0.0000   0.0000  -0.0000  -0.0000   0.0000
  -0.0000   0.0000   0.0000   0.0000   1.0000   0.0000  -0.0000   0.0000   0.0000
  -0.0000  -0.0000   0.0000   0.0000   0.0000   1.0000   0.0000   0.0000   0.0000
   0.0000  -0.0000   0.0000  -0.0000  -0.0000   0.0000   1.0000   0.0000   0.0000
   0.0000   0.0000   0.0000  -0.0000   0.0000   0.0000   0.0000   1.0000   0.0000
   0.0000   0.0000  -0.0000   0.0000   0.0000   0.0000   0.0000   0.0000   1.0000

sum_p_eig,sum_abs_p_eig,sign_condition_number=  1.905979  1.905996  0.640416

p after making eigenvec +ve =
   1.0000   0.0000   0.0000   0.0000   0.0000   0.0000  -0.0000  -0.0000   0.0000
   0.0000   1.0000  -0.0000   0.0000   0.0000  -0.0000  -0.0000   0.0000  -0.0000
   0.0000  -0.0000   1.0000   0.0000   0.0000   0.0000   0.0000   0.0000   0.0000
   0.0000   0.0000   0.0000   1.0000  -0.0000  -0.0000   0.0000   0.0000   0.0000
   0.0000   0.0000   0.0000  -0.0000   1.0000   0.0000  -0.0000   0.0000  -0.0000
   0.0000  -0.0000   0.0000  -0.0000   0.0000   1.0000   0.0000   0.0000  -0.0000
  -0.0000  -0.0000   0.0000   0.0000  -0.0000   0.0000   1.0000   0.0000  -0.0000
  -0.0000   0.0000   0.0000   0.0000   0.0000   0.0000   0.0000   1.0000  -0.0000
   0.0000  -0.0000   0.0000   0.0000  -0.0000  -0.0000  -0.0000  -0.0000   1.0000

1+(E_0*1-H) (i.e. p with tau=1) after making eigenvec +ve =
   0.8463  -0.0800  -0.1401  -0.1696  -0.0630  -0.1789   0.0366   0.0928  -0.2290
  -0.0800   0.5963   0.0859  -0.2028  -0.0542   0.1379   0.1569  -0.0799   0.2353
  -0.1401   0.0859   0.3463  -0.1165  -0.2461  -0.0961  -0.2234  -0.1402  -0.2370
  -0.1696  -0.2028  -0.1165   0.0963   0.0711   0.2226  -0.0454  -0.1250  -0.0263
  -0.0630  -0.0542  -0.2461   0.0711  -0.1537  -0.0210   0.1375  -0.2232   0.0393
  -0.1789   0.1379  -0.0961   0.2226  -0.0210  -0.4037  -0.2276  -0.1955   0.0772
   0.0366   0.1569  -0.2234  -0.0454   0.1375  -0.2276  -0.6537  -0.2075   0.1275
   0.0928  -0.0799  -0.1402  -0.1250  -0.2232  -0.1955  -0.2075  -0.9037   0.0525
  -0.2290   0.2353  -0.2370  -0.0263   0.0393   0.0772   0.1275   0.0525  -1.1537
psi0         =   0.8957   0.1375   0.3155   0.2159   0.1095   0.0884   0.0127   0.0197   0.1112
psig         =   0.8497   0.2024   0.3495   0.2064   0.1758   0.1022   0.0804   0.0860   0.1307

E_G= -1.131880

h_imp=
  -1.0000  -0.3357  -0.3407  -0.6985  -0.3046  -1.4875   0.3864   0.9170  -1.4884
  -0.0191  -0.7500   0.0498  -0.1989  -0.0624   0.2730   0.3950  -0.1880   0.3643
  -0.0576   0.1483  -0.5000  -0.1973  -0.4893  -0.3286  -0.9710  -0.5697  -0.6336
  -0.0412  -0.2068  -0.0688  -0.2500   0.0834   0.4495  -0.1166  -0.2999  -0.0416
  -0.0130  -0.0471  -0.1238   0.0606   0.0000  -0.0362   0.3007  -0.4562   0.0528
  -0.0215   0.0696  -0.0281   0.1103  -0.0122   0.2500  -0.2893  -0.2324   0.0604
   0.0035   0.0623  -0.0514  -0.0177   0.0629  -0.1790   0.5000  -0.1939   0.0784
   0.0094  -0.0339  -0.0345  -0.0521  -0.1092  -0.1645  -0.2219   0.7500   0.0346
  -0.0352   0.1519  -0.0886  -0.0167   0.0292   0.0988   0.2073   0.0799   1.0000

p_imp=
   1.0000   0.0000   0.0000   0.0000   0.0000   0.0000  -0.0000  -0.0000   0.0000
   0.0000   1.0000  -0.0000   0.0000   0.0000  -0.0000  -0.0000   0.0000  -0.0000
   0.0000  -0.0000   1.0000   0.0000   0.0000   0.0000   0.0000   0.0000   0.0000
   0.0000   0.0000   0.0000   1.0000  -0.0000  -0.0000   0.0000   0.0000   0.0000
   0.0000   0.0000   0.0000  -0.0000   1.0000   0.0000  -0.0000   0.0000  -0.0000
   0.0000  -0.0000   0.0000  -0.0000   0.0000   1.0000   0.0000   0.0000  -0.0000
  -0.0000  -0.0000   0.0000   0.0000  -0.0000   0.0000   1.0000   0.0000  -0.0000
  -0.0000   0.0000   0.0000   0.0000   0.0000   0.0000   0.0000   1.0000  -0.0000
   0.0000  -0.0000   0.0000   0.0000  -0.0000  -0.0000  -0.0000  -0.0000   1.0000
tau_av_expon_proj    = 4.986903 0.947243 1.272604 0.739649 0.867150 0.331454 0.346231 0.340484 0.363087
tau_av_expon_proj_new= 6.504622 2.476861 1.529668 1.106517 0.866749 0.712384 0.604691 0.525283 0.464309
factor=                1.262797 1.854403 1.182998 1.393129 0.999537 1.706979 1.533304 1.421637 1.243594
factor2=                 1.3043   2.6148   1.2020   1.4960   0.9995   2.1493   1.7465   1.5428   1.2788

eigenvalues of p_imp=  0.999954  0.999958  0.999963  0.999974  0.999977  0.999982  0.999989  0.999996  1.000000
eigenvalues of h_imp=  1.154489  0.958038  0.687698  0.149593  0.020158 -0.275736 -0.609584 -0.930919 -1.153737

eigenval_p,eigenval_h=  1.000000 -1.153737
psi0_psig    =   0.7694   0.0281   0.1115   0.0450   0.0195   0.0091   0.0010   0.0017   0.0147

imp-sampled: sum_p_eig,sum_abs_p_eig,sign_condition_number=  1.000000  1.000002  0.890631

p_FN1=
   1.0000   0.0000   0.0000   0.0000   0.0000   0.0000   0.0000   0.0000   0.0000
   0.0000   1.0000   0.0000   0.0000   0.0000   0.0000   0.0000   0.0000   0.0000
   0.0000   0.0000   1.0000   0.0000   0.0000   0.0000   0.0000   0.0000   0.0000
   0.0000   0.0000   0.0000   1.0000   0.0000   0.0000   0.0000   0.0000   0.0000
   0.0000   0.0000   0.0000   0.0000   1.0000   0.0000   0.0000   0.0000   0.0000
   0.0000   0.0000   0.0000   0.0000   0.0000   1.0000   0.0000   0.0000   0.0000
   0.0000   0.0000   0.0000   0.0000   0.0000   0.0000   0.9999   0.0000   0.0000
   0.0000   0.0000   0.0000   0.0000   0.0000   0.0000   0.0000   0.9999   0.0000
   0.0000   0.0000   0.0000   0.0000   0.0000   0.0000   0.0000   0.0000   0.9999

eigenvalues of p_FN1=  0.999937  0.999942  0.999944  0.999958  0.999972  0.999976  0.999985  0.999988  1.000000
eigenvalues of h_FN1=  1.996348  1.737972  1.635514  0.967016  0.252600  0.041564 -0.398936 -0.544942 -1.147888

eigenval_p,eigenval_h=  1.000000 -1.147888
psiFN1_psig =    0.7583   0.0306   0.1148   0.0446   0.0210   0.0098   0.0031   0.0041   0.0137

E_0, E_G, E_FN1, E_G-E_0, E_FN1-E_0, rms fluctuation of E_L  -1.15374  -1.13188  -1.14789   0.02186   0.00585   0.13794
E_L     =  -1.1748  -0.9413  -1.1863  -1.2603  -0.8021  -1.1245   0.1906  -0.1933  -0.5730
p_L     =   1.0000   1.0000   1.0000   1.0000   1.0000   1.0000   1.0000   1.0000   1.0000
p_abs_L =   1.0000   1.0000   1.0000   1.0000   1.0000   1.0000   1.0000   1.0000   1.0000

p_propos=
   1.0000   0.0000   0.0000   0.0000   0.0000   0.0000   0.0000   0.0000   0.0000
   0.0000   1.0000   0.0000   0.0000   0.0000   0.0000   0.0000   0.0000   0.0000
   0.0000   0.0000   1.0000   0.0000   0.0000   0.0000   0.0000   0.0000   0.0000
   0.0000   0.0000   0.0000   1.0000   0.0000   0.0000   0.0000   0.0000   0.0000
   0.0000   0.0000   0.0000   0.0000   1.0000   0.0000   0.0000   0.0000   0.0000
   0.0000   0.0000   0.0000   0.0000   0.0000   1.0000   0.0000   0.0000   0.0000
   0.0000   0.0000   0.0000   0.0000   0.0000   0.0000   1.0000   0.0000   0.0000
   0.0000   0.0000   0.0000   0.0000   0.0000   0.0000   0.0000   1.0000   0.0000
   0.0000   0.0000   0.0000   0.0000   0.0000   0.0000   0.0000   0.0000   1.0000
psig**2=         0.7220   0.0410   0.1221   0.0426   0.0309   0.0104   0.0065   0.0074   0.0171
psig**2 * P_L=   0.7220   0.0410   0.1221   0.0426   0.0309   0.0104   0.0065   0.0074   0.0171
psiFN_psig=      0.7583   0.0306   0.1148   0.0446   0.0210   0.0098   0.0031   0.0041   0.0137
p_L=             1.0000   1.0000   1.0000   1.0000   1.0000   1.0000   1.0000   1.0000   1.0000
W_prod=          1.0502   0.7468   0.9399   1.0467   0.6789   0.9347   0.4864   0.5565   0.8042

p_markov=
   1.0000   0.0000   0.0000   0.0000   0.0000   0.0000   0.0000   0.0000   0.0000
   0.0000   1.0000   0.0000   0.0000   0.0000   0.0000   0.0000   0.0000   0.0000
   0.0000   0.0000   1.0000   0.0000   0.0000   0.0000   0.0000   0.0000   0.0000
   0.0000   0.0000   0.0000   1.0000   0.0000   0.0000   0.0000   0.0000   0.0000
   0.0000   0.0000   0.0000   0.0000   1.0000   0.0000   0.0000   0.0000   0.0000
   0.0000   0.0000   0.0000   0.0000   0.0000   1.0000   0.0000   0.0000   0.0000
   0.0000   0.0000   0.0000   0.0000   0.0000   0.0000   1.0000   0.0000   0.0000
   0.0000   0.0000   0.0000   0.0000   0.0000   0.0000   0.0000   1.0000   0.0000
   0.0000   0.0000   0.0000   0.0000   0.0000   0.0000   0.0000   0.0000   1.0000

eigenvalues of p_markov=  0.999953  0.999956  0.999959  0.999970  0.999974  0.999979  0.999988  0.999989  1.000000
eigenvalues of h_markov=  1.189520  1.070127  0.906996  0.343805  0.126275 -0.083043 -0.563235 -0.616042 -1.153737

eigenval_p,eigenval_h=  1.000000 -1.147888
psi for p_mar=   0.7220   0.0410   0.1221   0.0426   0.0309   0.0104   0.0065   0.0074   0.0171
psig**2      =   0.7220   0.0410   0.1221   0.0426   0.0309   0.0104   0.0065   0.0074   0.0171
Above 2 lines should be equal since Markov matrix has dominant state psig**2
The exception to this occurs when there is no sign problem, but some components of psig have the wrong sign, in which case one has 2 decoupled spaces with degenerate dominant eigenvalues

p_FN3=
   1.0000   0.0000   0.0000   0.0000   0.0000   0.0000   0.0000   0.0000   0.0000
   0.0000   1.0000   0.0000   0.0000   0.0000   0.0000   0.0000   0.0000   0.0000
   0.0000   0.0000   1.0000   0.0000   0.0000   0.0000   0.0000   0.0000   0.0000
   0.0000   0.0000   0.0000   1.0000   0.0000   0.0000   0.0000   0.0000   0.0000
   0.0000   0.0000   0.0000   0.0000   1.0000   0.0000   0.0000   0.0000   0.0000
   0.0000   0.0000   0.0000   0.0000   0.0000   1.0000   0.0000   0.0000   0.0000
   0.0000   0.0000   0.0000   0.0000   0.0000   0.0000   0.9999   0.0000   0.0000
   0.0000   0.0000   0.0000   0.0000   0.0000   0.0000   0.0000   0.9999   0.0000
   0.0000   0.0000   0.0000   0.0000   0.0000   0.0000   0.0000   0.0000   0.9999

eigenvalues of p_FN3=  0.999937  0.999942  0.999944  0.999958  0.999972  0.999976  0.999985  0.999988  1.000000
eigenvalues of h_FN3=  1.990447  1.732076  1.629638  0.961135  0.246743  0.035710 -0.404789 -0.550792 -1.153737

eigenval_p,eigenval_h=  1.000000 -1.147887
psiFN3_psig  =   0.7583   0.0306   0.1148   0.0446   0.0210   0.0098   0.0031   0.0041   0.0137

p_FN4=
   1.0000   0.0000   0.0000   0.0000   0.0000   0.0000   0.0000   0.0000   0.0000
   0.0000   1.0000   0.0000   0.0000   0.0000   0.0000   0.0000   0.0000   0.0000
   0.0000   0.0000   1.0000   0.0000   0.0000   0.0000   0.0000   0.0000   0.0000
   0.0000   0.0000   0.0000   1.0000   0.0000   0.0000   0.0000   0.0000   0.0000
   0.0000   0.0000   0.0000   0.0000   1.0000   0.0000   0.0000   0.0000   0.0000
   0.0000   0.0000   0.0000   0.0000   0.0000   1.0000   0.0000   0.0000   0.0000
   0.0000   0.0000   0.0000   0.0000   0.0000   0.0000   0.9999   0.0000   0.0000
   0.0000   0.0000   0.0000   0.0000   0.0000   0.0000   0.0000   0.9999   0.0000
   0.0000   0.0000   0.0000   0.0000   0.0000   0.0000   0.0000   0.0000   0.9999

eigenvalues of p_FN4=  0.999937  0.999942  0.999944  0.999958  0.999972  0.999976  0.999985  0.999988  1.000000
eigenvalues of h_FN4=  1.990454  1.732084  1.629640  0.961135  0.246747  0.035710 -0.404789 -0.550791 -1.153737

eigenval_p,eigenval_h=  1.000000 -1.147887
psiFN4_psig  =   0.7583   0.0306   0.1148   0.0446   0.0210   0.0098   0.0031   0.0041   0.0137

E_G, E_FN1, E_FN3, E_FN4, E_0, recover_FN1, recover_FN3, recover_FN4, 1-ovlp_FN1, 1-ovlp_FN3, 1-ovlp_FN4, sign_cond_num= -1.131880 -1.147888 -1.147887 -1.147887 -1.153737 0.732 0.732 0.732 4.E-05 4.E-05 4.E-05 0.891

p_propos2=
   1.0000   0.0000   0.0000   0.0000   0.0000   0.0000   0.0000   0.0000   0.0000
   0.0000   1.0000   0.0000   0.0000   0.0000   0.0000   0.0000   0.0000   0.0000
   0.0000   0.0000   1.0000   0.0000   0.0000   0.0000   0.0000   0.0000   0.0000
   0.0000   0.0000   0.0000   1.0000   0.0000   0.0000   0.0000   0.0000   0.0000
   0.0000   0.0000   0.0000   0.0000   1.0000   0.0000   0.0000   0.0000   0.0000
   0.0000   0.0000   0.0000   0.0000   0.0000   1.0000   0.0000   0.0000   0.0000
   0.0000   0.0000   0.0000   0.0000   0.0000   0.0000   1.0000   0.0000   0.0000
   0.0000   0.0000   0.0000   0.0000   0.0000   0.0000   0.0000   1.0000   0.0000
   0.0000   0.0000   0.0000   0.0000   0.0000   0.0000   0.0000   0.0000   1.0000

eigenvalues of p_FN1_propos=  0.999953  0.999956  0.999959  0.999970  0.999974  0.999979  0.999988  0.999989  1.000000
psi for p_FN1_propos=   0.7220   0.0410   0.1221   0.0426   0.0309   0.0104   0.0065   0.0074   0.0171
psig**2 * P_L       =   0.7220   0.0410   0.1221   0.0426   0.0309   0.0104   0.0065   0.0074   0.0171
Above 2 lines should be equal since proposal part of p_FN1 has dominant state psig**2 * P_L
The exception to this occurs when there is no sign problem, but some components of psig have the wrong sign, in which case one has 2 decoupled spaces with degenerate dominant eigenvalues

pp_FN1=
1012.1220   4.1879   4.2490   7.8707   3.8637  15.7743   0.8154   0.8227  15.7394
   0.22521004.5724   0.0329   2.0455   0.6632   0.0348   0.0350   1.9161   0.0331
   0.7052   0.12181006.0119   2.1203   5.0684   3.4428   9.8458   5.8527   6.4681
   0.4641   2.1390   0.74401002.1741   0.0508   0.0550   1.2167   3.0454   0.4673
   0.1539   0.4982   1.2746   0.0255 999.5819   0.3921   0.0366   4.5729   0.0276
   0.2271   0.0108   0.2945   0.0123   0.1352 990.6054   2.8799   2.3168   0.0131
   0.0037   0.0038   0.5182   0.1811   0.0064   1.7789 983.4884   1.9200   0.0054
   0.0048   0.3445   0.3517   0.5253   1.0935   1.6373   2.1975 983.9108   0.0057
   0.3683   0.0148   0.9027   0.1833   0.0174   0.0192   0.0196   0.0175 985.4584
1st col normalized  1.000000  0.000223  0.000697  0.000459  0.000152  0.000224  0.000004  0.000005  0.000364
2nd col normalized  0.004169  0.999989  0.000121  0.002129  0.000496  0.000011  0.000004  0.000343  0.000015
3rd col normalized  0.004224  0.000033  0.999989  0.000740  0.001267  0.000293  0.000515  0.000350  0.000897
psiFN_psig          0.758293  0.030597  0.114782  0.044578  0.020983  0.009766  0.003144  0.004117  0.013741
W=       768.908620  31.025212 116.388654  45.201798  21.277203   9.902878   3.188073   4.174214  13.933350
W_der=     0.001435  -0.000579  -0.000569   0.000877   0.000129  -0.000261  -0.000121   0.000075  -0.000487
W_der/W=   0.000002  -0.000019  -0.000005   0.000019   0.000006  -0.000026  -0.000038   0.000018  -0.000035

gradient_vmc_FD, gradient_vmc=  0.077138  0.077138
E_L_der =         -0.0941   0.9453   0.2458  -0.9827  -0.3084   1.3486   1.9514  -0.9287   1.8000
E_L_der_increm =  -0.0941   0.9453   0.2458  -0.9827  -0.3084   1.3486   1.9514  -0.9287   1.8000
The above 2 lines should be equal
psiFN1_psig  =   0.7583   0.0306   0.1148   0.0446   0.0210   0.0098   0.0031   0.0041   0.0137
psig_increm**2=                 0.7220    0.0410    0.1221    0.0426    0.0309    0.0104    0.0065    0.0074    0.0171
psig_increm**2 * P_L_increm=    0.7220    0.0410    0.1221    0.0426    0.0309    0.0104    0.0065    0.0074    0.0171
psiFN_psig_increm=              0.7583    0.0306    0.1148    0.0446    0.0210    0.0098    0.0031    0.0041    0.0137
W_prod_increm                   1.0502    0.7468    0.9399    1.0467    0.6789    0.9347    0.4864    0.5565    0.8042
W_prod                          1.0502    0.7468    0.9399    1.0467    0.6789    0.9347    0.4864    0.5565    0.8042
W_prod_increm                  1.050246426   0.746764208   0.939900372   1.046667209   0.678940602   0.934707765   0.486370566   0.556548188   0.804172811
W_prod                         1.050246401   0.746764360   0.939900395   1.046667156   0.678940593   0.934707810   0.486370607   0.556548178   0.804172854
W_prod_der=                     0.2500   -1.5162   -0.2226    0.5305    0.0886   -0.4524   -0.4102    0.1049   -0.4327

E_FN1, E_FN1_increm, gradient_FN1_FD, gradient_FN1= -1.147888 -1.147888  0.010603  0.038148

E_FN1, E_FN1_increm, gradient_FN1_FD, gradient_FN1= -1.147888 -1.147888  0.010603  0.012736

gradient_FN1_FD, gradient_FN1, 1st+2*2nd terms, gradient_FN1_1, gradient_FN1_2, gradient_FN1_3=  0.010603  0.012736  0.013854  0.062444 -0.025412 -0.024295
------------------------------------------------------------

Data set    2

h=
  -1.0000   0.2078   0.2465  -0.1774   0.1550   0.0818   0.1172   0.0597   0.0351
   0.2078  -0.7500   0.0317   0.1078  -0.1529   0.2204  -0.0884   0.0460  -0.1722
   0.2465   0.0317  -0.5000  -0.0188   0.1205   0.0786   0.1065   0.0542  -0.2134
  -0.1774   0.1078  -0.0188  -0.2500   0.1196   0.2078   0.0252   0.1955   0.1204
   0.1550  -0.1529   0.1205   0.1196   0.0000  -0.1889   0.1373  -0.1491  -0.1836
   0.0818   0.2204   0.0786   0.2078  -0.1889   0.2500   0.0471   0.2473  -0.0761
   0.1172  -0.0884   0.1065   0.0252   0.1373   0.0471   0.5000  -0.0512   0.1073
   0.0597   0.0460   0.0542   0.1955  -0.1491   0.2473  -0.0512   0.7500  -0.1677
   0.0351  -0.1722  -0.2134   0.1204  -0.1836  -0.0761   0.1073  -0.1677   1.0000

eigenval_p,eigenval_h=  1.000000 -1.275242
psi for p    =   0.8174  -0.4330  -0.2248   0.2275  -0.1681  -0.0167  -0.0476  -0.0495  -0.0940

eigenvalues of p=  0.999951  0.999957  0.999963  0.999970  0.999975  0.999980  0.999985  0.999990  1.000000
eigenvalues of h=  1.196769  0.883489  0.576467  0.242178 -0.021770 -0.294090 -0.547235 -0.760567 -1.275242
tau, tau_max= 0.000020 0.404529
p=
   1.0000  -0.0000  -0.0000   0.0000  -0.0000  -0.0000  -0.0000  -0.0000  -0.0000
  -0.0000   1.0000  -0.0000  -0.0000   0.0000  -0.0000   0.0000  -0.0000   0.0000
  -0.0000  -0.0000   1.0000   0.0000  -0.0000  -0.0000  -0.0000  -0.0000   0.0000
   0.0000  -0.0000   0.0000   1.0000  -0.0000  -0.0000  -0.0000  -0.0000  -0.0000
  -0.0000   0.0000  -0.0000  -0.0000   1.0000   0.0000  -0.0000   0.0000   0.0000
  -0.0000  -0.0000  -0.0000  -0.0000   0.0000   1.0000  -0.0000  -0.0000   0.0000
  -0.0000   0.0000  -0.0000  -0.0000  -0.0000  -0.0000   1.0000   0.0000  -0.0000
  -0.0000  -0.0000  -0.0000  -0.0000   0.0000  -0.0000   0.0000   1.0000   0.0000
  -0.0000   0.0000   0.0000  -0.0000   0.0000   0.0000  -0.0000   0.0000   1.0000

sum_p_eig,sum_abs_p_eig,sign_condition_number=  2.078525  2.078538  0.731432

p after making eigenvec +ve =
   1.0000   0.0000   0.0000   0.0000   0.0000   0.0000   0.0000   0.0000   0.0000
   0.0000   1.0000  -0.0000   0.0000   0.0000  -0.0000   0.0000  -0.0000   0.0000
   0.0000  -0.0000   1.0000  -0.0000  -0.0000  -0.0000  -0.0000  -0.0000   0.0000
   0.0000   0.0000  -0.0000   1.0000   0.0000   0.0000   0.0000   0.0000   0.0000
   0.0000   0.0000  -0.0000   0.0000   1.0000   0.0000  -0.0000   0.0000   0.0000
   0.0000  -0.0000  -0.0000   0.0000   0.0000   1.0000  -0.0000  -0.0000   0.0000
   0.0000   0.0000  -0.0000   0.0000  -0.0000  -0.0000   1.0000   0.0000  -0.0000
   0.0000  -0.0000  -0.0000   0.0000   0.0000  -0.0000   0.0000   1.0000   0.0000
   0.0000   0.0000   0.0000   0.0000   0.0000   0.0000  -0.0000   0.0000   1.0000

1+(E_0*1-H) (i.e. p with tau=1) after making eigenvec +ve =
   0.7248  -0.2078  -0.2465  -0.1774  -0.1550  -0.0818  -0.1172  -0.0597  -0.0351
  -0.2078   0.4748   0.0317  -0.1078  -0.1529   0.2204  -0.0884   0.0460  -0.1722
  -0.2465   0.0317   0.2248   0.0188   0.1205   0.0786   0.1065   0.0542  -0.2134
  -0.1774  -0.1078   0.0188  -0.0252  -0.1196  -0.2078  -0.0252  -0.1955  -0.1204
  -0.1550  -0.1529   0.1205  -0.1196  -0.2752  -0.1889   0.1373  -0.1491  -0.1836
  -0.0818   0.2204   0.0786  -0.2078  -0.1889  -0.5252   0.0471   0.2473  -0.0761
  -0.1172  -0.0884   0.1065  -0.0252   0.1373   0.0471  -0.7752  -0.0512   0.1073
  -0.0597   0.0460   0.0542  -0.1955  -0.1491   0.2473  -0.0512  -1.0252  -0.1677
  -0.0351  -0.1722  -0.2134  -0.1204  -0.1836  -0.0761   0.1073  -0.1677  -1.2752
psi0         =   0.8174   0.4330   0.2248   0.2275   0.1681   0.0167   0.0476   0.0495   0.0940
psig         =   0.7975   0.4125   0.2799   0.2262   0.1837   0.0716   0.0560   0.0854   0.1226

E_G= -1.262361

h_imp=
  -1.0000  -0.4018  -0.7026  -0.6254  -0.6730  -0.9110  -1.6708  -0.5574  -0.2285
  -0.1075  -0.7500   0.0467  -0.1966  -0.3434   1.2703  -0.6519   0.2224  -0.5792
  -0.0865   0.0215  -0.5000   0.0232   0.1835   0.3072   0.5326   0.1778  -0.4871
  -0.0503  -0.0591   0.0152  -0.2500  -0.1473  -0.6567  -0.1019  -0.5181  -0.2221
  -0.0357  -0.0681   0.0791  -0.0971   0.0000  -0.4848   0.4509  -0.3209  -0.2751
  -0.0073   0.0382   0.0201  -0.0657  -0.0736   0.2500   0.0602   0.2073  -0.0444
  -0.0082  -0.0120   0.0213  -0.0062   0.0418   0.0368   0.5000  -0.0336   0.0490
  -0.0064   0.0095   0.0165  -0.0738  -0.0693   0.2949  -0.0781   0.7500  -0.1167
  -0.0054  -0.0512  -0.0935  -0.0652  -0.1226  -0.1304   0.2350  -0.2408   1.0000

p_imp=
   1.0000   0.0000   0.0000   0.0000   0.0000   0.0000   0.0000   0.0000   0.0000
   0.0000   1.0000  -0.0000   0.0000   0.0000  -0.0000   0.0000  -0.0000   0.0000
   0.0000  -0.0000   1.0000  -0.0000  -0.0000  -0.0000  -0.0000  -0.0000   0.0000
   0.0000   0.0000  -0.0000   1.0000   0.0000   0.0000   0.0000   0.0000   0.0000
   0.0000   0.0000  -0.0000   0.0000   1.0000   0.0000  -0.0000   0.0000   0.0000
   0.0000  -0.0000  -0.0000   0.0000   0.0000   1.0000  -0.0000  -0.0000   0.0000
   0.0000   0.0000  -0.0000   0.0000  -0.0000  -0.0000   1.0000   0.0000  -0.0000
   0.0000  -0.0000  -0.0000   0.0000   0.0000  -0.0000   0.0000   1.0000   0.0000
   0.0000   0.0000   0.0000   0.0000   0.0000   0.0000  -0.0000   0.0000   1.0000
tau_av_expon_proj    = 3.253618 1.511904 1.005106 0.867035 0.604411 0.244363 0.264447 0.438917 0.499438
tau_av_expon_proj_new= 3.633167 1.903884 1.289920 0.975379 0.784165 0.655634 0.563303 0.493768 0.439514
factor=                1.110120 1.228612 1.247074 1.117484 1.257630 1.872523 1.699855 1.117491 0.872544
factor2=                 1.1167   1.2593   1.2834   1.1250   1.2974   2.6830   2.1301   1.1250   0.8800

eigenvalues of p_imp=  0.999951  0.999957  0.999963  0.999970  0.999975  0.999980  0.999985  0.999990  1.000000
eigenvalues of h_imp=  1.196769  0.883489  0.576467  0.242178 -0.021770 -0.294090 -0.547235 -0.760567 -1.275242

eigenval_p,eigenval_h=  1.000000 -1.275242
psi0_psig    =   0.6550   0.1794   0.0632   0.0517   0.0310   0.0012   0.0027   0.0042   0.0116

imp-sampled: sum_p_eig,sum_abs_p_eig,sign_condition_number=  1.000000  1.000002  0.919347

p_FN1=
   1.0000   0.0000   0.0000   0.0000   0.0000   0.0000   0.0000   0.0000   0.0000
   0.0000   1.0000   0.0000   0.0000   0.0000   0.0000   0.0000   0.0000   0.0000
   0.0000   0.0000   1.0000   0.0000   0.0000   0.0000   0.0000   0.0000   0.0000
   0.0000   0.0000   0.0000   1.0000   0.0000   0.0000   0.0000   0.0000   0.0000
   0.0000   0.0000   0.0000   0.0000   1.0000   0.0000   0.0000   0.0000   0.0000
   0.0000   0.0000   0.0000   0.0000   0.0000   0.9999   0.0000   0.0000   0.0000
   0.0000   0.0000   0.0000   0.0000   0.0000   0.0000   0.9999   0.0000   0.0000
   0.0000   0.0000   0.0000   0.0000   0.0000   0.0000   0.0000   0.9999   0.0000
   0.0000   0.0000   0.0000   0.0000   0.0000   0.0000   0.0000   0.0000   1.0000

eigenvalues of p_FN1=  0.999931  0.999939  0.999946  0.999953  0.999970  0.999979  0.999980  0.999987  1.000000
eigenvalues of h_FN1=  2.198559  1.793087  1.441629  1.089148  0.237040 -0.218873 -0.278092 -0.628752 -1.272488

eigenval_p,eigenval_h=  1.000000 -1.272488
psiFN1_psig =    0.6600   0.1697   0.0646   0.0527   0.0310   0.0032   0.0026   0.0045   0.0116

E_0, E_G, E_FN1, E_G-E_0, E_FN1-E_0, rms fluctuation of E_L  -1.27524  -1.26236  -1.27249   0.01288   0.00275   0.12187
E_L     =  -1.3074  -1.2729  -1.0972  -1.3569  -1.2038  -0.0237  -0.7240  -0.3133  -0.9043
p_L     =   1.0000   1.0000   1.0000   1.0000   1.0000   1.0000   1.0000   1.0000   1.0000
p_abs_L =   1.0000   1.0000   1.0000   1.0000   1.0000   1.0000   1.0000   1.0000   1.0000

p_propos=
   1.0000   0.0000   0.0000   0.0000   0.0000   0.0000   0.0000   0.0000   0.0000
   0.0000   1.0000   0.0000   0.0000   0.0000   0.0000   0.0000   0.0000   0.0000
   0.0000   0.0000   1.0000   0.0000   0.0000   0.0000   0.0000   0.0000   0.0000
   0.0000   0.0000   0.0000   1.0000   0.0000   0.0000   0.0000   0.0000   0.0000
   0.0000   0.0000   0.0000   0.0000   1.0000   0.0000   0.0000   0.0000   0.0000
   0.0000   0.0000   0.0000   0.0000   0.0000   1.0000   0.0000   0.0000   0.0000
   0.0000   0.0000   0.0000   0.0000   0.0000   0.0000   0.9999   0.0000   0.0000
   0.0000   0.0000   0.0000   0.0000   0.0000   0.0000   0.0000   1.0000   0.0000
   0.0000   0.0000   0.0000   0.0000   0.0000   0.0000   0.0000   0.0000   1.0000
psig**2=         0.6360   0.1702   0.0783   0.0512   0.0337   0.0051   0.0031   0.0073   0.0150
psig**2 * P_L=   0.6360   0.1702   0.0783   0.0512   0.0337   0.0051   0.0031   0.0073   0.0150
psiFN_psig=      0.6600   0.1697   0.0646   0.0527   0.0310   0.0032   0.0026   0.0045   0.0116
p_L=             1.0000   1.0000   1.0000   1.0000   1.0000   1.0000   1.0000   1.0000   1.0000
W_prod=          1.0377   0.9971   0.8251   1.0299   0.9191   0.6319   0.8314   0.6165   0.7746

p_markov=
   1.0000   0.0000   0.0000   0.0000   0.0000   0.0000   0.0000   0.0000   0.0000
   0.0000   1.0000   0.0000   0.0000   0.0000   0.0000   0.0000   0.0000   0.0000
   0.0000   0.0000   1.0000   0.0000   0.0000   0.0000   0.0000   0.0000   0.0000
   0.0000   0.0000   0.0000   1.0000   0.0000   0.0000   0.0000   0.0000   0.0000
   0.0000   0.0000   0.0000   0.0000   1.0000   0.0000   0.0000   0.0000   0.0000
   0.0000   0.0000   0.0000   0.0000   0.0000   1.0000   0.0000   0.0000   0.0000
   0.0000   0.0000   0.0000   0.0000   0.0000   0.0000   0.9999   0.0000   0.0000
   0.0000   0.0000   0.0000   0.0000   0.0000   0.0000   0.0000   1.0000   0.0000
   0.0000   0.0000   0.0000   0.0000   0.0000   0.0000   0.0000   0.0000   1.0000

eigenvalues of p_markov=  0.999950  0.999955  0.999958  0.999965  0.999971  0.999980  0.999983  0.999987  1.000000
eigenvalues of h_markov=  1.240568  0.995734  0.815201  0.460698  0.159157 -0.257638 -0.402489 -0.648631 -1.275242

eigenval_p,eigenval_h=  1.000000 -1.272488
psi for p_mar=   0.6360   0.1702   0.0783   0.0512   0.0337   0.0051   0.0031   0.0073   0.0150
psig**2      =   0.6360   0.1702   0.0783   0.0512   0.0337   0.0051   0.0031   0.0073   0.0150
Above 2 lines should be equal since Markov matrix has dominant state psig**2
The exception to this occurs when there is no sign problem, but some components of psig have the wrong sign, in which case one has 2 decoupled spaces with degenerate dominant eigenvalues

p_FN3=
   1.0000   0.0000   0.0000   0.0000   0.0000   0.0000   0.0000   0.0000   0.0000
   0.0000   1.0000   0.0000   0.0000   0.0000   0.0000   0.0000   0.0000   0.0000
   0.0000   0.0000   1.0000   0.0000   0.0000   0.0000   0.0000   0.0000   0.0000
   0.0000   0.0000   0.0000   1.0000   0.0000   0.0000   0.0000   0.0000   0.0000
   0.0000   0.0000   0.0000   0.0000   1.0000   0.0000   0.0000   0.0000   0.0000
   0.0000   0.0000   0.0000   0.0000   0.0000   0.9999   0.0000   0.0000   0.0000
   0.0000   0.0000   0.0000   0.0000   0.0000   0.0000   0.9999   0.0000   0.0000
   0.0000   0.0000   0.0000   0.0000   0.0000   0.0000   0.0000   0.9999   0.0000
   0.0000   0.0000   0.0000   0.0000   0.0000   0.0000   0.0000   0.0000   1.0000

eigenvalues of p_FN3=  0.999931  0.999939  0.999946  0.999953  0.999970  0.999979  0.999980  0.999987  1.000000
eigenvalues of h_FN3=  2.195721  1.790269  1.438843  1.086376  0.234279 -0.221629 -0.280848 -0.631507 -1.275242

eigenval_p,eigenval_h=  1.000000 -1.272488
psiFN3_psig  =   0.6600   0.1697   0.0646   0.0527   0.0310   0.0032   0.0026   0.0045   0.0116

p_FN4=
   1.0000   0.0000   0.0000   0.0000   0.0000   0.0000   0.0000   0.0000   0.0000
   0.0000   1.0000   0.0000   0.0000   0.0000   0.0000   0.0000   0.0000   0.0000
   0.0000   0.0000   1.0000   0.0000   0.0000   0.0000   0.0000   0.0000   0.0000
   0.0000   0.0000   0.0000   1.0000   0.0000   0.0000   0.0000   0.0000   0.0000
   0.0000   0.0000   0.0000   0.0000   1.0000   0.0000   0.0000   0.0000   0.0000
   0.0000   0.0000   0.0000   0.0000   0.0000   0.9999   0.0000   0.0000   0.0000
   0.0000   0.0000   0.0000   0.0000   0.0000   0.0000   0.9999   0.0000   0.0000
   0.0000   0.0000   0.0000   0.0000   0.0000   0.0000   0.0000   0.9999   0.0000
   0.0000   0.0000   0.0000   0.0000   0.0000   0.0000   0.0000   0.0000   1.0000

eigenvalues of p_FN4=  0.999931  0.999939  0.999946  0.999953  0.999970  0.999979  0.999980  0.999987  1.000000
eigenvalues of h_FN4=  2.195722  1.790269  1.438856  1.086390  0.234280 -0.221629 -0.280848 -0.631507 -1.275242

eigenval_p,eigenval_h=  1.000000 -1.272488
psiFN4_psig  =   0.6600   0.1697   0.0646   0.0527   0.0310   0.0032   0.0026   0.0045   0.0116

E_G, E_FN1, E_FN3, E_FN4, E_0, recover_FN1, recover_FN3, recover_FN4, 1-ovlp_FN1, 1-ovlp_FN3, 1-ovlp_FN4, sign_cond_num= -1.262361 -1.272488 -1.272488 -1.272488 -1.275242 0.786 0.786 0.786 1.E-04 1.E-04 1.E-04 0.919

p_propos2=
   1.0000   0.0000   0.0000   0.0000   0.0000   0.0000   0.0000   0.0000   0.0000
   0.0000   1.0000   0.0000   0.0000   0.0000   0.0000   0.0000   0.0000   0.0000
   0.0000   0.0000   1.0000   0.0000   0.0000   0.0000   0.0000   0.0000   0.0000
   0.0000   0.0000   0.0000   1.0000   0.0000   0.0000   0.0000   0.0000   0.0000
   0.0000   0.0000   0.0000   0.0000   1.0000   0.0000   0.0000   0.0000   0.0000
   0.0000   0.0000   0.0000   0.0000   0.0000   1.0000   0.0000   0.0000   0.0000
   0.0000   0.0000   0.0000   0.0000   0.0000   0.0000   0.9999   0.0000   0.0000
   0.0000   0.0000   0.0000   0.0000   0.0000   0.0000   0.0000   1.0000   0.0000
   0.0000   0.0000   0.0000   0.0000   0.0000   0.0000   0.0000   0.0000   1.0000

eigenvalues of p_FN1_propos=  0.999950  0.999955  0.999958  0.999965  0.999971  0.999980  0.999983  0.999987  1.000000
psi for p_FN1_propos=   0.6360   0.1702   0.0783   0.0512   0.0337   0.0051   0.0031   0.0073   0.0150
psig**2 * P_L       =   0.6360   0.1702   0.0783   0.0512   0.0337   0.0051   0.0031   0.0073   0.0150
Above 2 lines should be equal since proposal part of p_FN1 has dominant state psig**2 * P_L
The exception to this occurs when there is no sign problem, but some components of psig have the wrong sign, in which case one has 2 decoupled spaces with degenerate dominant eigenvalues

pp_FN1=
1010.8844   4.7626   7.8039   7.0329   7.5024   9.8221  17.4360   6.3083   3.0307
   1.26721007.1353   0.1785   2.1730   3.6529   0.2013   6.7046   0.1989   6.0036
   0.9443   0.06871003.1787   0.0705   0.0726   0.0742   0.0744   0.0758   4.9500
   0.5654   0.6551   0.05651002.4180   1.5480   6.5957   1.0800   5.2433   2.2906
   0.3940   0.7218   0.0345   1.0171 997.8400   4.8483   0.0404   3.2401   2.7887
   0.0770   0.0042   0.0039   0.6583   0.7345 978.6281   0.0045   0.0081   0.4440
   0.0852   0.1229   0.0030   0.0655   0.0035   0.0034 982.3579   0.3342   0.0036
   0.0692   0.0057   0.0055   0.7437   0.6975   0.0114   0.7764 986.5207   1.1646
   0.0677   0.5270   0.9492   0.6690   1.2400   1.3048   0.0162   2.4046 989.5919
1st col normalized  0.999999  0.001254  0.000934  0.000559  0.000390  0.000076  0.000084  0.000068  0.000067
2nd col normalized  0.004729  0.999988  0.000068  0.000651  0.000717  0.000004  0.000122  0.000006  0.000523
3rd col normalized  0.007779  0.000178  0.999969  0.000056  0.000034  0.000004  0.000003  0.000006  0.000946
psiFN_psig          0.660036  0.169652  0.064622  0.052700  0.031014  0.003237  0.002603  0.004493  0.011643
W=       669.276574 172.027261  65.526671  53.438040  31.447777   3.282106   2.639649   4.555563  11.806358
W_der=     0.003463  -0.004322  -0.000142   0.000503   0.000514  -0.000194   0.000081  -0.000046   0.000322
W_der/W=   0.000005  -0.000025  -0.000002   0.000009   0.000016  -0.000059   0.000031  -0.000010   0.000027

gradient_vmc_FD, gradient_vmc= -0.008683 -0.008683
E_L_der =         -0.2606   1.2676   0.1132  -0.4767  -0.8326   3.0797  -1.5804   0.5392  -1.4042
E_L_der_increm =  -0.2606   1.2676   0.1132  -0.4767  -0.8326   3.0797  -1.5804   0.5392  -1.4042
The above 2 lines should be equal
psiFN1_psig  =   0.6600   0.1697   0.0646   0.0527   0.0310   0.0032   0.0026   0.0045   0.0116
psig_increm**2=                 0.6360    0.1702    0.0783    0.0512    0.0337    0.0051    0.0031    0.0073    0.0150
psig_increm**2 * P_L_increm=    0.6360    0.1702    0.0783    0.0512    0.0337    0.0051    0.0031    0.0073    0.0150
psiFN_psig_increm=              0.6600    0.1697    0.0646    0.0527    0.0310    0.0032    0.0026    0.0045    0.0116
W_prod_increm                   1.0377    0.9971    0.8251    1.0299    0.9191    0.6319    0.8314    0.6165    0.7746
W_prod                          1.0377    0.9971    0.8251    1.0299    0.9191    0.6319    0.8314    0.6165    0.7746
W_prod_increm                  1.037721961   0.997056626   0.825107194   1.029931968   0.919078804   0.631852698   0.831447898   0.616510778   0.774634850
W_prod                         1.037721921   0.997056803   0.825107174   1.029931929   0.919078767   0.631852731   0.831447861   0.616510768   0.774634818
W_prod_der=                     0.3946   -1.7748    0.2075    0.3857    0.3685   -0.3270    0.3641    0.1081    0.3178

E_FN1, E_FN1_increm, gradient_FN1_FD, gradient_FN1= -1.272488 -1.272488 -0.014266 -0.008945

E_FN1, E_FN1_increm, gradient_FN1_FD, gradient_FN1= -1.272488 -1.272488 -0.014266 -0.014488

gradient_FN1_FD, gradient_FN1, 1st+2*2nd terms, gradient_FN1_1, gradient_FN1_2, gradient_FN1_3= -0.014266 -0.014488 -0.017563 -0.000327 -0.005543 -0.008618
------------------------------------------------------------

Data set    3

h=
  -1.0000   0.0404   0.0718  -0.0811   0.1244  -0.0287  -0.1692  -0.0427  -0.1855
   0.0404  -0.7500   0.0116  -0.1719   0.1516  -0.0466   0.2187  -0.1013   0.0946
   0.0718   0.0116  -0.5000   0.2356  -0.0595  -0.1163   0.2479  -0.1902  -0.0795
  -0.0811  -0.1719   0.2356  -0.2500  -0.0695   0.2271   0.0548   0.1091  -0.0390
   0.1244   0.1516  -0.0595  -0.0695   0.0000  -0.1933  -0.1028  -0.1993  -0.1509
  -0.0287  -0.0466  -0.1163   0.2271  -0.1933   0.2500   0.0086  -0.2237   0.1178
  -0.1692   0.2187   0.2479   0.0548  -0.1028   0.0086   0.5000   0.0091  -0.1426
  -0.0427  -0.1013  -0.1902   0.1091  -0.1993  -0.2237   0.0091   0.7500  -0.1474
  -0.1855   0.0946  -0.0795  -0.0390  -0.1509   0.1178  -0.1426  -0.1474   1.0000

eigenval_p,eigenval_h=  1.000000 -1.090220
psi for p    =   0.9278  -0.1370  -0.2455   0.1362  -0.0797  -0.0542   0.1543  -0.0284   0.0876

eigenvalues of p=  0.999955  0.999962  0.999966  0.999970  0.999981  0.999982  0.999992  0.999996  1.000000
eigenvalues of h=  1.158502  0.826606  0.629632  0.400707 -0.139383 -0.191035 -0.707961 -0.886848 -1.090220
tau, tau_max= 0.000020 0.444697
p=
   1.0000  -0.0000  -0.0000   0.0000  -0.0000   0.0000   0.0000   0.0000   0.0000
  -0.0000   1.0000  -0.0000   0.0000  -0.0000   0.0000  -0.0000   0.0000  -0.0000
  -0.0000  -0.0000   1.0000  -0.0000   0.0000   0.0000  -0.0000   0.0000   0.0000
   0.0000   0.0000  -0.0000   1.0000   0.0000  -0.0000  -0.0000  -0.0000   0.0000
  -0.0000  -0.0000   0.0000   0.0000   1.0000   0.0000   0.0000   0.0000   0.0000
   0.0000   0.0000   0.0000  -0.0000   0.0000   1.0000  -0.0000   0.0000  -0.0000
   0.0000  -0.0000  -0.0000  -0.0000   0.0000  -0.0000   1.0000  -0.0000   0.0000
   0.0000   0.0000   0.0000  -0.0000   0.0000   0.0000  -0.0000   1.0000   0.0000
   0.0000  -0.0000   0.0000   0.0000   0.0000  -0.0000   0.0000   0.0000   1.0000

sum_p_eig,sum_abs_p_eig,sign_condition_number=  1.850582  1.850593  0.741298

p after making eigenvec +ve =
   1.0000   0.0000   0.0000   0.0000   0.0000  -0.0000   0.0000  -0.0000   0.0000
   0.0000   1.0000  -0.0000  -0.0000  -0.0000   0.0000   0.0000   0.0000   0.0000
   0.0000  -0.0000   1.0000   0.0000   0.0000   0.0000   0.0000   0.0000  -0.0000
   0.0000  -0.0000   0.0000   1.0000  -0.0000   0.0000  -0.0000   0.0000   0.0000
   0.0000  -0.0000   0.0000  -0.0000   1.0000   0.0000  -0.0000   0.0000  -0.0000
  -0.0000   0.0000   0.0000   0.0000   0.0000   1.0000   0.0000   0.0000   0.0000
   0.0000   0.0000   0.0000  -0.0000  -0.0000   0.0000   1.0000   0.0000   0.0000
  -0.0000   0.0000   0.0000   0.0000   0.0000   0.0000   0.0000   1.0000  -0.0000
   0.0000   0.0000  -0.0000   0.0000  -0.0000   0.0000   0.0000  -0.0000   1.0000

1+(E_0*1-H) (i.e. p with tau=1) after making eigenvec +ve =
   0.9098  -0.0404  -0.0718  -0.0811  -0.1244   0.0287  -0.1692   0.0427  -0.1855
  -0.0404   0.6598   0.0116   0.1719   0.1516  -0.0466  -0.2187  -0.1013  -0.0946
  -0.0718   0.0116   0.4098  -0.2356  -0.0595  -0.1163  -0.2479  -0.1902   0.0795
  -0.0811   0.1719  -0.2356   0.1598   0.0695  -0.2271   0.0548  -0.1091  -0.0390
  -0.1244   0.1516  -0.0595   0.0695  -0.0902  -0.1933   0.1028  -0.1993   0.1509
   0.0287  -0.0466  -0.1163  -0.2271  -0.1933  -0.3402  -0.0086  -0.2237  -0.1178
  -0.1692  -0.2187  -0.2479   0.0548   0.1028  -0.0086  -0.5902  -0.0091  -0.1426
   0.0427  -0.1013  -0.1902  -0.1091  -0.1993  -0.2237  -0.0091  -0.8402   0.1474
  -0.1855  -0.0946   0.0795  -0.0390   0.1509  -0.1178  -0.1426   0.1474  -1.0902
psi0         =   0.9278   0.1370   0.2455   0.1362   0.0797   0.0542   0.1543   0.0284   0.0876
psig         =   0.8829   0.2086   0.2742   0.1565   0.1444   0.0657   0.1579   0.0763   0.1460

E_G= -1.069998

h_imp=
  -1.0000  -0.1711  -0.2314  -0.4577  -0.7606   0.3852  -0.9462   0.4944  -1.1213
  -0.0096  -0.7500   0.0089   0.2291   0.2190  -0.1478  -0.2889  -0.2770  -0.1352
  -0.0223   0.0153  -0.5000  -0.4126  -0.1130  -0.4854  -0.4305  -0.6835   0.1491
  -0.0144   0.1290  -0.1345  -0.2500   0.0754  -0.5411   0.0543  -0.2239  -0.0418
  -0.0203   0.1049  -0.0313   0.0642   0.0000  -0.4248   0.0940  -0.3774   0.1492
   0.0021  -0.0147  -0.0279  -0.0953  -0.0879   0.2500  -0.0036  -0.1927  -0.0530
  -0.0303  -0.1655  -0.1428   0.0553   0.1124  -0.0207   0.5000  -0.0188  -0.1541
   0.0037  -0.0370  -0.0529  -0.0532  -0.1053  -0.2598  -0.0044   0.7500   0.0770
  -0.0307  -0.0663   0.0423  -0.0364   0.1526  -0.2619  -0.1319   0.2823   1.0000

p_imp=
   1.0000   0.0000   0.0000   0.0000   0.0000  -0.0000   0.0000  -0.0000   0.0000
   0.0000   1.0000  -0.0000  -0.0000  -0.0000   0.0000   0.0000   0.0000   0.0000
   0.0000  -0.0000   1.0000   0.0000   0.0000   0.0000   0.0000   0.0000  -0.0000
