Input hamiltonian
hamiltonian=random                                                                          
Input ndim, E_T, tau
ndim, E_T, tau=    9-20.000000 0.020000
Input fraction_positive, off_diag_mag, psig_noise
fraction_positive, off_diag_mag,psig_noise= 1.000000 0.500000 0.200000
psig_correct_sign
psig_correct_sign= F
Input irand_seed
irand_seed=1425565376542456

Data set    1

h=
  -1.0000  -0.1700  -0.1099  -0.4196  -0.1870  -0.0711  -0.2866  -0.3428  -0.4790
  -0.1700  -0.7500  -0.1641  -0.0472  -0.3042  -0.1121  -0.0931  -0.3299  -0.4853
  -0.1099  -0.1641  -0.5000  -0.1335  -0.4961  -0.3461  -0.4734  -0.3902  -0.0130
  -0.4196  -0.0472  -0.1335  -0.2500  -0.3211  -0.4726  -0.2046  -0.1250  -0.2763
  -0.1870  -0.3042  -0.4961  -0.3211   0.0000  -0.2710  -0.1125  -0.4732  -0.2893
  -0.0711  -0.1121  -0.3461  -0.4726  -0.2710   0.2500  -0.4776  -0.4455  -0.3272
  -0.2866  -0.0931  -0.4734  -0.2046  -0.1125  -0.4776   0.5000  -0.4575  -0.3775
  -0.3428  -0.3299  -0.3902  -0.1250  -0.4732  -0.4455  -0.4575   0.7500  -0.3025
  -0.4790  -0.4853  -0.0130  -0.2763  -0.2893  -0.3272  -0.3775  -0.3025   1.0000

eigenval_p,eigenval_h=  1.000000 -2.370229
psi for p    =   0.4562   0.3342   0.3623   0.3185   0.3385   0.3031   0.2851   0.3050   0.2583

eigenvalues of p=  0.924912  0.928440  0.934224  0.945119  0.948103  0.956397  0.966213  0.969951  1.000000
eigenvalues of h=  1.384192  1.207773  0.918559  0.373842  0.224625 -0.190092 -0.680871 -0.867801 -2.370229
tau, tau_max= 0.020000 0.266353
p=
   0.9726   0.0034   0.0022   0.0084   0.0037   0.0014   0.0057   0.0069   0.0096
   0.0034   0.9676   0.0033   0.0009   0.0061   0.0022   0.0019   0.0066   0.0097
   0.0022   0.0033   0.9626   0.0027   0.0099   0.0069   0.0095   0.0078   0.0003
   0.0084   0.0009   0.0027   0.9576   0.0064   0.0095   0.0041   0.0025   0.0055
   0.0037   0.0061   0.0099   0.0064   0.9526   0.0054   0.0022   0.0095   0.0058
   0.0014   0.0022   0.0069   0.0095   0.0054   0.9476   0.0096   0.0089   0.0065
   0.0057   0.0019   0.0095   0.0041   0.0022   0.0096   0.9426   0.0091   0.0076
   0.0069   0.0066   0.0078   0.0025   0.0095   0.0089   0.0091   0.9376   0.0061
   0.0096   0.0097   0.0003   0.0055   0.0058   0.0065   0.0076   0.0061   0.9326

sum_p_eig,sum_abs_p_eig,sign_condition_number=  2.961211  2.961211  1.000000

p after making eigenvec +ve =
   0.9726   0.0034   0.0022   0.0084   0.0037   0.0014   0.0057   0.0069   0.0096
   0.0034   0.9676   0.0033   0.0009   0.0061   0.0022   0.0019   0.0066   0.0097
   0.0022   0.0033   0.9626   0.0027   0.0099   0.0069   0.0095   0.0078   0.0003
   0.0084   0.0009   0.0027   0.9576   0.0064   0.0095   0.0041   0.0025   0.0055
   0.0037   0.0061   0.0099   0.0064   0.9526   0.0054   0.0022   0.0095   0.0058
   0.0014   0.0022   0.0069   0.0095   0.0054   0.9476   0.0096   0.0089   0.0065
   0.0057   0.0019   0.0095   0.0041   0.0022   0.0096   0.9426   0.0091   0.0076
   0.0069   0.0066   0.0078   0.0025   0.0095   0.0089   0.0091   0.9376   0.0061
   0.0096   0.0097   0.0003   0.0055   0.0058   0.0065   0.0076   0.0061   0.9326

1+(E_0*1-H) (i.e. p with tau=1) after making eigenvec +ve =
  -0.3702  -0.1700  -0.1099  -0.4196  -0.1870  -0.0711  -0.2866  -0.3428  -0.4790
  -0.1700  -0.6202  -0.1641  -0.0472  -0.3042  -0.1121  -0.0931  -0.3299  -0.4853
  -0.1099  -0.1641  -0.8702  -0.1335  -0.4961  -0.3461  -0.4734  -0.3902  -0.0130
  -0.4196  -0.0472  -0.1335  -1.1202  -0.3211  -0.4726  -0.2046  -0.1250  -0.2763
  -0.1870  -0.3042  -0.4961  -0.3211  -1.3702  -0.2710  -0.1125  -0.4732  -0.2893
  -0.0711  -0.1121  -0.3461  -0.4726  -0.2710  -1.6202  -0.4776  -0.4455  -0.3272
  -0.2866  -0.0931  -0.4734  -0.2046  -0.1125  -0.4776  -1.8702  -0.4575  -0.3775
  -0.3428  -0.3299  -0.3902  -0.1250  -0.4732  -0.4455  -0.4575  -2.1202  -0.3025
  -0.4790  -0.4853  -0.0130  -0.2763  -0.2893  -0.3272  -0.3775  -0.3025  -2.3702
psi0         =   0.4562   0.3342   0.3623   0.3185   0.3385   0.3031   0.2851   0.3050   0.2583
psig         =   0.3736   0.2399   0.4543   0.2985   0.4356   0.2757   0.2067   0.3878   0.2203

E_G= -2.258279

h_imp=
  -1.0000  -0.2648  -0.0904  -0.5251  -0.1603  -0.0963  -0.5180  -0.3302  -0.8122
  -0.1092  -0.7500  -0.0867  -0.0379  -0.1675  -0.0976  -0.1081  -0.2041  -0.5285
  -0.1336  -0.3107  -0.5000  -0.2031  -0.5173  -0.5703  -1.0406  -0.4571  -0.0268
  -0.3353  -0.0587  -0.0877  -0.2500  -0.2200  -0.5118  -0.2956  -0.0962  -0.3745
  -0.2181  -0.5524  -0.4758  -0.4685   0.0000  -0.4283  -0.2371  -0.5315  -0.5721
  -0.0524  -0.1289  -0.2100  -0.4365  -0.1715   0.2500  -0.6371  -0.3167  -0.4095
  -0.1585  -0.0802  -0.2154  -0.1416  -0.0534  -0.3580   0.5000  -0.2438  -0.3541
  -0.3559  -0.5333  -0.3331  -0.1624  -0.4212  -0.6267  -0.8585   0.7500  -0.5326
  -0.2824  -0.4456  -0.0063  -0.2039  -0.1463  -0.2615  -0.4025  -0.1719   1.0000

p_imp=
   0.9726   0.0053   0.0018   0.0105   0.0032   0.0019   0.0104   0.0066   0.0162
   0.0022   0.9676   0.0017   0.0008   0.0034   0.0020   0.0022   0.0041   0.0106
   0.0027   0.0062   0.9626   0.0041   0.0103   0.0114   0.0208   0.0091   0.0005
   0.0067   0.0012   0.0018   0.9576   0.0044   0.0102   0.0059   0.0019   0.0075
   0.0044   0.0110   0.0095   0.0094   0.9526   0.0086   0.0047   0.0106   0.0114
   0.0010   0.0026   0.0042   0.0087   0.0034   0.9476   0.0127   0.0063   0.0082
   0.0032   0.0016   0.0043   0.0028   0.0011   0.0072   0.9426   0.0049   0.0071
   0.0071   0.0107   0.0067   0.0032   0.0084   0.0125   0.0172   0.9376   0.0107
   0.0056   0.0089   0.0001   0.0041   0.0029   0.0052   0.0080   0.0034   0.9326
tau_av_expon_proj    = 0.607732 0.421123 0.664283 0.458902 0.538319 0.338930 0.244050 0.425269 0.276980
tau_av_expon_proj_new= 0.729805 0.617197 0.534694 0.471647 0.421900 0.381646 0.348404 0.320489 0.296716
factor=                1.182071 1.373943 0.784774 1.027391 0.758859 1.118429 1.349214 0.721130 1.068776
factor2=                 1.2009   1.4656   0.8049   1.0278   0.7837   1.1260   1.4276   0.7536   1.0713

eigenvalues of p_imp=  0.924912  0.928440  0.934224  0.945119  0.948103  0.956397  0.966213  0.969951  1.000000
eigenvalues of h_imp=  1.384192  1.207773  0.918559  0.373842  0.224625 -0.190092 -0.680871 -0.867801 -2.370229

eigenval_p,eigenval_h=  1.000000 -2.370229
psi0_psig    =   0.1747   0.0822   0.1687   0.0975   0.1512   0.0857   0.0604   0.1213   0.0583

imp-sampled: sum_p_eig,sum_abs_p_eig,sign_condition_number=  1.000000  1.000000  1.000000

p_FN1=
   0.9726   0.0053   0.0018   0.0105   0.0032   0.0019   0.0104   0.0066   0.0162
   0.0022   0.9676   0.0017   0.0008   0.0034   0.0020   0.0022   0.0041   0.0106
   0.0027   0.0062   0.9626   0.0041   0.0103   0.0114   0.0208   0.0091   0.0005
   0.0067   0.0012   0.0018   0.9576   0.0044   0.0102   0.0059   0.0019   0.0075
   0.0044   0.0110   0.0095   0.0094   0.9526   0.0086   0.0047   0.0106   0.0114
   0.0010   0.0026   0.0042   0.0087   0.0034   0.9476   0.0127   0.0063   0.0082
   0.0032   0.0016   0.0043   0.0028   0.0011   0.0072   0.9426   0.0049   0.0071
   0.0071   0.0107   0.0067   0.0032   0.0084   0.0125   0.0172   0.9376   0.0107
   0.0056   0.0089   0.0001   0.0041   0.0029   0.0052   0.0080   0.0034   0.9326

eigenvalues of p_FN1=  0.924912  0.928440  0.934224  0.945119  0.948103  0.956397  0.966213  0.969951  1.000000
eigenvalues of h_FN1=  1.384192  1.207773  0.918559  0.373842  0.224625 -0.190092 -0.680871 -0.867801 -2.370229

eigenval_p,eigenval_h=  1.000000 -2.370229
psiFN1_psig =    0.1747   0.0822   0.1687   0.0975   0.1512   0.0857   0.0604   0.1213   0.0583

E_0, E_G, E_FN1, E_G-E_0, E_FN1-E_0, rms fluctuation of E_L  -2.37023  -2.25828  -2.37023   0.11195   0.00000   0.54580
E_L     =  -2.6455  -3.1246  -2.0054  -2.4291  -1.8576  -2.7005  -3.5975  -1.6015  -2.6104
p_L     =   1.0055   1.0151   0.9927   1.0012   0.9897   1.0066   1.0245   0.9846   1.0048
p_abs_L =   1.0055   1.0151   0.9927   1.0012   0.9897   1.0066   1.0245   0.9846   1.0048

p_propos=
   0.9673   0.0052   0.0018   0.0105   0.0032   0.0019   0.0101   0.0067   0.0162
   0.0022   0.9532   0.0017   0.0008   0.0034   0.0019   0.0021   0.0041   0.0105
   0.0027   0.0061   0.9697   0.0041   0.0105   0.0113   0.0203   0.0093   0.0005
   0.0067   0.0012   0.0018   0.9565   0.0044   0.0102   0.0058   0.0020   0.0075
   0.0043   0.0109   0.0096   0.0094   0.9625   0.0085   0.0046   0.0108   0.0114
   0.0010   0.0025   0.0042   0.0087   0.0035   0.9414   0.0124   0.0064   0.0082
   0.0032   0.0016   0.0043   0.0028   0.0011   0.0071   0.9200   0.0050   0.0070
   0.0071   0.0105   0.0067   0.0032   0.0085   0.0125   0.0168   0.9522   0.0106
   0.0056   0.0088   0.0001   0.0041   0.0030   0.0052   0.0079   0.0035   0.9281
psig**2=         0.1396   0.0576   0.2064   0.0891   0.1898   0.0760   0.0427   0.1504   0.0485
psig**2 * P_L=   0.1403   0.0584   0.2048   0.0892   0.1878   0.0765   0.0438   0.1481   0.0488
psiFN_psig=      0.1747   0.0822   0.1687   0.0975   0.1512   0.0857   0.0604   0.1213   0.0583
p_L=             1.0055   1.0151   0.9927   1.0012   0.9897   1.0066   1.0245   0.9846   1.0048
W_prod=          1.2492   1.4251   0.8159   1.0914   0.7948   1.1246   1.4114   0.8045   1.1993

p_markov=
   0.9674   0.0052   0.0018   0.0104   0.0032   0.0019   0.0101   0.0066   0.0162
   0.0022   0.9532   0.0017   0.0007   0.0033   0.0019   0.0021   0.0040   0.0104
   0.0027   0.0061   0.9699   0.0041   0.0104   0.0113   0.0203   0.0092   0.0005
   0.0067   0.0012   0.0018   0.9567   0.0044   0.0102   0.0058   0.0019   0.0075
   0.0043   0.0109   0.0096   0.0094   0.9628   0.0085   0.0046   0.0107   0.0114
   0.0010   0.0025   0.0042   0.0087   0.0034   0.9415   0.0124   0.0063   0.0081
   0.0031   0.0016   0.0042   0.0028   0.0010   0.0070   0.9200   0.0048   0.0069
   0.0071   0.0105   0.0067   0.0032   0.0085   0.0125   0.0168   0.9531   0.0106
   0.0056   0.0088   0.0001   0.0041   0.0029   0.0052   0.0079   0.0034   0.9284

eigenvalues of p_markov=  0.913080  0.922962  0.934829  0.947354  0.951118  0.955722  0.958186  0.969745  1.000000
eigenvalues of h_markov=  1.975750  1.481683  0.888303  0.262053  0.073860 -0.156317 -0.279512 -0.857473 -2.370229

eigenval_p,eigenval_h=  1.000000 -2.370229
psi for p_mar=   0.1396   0.0576   0.2064   0.0891   0.1898   0.0760   0.0427   0.1504   0.0485
psig**2      =   0.1396   0.0576   0.2064   0.0891   0.1898   0.0760   0.0427   0.1504   0.0485
Above 2 lines should be equal since Markov matrix has dominant state psig**2
The exception to this occurs when there is no sign problem, but some components of psig have the wrong sign, in which case one has 2 decoupled spaces with degenerate dominant eigenvalues

p_FN3=
   0.9727   0.0053   0.0018   0.0105   0.0032   0.0019   0.0104   0.0065   0.0162
   0.0022   0.9676   0.0017   0.0007   0.0033   0.0019   0.0022   0.0040   0.0105
   0.0027   0.0062   0.9629   0.0041   0.0103   0.0114   0.0208   0.0091   0.0005
   0.0067   0.0012   0.0017   0.9578   0.0044   0.0102   0.0059   0.0019   0.0075
   0.0044   0.0110   0.0095   0.0094   0.9529   0.0086   0.0047   0.0106   0.0114
   0.0010   0.0026   0.0041   0.0087   0.0034   0.9477   0.0127   0.0062   0.0082
   0.0031   0.0016   0.0042   0.0028   0.0010   0.0070   0.9426   0.0047   0.0069
   0.0071   0.0107   0.0067   0.0032   0.0084   0.0125   0.0172   0.9384   0.0107
   0.0056   0.0089   0.0001   0.0041   0.0029   0.0052   0.0080   0.0034   0.9329

eigenvalues of p_FN3=  0.925223  0.929223  0.934389  0.945459  0.948333  0.956599  0.966269  0.970087  0.999906
eigenvalues of h_FN3=  1.368617  1.168607  0.910306  0.356803  0.213143 -0.200160 -0.683698 -0.874555 -2.365506

eigenval_p,eigenval_h=  0.999906 -2.365506
psiFN3_psig  =   0.1743   0.0812   0.1696   0.0976   0.1524   0.0852   0.0590   0.1226   0.0582

p_FN4=
   0.9726   0.0053   0.0018   0.0105   0.0032   0.0019   0.0104   0.0066   0.0162
   0.0022   0.9676   0.0017   0.0008   0.0034   0.0020   0.0022   0.0041   0.0106
   0.0027   0.0062   0.9626   0.0041   0.0103   0.0114   0.0208   0.0091   0.0005
   0.0067   0.0012   0.0018   0.9576   0.0044   0.0102   0.0059   0.0019   0.0075
   0.0044   0.0110   0.0095   0.0094   0.9526   0.0086   0.0047   0.0106   0.0114
   0.0010   0.0026   0.0042   0.0087   0.0034   0.9476   0.0127   0.0063   0.0082
   0.0032   0.0016   0.0043   0.0028   0.0011   0.0072   0.9426   0.0049   0.0071
   0.0071   0.0107   0.0067   0.0032   0.0084   0.0125   0.0172   0.9376   0.0107
   0.0056   0.0089   0.0001   0.0041   0.0029   0.0052   0.0080   0.0034   0.9326

eigenvalues of p_FN4=  0.924912  0.928440  0.934224  0.945119  0.948103  0.956397  0.966213  0.969951  1.000000
eigenvalues of h_FN4=  1.384192  1.207773  0.918559  0.373842  0.224625 -0.190092 -0.680871 -0.867801 -2.370229

eigenval_p,eigenval_h=  1.000000 -2.370229
psiFN4_psig  =   0.1747   0.0822   0.1687   0.0975   0.1512   0.0857   0.0604   0.1213   0.0583

E_G, E_FN1, E_FN3, E_FN4, E_0, recover_FN1, recover_FN3, recover_FN4, 1-ovlp_FN1, 1-ovlp_FN3, 1-ovlp_FN4, sign_cond_num= -2.258279 -2.370229 -2.365506 -2.370229 -2.370229 1.000 0.958 1.000 0.E+00 3.E-05 0.E+00 1.000

p_propos2=
   0.9673   0.0052   0.0018   0.0105   0.0032   0.0019   0.0101   0.0067   0.0162
   0.0022   0.9532   0.0017   0.0008   0.0034   0.0019   0.0021   0.0041   0.0105
   0.0027   0.0061   0.9697   0.0041   0.0105   0.0113   0.0203   0.0093   0.0005
   0.0067   0.0012   0.0018   0.9565   0.0044   0.0102   0.0058   0.0020   0.0075
   0.0043   0.0109   0.0096   0.0094   0.9625   0.0085   0.0046   0.0108   0.0114
   0.0010   0.0025   0.0042   0.0087   0.0035   0.9414   0.0124   0.0064   0.0082
   0.0032   0.0016   0.0043   0.0028   0.0011   0.0071   0.9200   0.0050   0.0070
   0.0071   0.0105   0.0067   0.0032   0.0085   0.0125   0.0168   0.9522   0.0106
   0.0056   0.0088   0.0001   0.0041   0.0030   0.0052   0.0079   0.0035   0.9281

eigenvalues of p_FN1_propos=  0.912891  0.922740  0.934418  0.946888  0.950826  0.955562  0.957978  0.969550  1.000000
psi for p_FN1_propos=   0.1406   0.0586   0.2053   0.0894   0.1883   0.0767   0.0439   0.1484   0.0489
psig**2 * P_L       =   0.1406   0.0586   0.2053   0.0894   0.1883   0.0767   0.0439   0.1484   0.0489
Above 2 lines should be equal since proposal part of p_FN1 has dominant state psig**2 * P_L
The exception to this occurs when there is no sign problem, but some components of psig have the wrong sign, in which case one has 2 decoupled spaces with degenerate dominant eigenvalues

pp_FN1=
 235.0790 231.9735 131.5980 181.9257 129.5802 182.5903 232.5276 132.6725 200.8984
  95.6761 138.5138  62.7965  82.9575  62.1675  86.4365 108.4033  63.0447  95.5053
 194.4909 225.0210 154.6932 172.2594 129.2125 181.7691 229.6972 130.0214 188.3592
 116.1625 128.4282  74.4220 122.4846  73.5854 105.7611 130.3108  73.7831 111.3706
 176.1264 204.8752 118.8335 156.6425 133.2018 161.8141 201.1051 116.7681 172.2065
  99.4283 114.1208  66.9724  90.1960  64.8275 109.6358 117.0269  66.2615  98.0481
  71.1595  80.4334  47.5614  62.4550  45.2786  65.7672  97.5884  46.7911  69.3777
 142.9104 164.6530  94.7640 124.4709  92.5377 131.0734 164.6995 107.7546 138.7498
  69.8585  80.5206  44.3178  60.6515  44.0558  62.6108  78.8324  44.7909  80.8447
1st col normalized  0.543602  0.221244  0.449745  0.268617  0.407279  0.229920  0.164551  0.330469  0.161542
2nd col normalized  0.478334  0.285618  0.463998  0.264822  0.422457  0.235320  0.165855  0.339518  0.166035
3rd col normalized  0.458046  0.218572  0.538432  0.259036  0.413617  0.233107  0.165544  0.329840  0.154254
psiFN_psig          0.174723  0.082203  0.168748  0.097487  0.151173  0.085664  0.060409  0.121259  0.058333
W=       177.168985  83.354117 171.110884  98.852163 153.289551  86.863687  61.254398 122.957061  59.149155
W_der=    -1.811183  -1.340140  -1.779018  -1.007150  -1.623529  -0.896233  -0.629802  -1.302550  -0.627417
W_der/W=  -0.010223  -0.016078  -0.010397  -0.010188  -0.010591  -0.010318  -0.010282  -0.010594  -0.010607

gradient_vmc_FD, gradient_vmc= -0.415669 -0.415669
E_L_der =         -0.4551   9.8982  -0.3612  -0.1581  -0.6983  -0.4068  -0.4505  -0.8506  -2.2029
E_L_der_increm =  -0.4551   9.8981  -0.3612  -0.1581  -0.6983  -0.4068  -0.4505  -0.8506  -2.2029
The above 2 lines should be equal
psiFN1_psig  =   0.1747   0.0822   0.1687   0.0975   0.1512   0.0857   0.0604   0.1213   0.0583
psig_increm**2=                 0.1396    0.0576    0.2064    0.0891    0.1898    0.0760    0.0427    0.1504    0.0485
psig_increm**2 * P_L_increm=    0.1403    0.0584    0.2048    0.0892    0.1878    0.0765    0.0438    0.1481    0.0488
psiFN_psig_increm=              0.1747    0.0822    0.1687    0.0975    0.1512    0.0857    0.0604    0.1213    0.0583
W_prod_increm                   1.2492    1.4251    0.8159    1.0914    0.7948    1.1246    1.4114    0.8045    1.1993
W_prod                          1.2492    1.4251    0.8159    1.0914    0.7948    1.1246    1.4114    0.8045    1.1993
W_prod_increm                  1.249168780   1.425086642   0.815945363   1.091427907   0.794779997   1.124600023   1.411414752   0.804452145   1.199289348
W_prod                         1.249168761   1.425087215   0.815945351   1.091427891   0.794779986   1.124600007   1.411414732   0.804452133   1.199289330
W_prod_der=                     0.1817   -5.7329    0.1187    0.1588    0.1156    0.1636    0.2053    0.1170    0.1745

E_FN1, E_FN1_increm, gradient_FN1_FD, gradient_FN1= -2.370229 -2.370229 -0.000001 -0.258186

E_FN1, E_FN1_increm, gradient_FN1_FD, gradient_FN1= -2.370229 -2.370229 -0.000001 -0.000000

gradient_FN1_FD, gradient_FN1, 1st+2*2nd terms, gradient_FN1_1, gradient_FN1_2, gradient_FN1_3= -0.000001 -0.000000 -0.000000 -0.516975  0.258487  0.258487
------------------------------------------------------------

Data set    2

h=
  -1.0000  -0.0422  -0.0035  -0.4274  -0.0950  -0.1682  -0.1328  -0.1903  -0.2149
  -0.0422  -0.7500  -0.2183  -0.1422  -0.4029  -0.0296  -0.3384  -0.2040  -0.4222
  -0.0035  -0.2183  -0.5000  -0.2688  -0.1295  -0.1714  -0.1435  -0.1958  -0.4634
  -0.4274  -0.1422  -0.2688  -0.2500  -0.1304  -0.0422  -0.2248  -0.0545  -0.1296
  -0.0950  -0.4029  -0.1295  -0.1304   0.0000  -0.4389  -0.1127  -0.3991  -0.4336
  -0.1682  -0.0296  -0.1714  -0.0422  -0.4389   0.2500  -0.2029  -0.0027  -0.3261
  -0.1328  -0.3384  -0.1435  -0.2248  -0.1127  -0.2029   0.5000  -0.3012  -0.1427
  -0.1903  -0.2040  -0.1958  -0.0545  -0.3991  -0.0027  -0.3012   0.7500  -0.4177
  -0.2149  -0.4222  -0.4634  -0.1296  -0.4336  -0.3261  -0.1427  -0.4177   1.0000

eigenval_p,eigenval_h=  1.000000 -1.865285
psi for p    =   0.4188   0.4833   0.3583   0.3105   0.3554   0.2170   0.2267   0.2296   0.2979

eigenvalues of p=  0.933770  0.941972  0.951988  0.953071  0.961893  0.966605  0.971751  0.983198  1.000000
eigenvalues of h=  1.446192  1.036117  0.535291  0.481175  0.040080 -0.195512 -0.452860 -1.025199 -1.865285
tau, tau_max= 0.020000 0.301980
p=
   0.9827   0.0008   0.0001   0.0085   0.0019   0.0034   0.0027   0.0038   0.0043
   0.0008   0.9777   0.0044   0.0028   0.0081   0.0006   0.0068   0.0041   0.0084
   0.0001   0.0044   0.9727   0.0054   0.0026   0.0034   0.0029   0.0039   0.0093
   0.0085   0.0028   0.0054   0.9677   0.0026   0.0008   0.0045   0.0011   0.0026
   0.0019   0.0081   0.0026   0.0026   0.9627   0.0088   0.0023   0.0080   0.0087
   0.0034   0.0006   0.0034   0.0008   0.0088   0.9577   0.0041   0.0001   0.0065
   0.0027   0.0068   0.0029   0.0045   0.0023   0.0041   0.9527   0.0060   0.0029
   0.0038   0.0041   0.0039   0.0011   0.0080   0.0001   0.0060   0.9477   0.0084
   0.0043   0.0084   0.0093   0.0026   0.0087   0.0065   0.0029   0.0084   0.9427

sum_p_eig,sum_abs_p_eig,sign_condition_number=  2.897480  2.897480  1.000000

p after making eigenvec +ve =
   0.9827   0.0008   0.0001   0.0085   0.0019   0.0034   0.0027   0.0038   0.0043
   0.0008   0.9777   0.0044   0.0028   0.0081   0.0006   0.0068   0.0041   0.0084
   0.0001   0.0044   0.9727   0.0054   0.0026   0.0034   0.0029   0.0039   0.0093
   0.0085   0.0028   0.0054   0.9677   0.0026   0.0008   0.0045   0.0011   0.0026
   0.0019   0.0081   0.0026   0.0026   0.9627   0.0088   0.0023   0.0080   0.0087
   0.0034   0.0006   0.0034   0.0008   0.0088   0.9577   0.0041   0.0001   0.0065
   0.0027   0.0068   0.0029   0.0045   0.0023   0.0041   0.9527   0.0060   0.0029
   0.0038   0.0041   0.0039   0.0011   0.0080   0.0001   0.0060   0.9477   0.0084
   0.0043   0.0084   0.0093   0.0026   0.0087   0.0065   0.0029   0.0084   0.9427

1+(E_0*1-H) (i.e. p with tau=1) after making eigenvec +ve =
   0.1347  -0.0422  -0.0035  -0.4274  -0.0950  -0.1682  -0.1328  -0.1903  -0.2149
  -0.0422  -0.1153  -0.2183  -0.1422  -0.4029  -0.0296  -0.3384  -0.2040  -0.4222
  -0.0035  -0.2183  -0.3653  -0.2688  -0.1295  -0.1714  -0.1435  -0.1958  -0.4634
  -0.4274  -0.1422  -0.2688  -0.6153  -0.1304  -0.0422  -0.2248  -0.0545  -0.1296
  -0.0950  -0.4029  -0.1295  -0.1304  -0.8653  -0.4389  -0.1127  -0.3991  -0.4336
  -0.1682  -0.0296  -0.1714  -0.0422  -0.4389  -1.1153  -0.2029  -0.0027  -0.3261
  -0.1328  -0.3384  -0.1435  -0.2248  -0.1127  -0.2029  -1.3653  -0.3012  -0.1427
  -0.1903  -0.2040  -0.1958  -0.0545  -0.3991  -0.0027  -0.3012  -1.6153  -0.4177
  -0.2149  -0.4222  -0.4634  -0.1296  -0.4336  -0.3261  -0.1427  -0.4177  -1.8653
psi0         =   0.4188   0.4833   0.3583   0.3105   0.3554   0.2170   0.2267   0.2296   0.2979
psig         =   0.4738   0.4813   0.4180   0.3150   0.2885   0.2600   0.1936   0.1671   0.2317

E_G= -1.819459

h_imp=
  -1.0000  -0.0415  -0.0039  -0.6428  -0.1560  -0.3066  -0.3249  -0.5397  -0.4394
  -0.0429  -0.7500  -0.2514  -0.2172  -0.6722  -0.0548  -0.8412  -0.5875  -0.8769
  -0.0031  -0.1896  -0.5000  -0.3567  -0.1877  -0.2756  -0.3098  -0.4898  -0.8360
  -0.2842  -0.0931  -0.2026  -0.2500  -0.1424  -0.0511  -0.3657  -0.1027  -0.1762
  -0.0578  -0.2415  -0.0894  -0.1194   0.0000  -0.4870  -0.1679  -0.6892  -0.5400
  -0.0923  -0.0160  -0.1066  -0.0348  -0.3956   0.2500  -0.2725  -0.0042  -0.3660
  -0.0543  -0.1362  -0.0665  -0.1382  -0.0756  -0.1511   0.5000  -0.3490  -0.1193
  -0.0671  -0.0708  -0.0782  -0.0289  -0.2312  -0.0017  -0.2599   0.7500  -0.3012
  -0.1051  -0.2032  -0.2568  -0.0953  -0.3482  -0.2906  -0.1708  -0.5792   1.0000

p_imp=
   0.9827   0.0008   0.0001   0.0129   0.0031   0.0061   0.0065   0.0108   0.0088
   0.0009   0.9777   0.0050   0.0043   0.0134   0.0011   0.0168   0.0118   0.0175
   0.0001   0.0038   0.9727   0.0071   0.0038   0.0055   0.0062   0.0098   0.0167
   0.0057   0.0019   0.0041   0.9677   0.0028   0.0010   0.0073   0.0021   0.0035
   0.0012   0.0048   0.0018   0.0024   0.9627   0.0097   0.0034   0.0138   0.0108
   0.0018   0.0003   0.0021   0.0007   0.0079   0.9577   0.0055   0.0001   0.0073
   0.0011   0.0027   0.0013   0.0028   0.0015   0.0030   0.9527   0.0070   0.0024
   0.0013   0.0014   0.0016   0.0006   0.0046   0.0000   0.0052   0.9477   0.0060
   0.0021   0.0041   0.0051   0.0019   0.0070   0.0058   0.0034   0.0116   0.9427
tau_av_expon_proj    = 1.415017 1.008131 0.947494 0.612255 0.452728 0.617844 0.368625 0.299277 0.273596
tau_av_expon_proj_new= 1.155689 0.896632 0.732448 0.619086 0.536111 0.472750 0.422782 0.382368 0.349005
factor=                0.799001 0.883068 0.745575 1.011094 1.168281 0.735712 1.136664 1.242724 1.241187
factor2=                 0.8167   0.8894   0.7730   1.0112   1.1842   0.7652   1.1469   1.2776   1.2756

eigenvalues of p_imp=  0.933770  0.941972  0.951988  0.953071  0.961893  0.966605  0.971751  0.983198  1.000000
eigenvalues of h_imp=  1.446192  1.036117  0.535291  0.481175  0.040080 -0.195512 -0.452860 -1.025199 -1.865285

eigenval_p,eigenval_h=  1.000000 -1.865285
psi0_psig    =   0.2007   0.2352   0.1515   0.0989   0.1037   0.0571   0.0444   0.0388   0.0698

imp-sampled: sum_p_eig,sum_abs_p_eig,sign_condition_number=  1.000000  1.000000  1.000000

p_FN1=
   0.9827   0.0008   0.0001   0.0129   0.0031   0.0061   0.0065   0.0108   0.0088
   0.0009   0.9777   0.0050   0.0043   0.0134   0.0011   0.0168   0.0118   0.0175
   0.0001   0.0038   0.9727   0.0071   0.0038   0.0055   0.0062   0.0098   0.0167
   0.0057   0.0019   0.0041   0.9677   0.0028   0.0010   0.0073   0.0021   0.0035
   0.0012   0.0048   0.0018   0.0024   0.9627   0.0097   0.0034   0.0138   0.0108
   0.0018   0.0003   0.0021   0.0007   0.0079   0.9577   0.0055   0.0001   0.0073
   0.0011   0.0027   0.0013   0.0028   0.0015   0.0030   0.9527   0.0070   0.0024
   0.0013   0.0014   0.0016   0.0006   0.0046   0.0000   0.0052   0.9477   0.0060
   0.0021   0.0041   0.0051   0.0019   0.0070   0.0058   0.0034   0.0116   0.9427

eigenvalues of p_FN1=  0.933770  0.941972  0.951988  0.953071  0.961893  0.966605  0.971751  0.983198  1.000000
eigenvalues of h_FN1=  1.446192  1.036117  0.535291  0.481175  0.040080 -0.195512 -0.452860 -1.025199 -1.865285

eigenval_p,eigenval_h=  1.000000 -1.865285
psiFN1_psig =    0.2007   0.2352   0.1515   0.0989   0.1037   0.0571   0.0444   0.0388   0.0698

E_0, E_G, E_FN1, E_G-E_0, E_FN1-E_0, rms fluctuation of E_L  -1.86528  -1.81946  -1.86528   0.04583   0.00000   0.34476
E_L     =  -1.7067  -1.7419  -1.5554  -1.8833  -2.2088  -1.3685  -2.2128  -2.5914  -2.6550
p_L     =   0.9968   0.9975   0.9938   1.0004   1.0069   0.9901   1.0070   1.0145   1.0158
p_abs_L =   0.9968   0.9975   0.9938   1.0004   1.0069   0.9901   1.0070   1.0145   1.0158

p_propos=
   0.9858   0.0008   0.0001   0.0129   0.0031   0.0062   0.0065   0.0106   0.0087
   0.0009   0.9801   0.0051   0.0043   0.0134   0.0011   0.0167   0.0116   0.0173
   0.0001   0.0038   0.9788   0.0071   0.0037   0.0056   0.0062   0.0097   0.0165
   0.0057   0.0019   0.0041   0.9673   0.0028   0.0010   0.0073   0.0020   0.0035
   0.0012   0.0048   0.0018   0.0024   0.9561   0.0098   0.0033   0.0136   0.0106
   0.0019   0.0003   0.0021   0.0007   0.0079   0.9673   0.0054   0.0001   0.0072
   0.0011   0.0027   0.0013   0.0028   0.0015   0.0031   0.9461   0.0069   0.0023
   0.0013   0.0014   0.0016   0.0006   0.0046   0.0000   0.0052   0.9341   0.0059
   0.0021   0.0041   0.0052   0.0019   0.0069   0.0059   0.0034   0.0114   0.9280
psig**2=         0.2245   0.2316   0.1747   0.0992   0.0832   0.0676   0.0375   0.0279   0.0537
psig**2 * P_L=   0.2238   0.2311   0.1737   0.0993   0.0838   0.0669   0.0377   0.0283   0.0545
psiFN_psig=      0.2007   0.2352   0.1515   0.0989   0.1037   0.0571   0.0444   0.0388   0.0698
p_L=             0.9968   0.9975   0.9938   1.0004   1.0069   0.9901   1.0070   1.0145   1.0158
W_prod=          0.8932   1.0145   0.8660   0.9960   1.2448   0.8433   1.1828   1.3884   1.2989

p_markov=
   0.9859   0.0008   0.0001   0.0129   0.0031   0.0062   0.0065   0.0106   0.0087
   0.0009   0.9803   0.0050   0.0043   0.0134   0.0011   0.0167   0.0116   0.0173
   0.0001   0.0038   0.9790   0.0071   0.0037   0.0055   0.0062   0.0097   0.0165
   0.0057   0.0019   0.0040   0.9674   0.0028   0.0010   0.0073   0.0020   0.0035
   0.0011   0.0048   0.0018   0.0024   0.9562   0.0097   0.0033   0.0136   0.0106
   0.0019   0.0003   0.0021   0.0007   0.0079   0.9678   0.0054   0.0001   0.0072
   0.0011   0.0027   0.0013   0.0027   0.0015   0.0030   0.9462   0.0069   0.0023
   0.0013   0.0014   0.0015   0.0006   0.0046   0.0000   0.0051   0.9341   0.0059
   0.0021   0.0040   0.0051   0.0019   0.0069   0.0057   0.0034   0.0114   0.9280

eigenvalues of p_markov=  0.920611  0.931438  0.945250  0.952309  0.962741  0.970291  0.976314  0.986003  1.000000
eigenvalues of h_markov=  2.104150  1.562811  0.872218  0.519271 -0.002319 -0.379821 -0.681003 -1.165433 -1.865285

eigenval_p,eigenval_h=  1.000000 -1.865285
psi for p_mar=   0.2245   0.2316   0.1747   0.0992   0.0832   0.0676   0.0375   0.0279   0.0537
psig**2      =   0.2245   0.2316   0.1747   0.0992   0.0832   0.0676   0.0375   0.0279   0.0537
Above 2 lines should be equal since Markov matrix has dominant state psig**2
The exception to this occurs when there is no sign problem, but some components of psig have the wrong sign, in which case one has 2 decoupled spaces with degenerate dominant eigenvalues

p_FN3=
   0.9828   0.0008   0.0001   0.0129   0.0031   0.0061   0.0065   0.0108   0.0088
   0.0009   0.9779   0.0050   0.0043   0.0134   0.0011   0.0168   0.0118   0.0175
   0.0001   0.0038   0.9729   0.0071   0.0038   0.0055   0.0062   0.0098   0.0167
   0.0057   0.0019   0.0040   0.9678   0.0028   0.0010   0.0073   0.0021   0.0035
   0.0011   0.0048   0.0018   0.0024   0.9628   0.0096   0.0034   0.0138   0.0108
   0.0018   0.0003   0.0021   0.0007   0.0079   0.9581   0.0055   0.0001   0.0073
   0.0011   0.0027   0.0013   0.0027   0.0015   0.0030   0.9528   0.0070   0.0024
   0.0013   0.0014   0.0015   0.0006   0.0046   0.0000   0.0052   0.9477   0.0060
   0.0021   0.0040   0.0050   0.0019   0.0069   0.0057   0.0034   0.0116   0.9427

eigenvalues of p_FN3=  0.933866  0.942110  0.952088  0.953373  0.962020  0.966780  0.971949  0.983306  0.999958
eigenvalues of h_FN3=  1.441434  1.029218  0.530339  0.466086  0.033707 -0.204281 -0.462720 -1.030581 -1.863180

eigenval_p,eigenval_h=  0.999958 -1.863180
psiFN3_psig  =   0.2014   0.2358   0.1521   0.0990   0.1031   0.0575   0.0441   0.0383   0.0687

p_FN4=
   0.9827   0.0008   0.0001   0.0129   0.0031   0.0061   0.0065   0.0108   0.0088
   0.0009   0.9777   0.0050   0.0043   0.0134   0.0011   0.0168   0.0118   0.0175
   0.0001   0.0038   0.9727   0.0071   0.0038   0.0055   0.0062   0.0098   0.0167
   0.0057   0.0019   0.0041   0.9677   0.0028   0.0010   0.0073   0.0021   0.0035
   0.0012   0.0048   0.0018   0.0024   0.9627   0.0097   0.0034   0.0138   0.0108
   0.0018   0.0003   0.0021   0.0007   0.0079   0.9577   0.0055   0.0001   0.0073
   0.0011   0.0027   0.0013   0.0028   0.0015   0.0030   0.9527   0.0070   0.0024
   0.0013   0.0014   0.0016   0.0006   0.0046   0.0000   0.0052   0.9477   0.0060
   0.0021   0.0041   0.0051   0.0019   0.0070   0.0058   0.0034   0.0116   0.9427

eigenvalues of p_FN4=  0.933770  0.941972  0.951988  0.953071  0.961893  0.966605  0.971751  0.983198  1.000000
eigenvalues of h_FN4=  1.446192  1.036117  0.535291  0.481175  0.040080 -0.195512 -0.452860 -1.025199 -1.865285

eigenval_p,eigenval_h=  1.000000 -1.865285
psiFN4_psig  =   0.2007   0.2352   0.1515   0.0989   0.1037   0.0571   0.0444   0.0388   0.0698

E_G, E_FN1, E_FN3, E_FN4, E_0, recover_FN1, recover_FN3, recover_FN4, 1-ovlp_FN1, 1-ovlp_FN3, 1-ovlp_FN4, sign_cond_num= -1.819459 -1.865285 -1.863180 -1.865285 -1.865285 1.000 0.954 1.000 0.E+00 1.E-05 3.E-16 1.000

p_propos2=
   0.9858   0.0008   0.0001   0.0129   0.0031   0.0062   0.0065   0.0106   0.0087
   0.0009   0.9801   0.0051   0.0043   0.0134   0.0011   0.0167   0.0116   0.0173
   0.0001   0.0038   0.9788   0.0071   0.0037   0.0056   0.0062   0.0097   0.0165
   0.0057   0.0019   0.0041   0.9673   0.0028   0.0010   0.0073   0.0020   0.0035
   0.0012   0.0048   0.0018   0.0024   0.9561   0.0098   0.0033   0.0136   0.0106
   0.0019   0.0003   0.0021   0.0007   0.0079   0.9673   0.0054   0.0001   0.0072
   0.0011   0.0027   0.0013   0.0028   0.0015   0.0031   0.9461   0.0069   0.0023
   0.0013   0.0014   0.0016   0.0006   0.0046   0.0000   0.0052   0.9341   0.0059
   0.0021   0.0041   0.0052   0.0019   0.0069   0.0059   0.0034   0.0114   0.9280

eigenvalues of p_FN1_propos=  0.920557  0.931348  0.945167  0.952073  0.962633  0.969982  0.976107  0.985886  1.000000
psi for p_FN1_propos=   0.2240   0.2313   0.1738   0.0994   0.0839   0.0670   0.0378   0.0283   0.0546
psig**2 * P_L       =   0.2240   0.2313   0.1738   0.0994   0.0839   0.0670   0.0378   0.0283   0.0546
Above 2 lines should be equal since proposal part of p_FN1 has dominant state psig**2 * P_L
The exception to this occurs when there is no sign problem, but some components of psig have the wrong sign, in which case one has 2 decoupled spaces with degenerate dominant eigenvalues

pp_FN1=
 221.6730 185.8569 159.5001 201.8681 233.3770 162.8564 226.2406 266.8152 247.5715
 191.8062 266.2544 196.3251 220.4034 287.0364 188.0775 273.5811 317.3924 299.3279
 124.1547 148.0806 159.7824 146.1384 181.2878 124.3914 173.3463 204.9539 195.3815
  89.2510  94.4246  83.0058 124.1956 116.6519  79.2828 114.1358 130.7601 122.8291
  86.5606 103.1603  86.3821  97.8595 150.1910  88.3333 118.7005 143.4311 133.3465
  49.0422  54.8808  48.1231  54.0002  71.7200  70.0749  66.3660  76.2645  73.6443
  37.7934  44.2842  37.2011  43.1239  53.4613  36.8147  71.3514  61.3273  56.0533
  33.1953  38.2631  32.7579  36.7955  48.1116  31.5081  45.6744  71.0719  50.2147
  59.2238  69.3838  60.0439  66.4581  86.0037  58.5007  80.2694  96.5518 104.9782
1st col normalized  0.626374  0.541981  0.350820  0.252194  0.244591  0.138577  0.106792  0.093799  0.167347
2nd col normalized  0.467321  0.669473  0.372335  0.237422  0.259387  0.137993  0.111349  0.096209  0.174459
3rd col normalized  0.476079  0.585995  0.476922  0.247757  0.257835  0.143639  0.111038  0.097776  0.179220
psiFN_psig          0.200682  0.235205  0.151460  0.098925  0.103701  0.057062  0.044382  0.038796  0.069787
W=       203.491979 238.498132 153.579975 100.309688 105.153151  57.860510  45.003300  39.338770  70.764494
W_der=     0.617515   0.307988   0.475578   0.308732   0.347601   0.182361   0.147026   0.130006   0.233538
W_der/W=   0.003035   0.001291   0.003097   0.003078   0.003306   0.003152   0.003267   0.003305   0.003300

gradient_vmc_FD, gradient_vmc=  0.074622  0.074622
E_L_der =         -0.0891   2.0610  -0.5223  -0.4513  -1.3967  -0.1138  -1.7479  -1.2208  -1.8221
E_L_der_increm =  -0.0891   2.0610  -0.5223  -0.4513  -1.3967  -0.1138  -1.7479  -1.2208  -1.8221
The above 2 lines should be equal
psiFN1_psig  =   0.2007   0.2352   0.1515   0.0989   0.1037   0.0571   0.0444   0.0388   0.0698
psig_increm**2=                 0.2245    0.2316    0.1747    0.0992    0.0832    0.0676    0.0375    0.0279    0.0537
psig_increm**2 * P_L_increm=    0.2238    0.2311    0.1737    0.0993    0.0838    0.0669    0.0377    0.0283    0.0545
psiFN_psig_increm=              0.2007    0.2352    0.1515    0.0989    0.1037    0.0571    0.0444    0.0388    0.0698
W_prod_increm                   0.8932    1.0145    0.8660    0.9960    1.2448    0.8433    1.1828    1.3884    1.2989
W_prod                          0.8932    1.0145    0.8660    0.9960    1.2448    0.8433    1.1828    1.3884    1.2989
W_prod_increm                  0.893179377   1.014509301   0.865978884   0.995952754   1.244797529   0.843292450   1.182809834   1.388439914   1.298886067
W_prod                         0.893179334   1.014509464   0.865978843   0.995952707   1.244797470   0.843292410   1.182809778   1.388439848   1.298886006
W_prod_der=                     0.4219   -1.6287    0.4090    0.4704    0.5880    0.3983    0.5587    0.6558    0.6135

E_FN1, E_FN1_increm, gradient_FN1_FD, gradient_FN1= -1.865285 -1.865285 -0.000000  0.060203

E_FN1, E_FN1_increm, gradient_FN1_FD, gradient_FN1= -1.865285 -1.865285 -0.000000  0.000000

gradient_FN1_FD, gradient_FN1, 1st+2*2nd terms, gradient_FN1_1, gradient_FN1_2, gradient_FN1_3= -0.000000  0.000000 -0.000000  0.120565 -0.060282 -0.060282
------------------------------------------------------------

Data set    3

h=
  -1.0000  -0.2096  -0.1782  -0.3311  -0.1256  -0.2787  -0.4192  -0.2927  -0.4355
  -0.2096  -0.7500  -0.2384  -0.4219  -0.0984  -0.2966  -0.0313  -0.3513  -0.1554
  -0.1782  -0.2384  -0.5000  -0.0144  -0.3095  -0.3663  -0.0021  -0.4402  -0.3295
  -0.3311  -0.4219  -0.0144  -0.2500  -0.3195  -0.0229  -0.1952  -0.1409  -0.2890
  -0.1256  -0.0984  -0.3095  -0.3195   0.0000  -0.4433  -0.3528  -0.4493  -0.4009
  -0.2787  -0.2966  -0.3663  -0.0229  -0.4433   0.2500  -0.2414  -0.4737  -0.1322
  -0.4192  -0.0313  -0.0021  -0.1952  -0.3528  -0.2414   0.5000  -0.2409  -0.3926
  -0.2927  -0.3513  -0.4402  -0.1409  -0.4493  -0.4737  -0.2409   0.7500  -0.3974
  -0.4355  -0.1554  -0.3295  -0.2890  -0.4009  -0.1322  -0.3926  -0.3974   1.0000

eigenval_p,eigenval_h=  1.000000 -2.302216
psi for p    =   0.5041   0.3757   0.3390   0.2938   0.3257   0.2972   0.2289   0.2998   0.2584

eigenvalues of p=  0.925993  0.932576  0.939197  0.940960  0.951968  0.958953  0.966388  0.969566  1.000000
eigenvalues of h=  1.398133  1.068965  0.737940  0.649780  0.099378 -0.249862 -0.621622 -0.780496 -2.302216
tau, tau_max= 0.020000 0.270245
p=
   0.9740   0.0042   0.0036   0.0066   0.0025   0.0056   0.0084   0.0059   0.0087
   0.0042   0.9690   0.0048   0.0084   0.0020   0.0059   0.0006   0.0070   0.0031
   0.0036   0.0048   0.9640   0.0003   0.0062   0.0073   0.0000   0.0088   0.0066
   0.0066   0.0084   0.0003   0.9590   0.0064   0.0005   0.0039   0.0028   0.0058
   0.0025   0.0020   0.0062   0.0064   0.9540   0.0089   0.0071   0.0090   0.0080
   0.0056   0.0059   0.0073   0.0005   0.0089   0.9490   0.0048   0.0095   0.0026
   0.0084   0.0006   0.0000   0.0039   0.0071   0.0048   0.9440   0.0048   0.0079
   0.0059   0.0070   0.0088   0.0028   0.0090   0.0095   0.0048   0.9390   0.0079
   0.0087   0.0031   0.0066   0.0058   0.0080   0.0026   0.0079   0.0079   0.9340

sum_p_eig,sum_abs_p_eig,sign_condition_number=  2.922681  2.922681  1.000000

p after making eigenvec +ve =
   0.9740   0.0042   0.0036   0.0066   0.0025   0.0056   0.0084   0.0059   0.0087
   0.0042   0.9690   0.0048   0.0084   0.0020   0.0059   0.0006   0.0070   0.0031
   0.0036   0.0048   0.9640   0.0003   0.0062   0.0073   0.0000   0.0088   0.0066
   0.0066   0.0084   0.0003   0.9590   0.0064   0.0005   0.0039   0.0028   0.0058
   0.0025   0.0020   0.0062   0.0064   0.9540   0.0089   0.0071   0.0090   0.0080
   0.0056   0.0059   0.0073   0.0005   0.0089   0.9490   0.0048   0.0095   0.0026
   0.0084   0.0006   0.0000   0.0039   0.0071   0.0048   0.9440   0.0048   0.0079
   0.0059   0.0070   0.0088   0.0028   0.0090   0.0095   0.0048   0.9390   0.0079
   0.0087   0.0031   0.0066   0.0058   0.0080   0.0026   0.0079   0.0079   0.9340

1+(E_0*1-H) (i.e. p with tau=1) after making eigenvec +ve =
  -0.3022  -0.2096  -0.1782  -0.3311  -0.1256  -0.2787  -0.4192  -0.2927  -0.4355
  -0.2096  -0.5522  -0.2384  -0.4219  -0.0984  -0.2966  -0.0313  -0.3513  -0.1554
  -0.1782  -0.2384  -0.8022  -0.0144  -0.3095  -0.3663  -0.0021  -0.4402  -0.3295
  -0.3311  -0.4219  -0.0144  -1.0522  -0.3195  -0.0229  -0.1952  -0.1409  -0.2890
  -0.1256  -0.0984  -0.3095  -0.3195  -1.3022  -0.4433  -0.3528  -0.4493  -0.4009
  -0.2787  -0.2966  -0.3663  -0.0229  -0.4433  -1.5522  -0.2414  -0.4737  -0.1322
  -0.4192  -0.0313  -0.0021  -0.1952  -0.3528  -0.2414  -1.8022  -0.2409  -0.3926
  -0.2927  -0.3513  -0.4402  -0.1409  -0.4493  -0.4737  -0.2409  -2.0522  -0.3974
  -0.4355  -0.1554  -0.3295  -0.2890  -0.4009  -0.1322  -0.3926  -0.3974  -2.3022
psi0         =   0.5041   0.3757   0.3390   0.2938   0.3257   0.2972   0.2289   0.2998   0.2584
psig         =   0.4841   0.2884   0.3864   0.2615   0.3999   0.2803   0.2433   0.2459   0.3266

E_G= -2.243630

h_imp=
  -1.0000  -0.3518  -0.2232  -0.6131  -0.1521  -0.4812  -0.8341  -0.5763  -0.6454
  -0.1248  -0.7500  -0.1779  -0.4653  -0.0710  -0.3051  -0.0371  -0.4120  -0.1372
  -0.1422  -0.3194  -0.5000  -0.0213  -0.2991  -0.5049  -0.0033  -0.6918  -0.3898
  -0.1789  -0.3826  -0.0098  -0.2500  -0.2089  -0.0214  -0.2098  -0.1498  -0.2314
  -0.1038  -0.1365  -0.3203  -0.4887   0.0000  -0.6323  -0.5799  -0.7308  -0.4908
  -0.1614  -0.2883  -0.2657  -0.0246  -0.3107   0.2500  -0.2781  -0.5401  -0.1135
  -0.2107  -0.0264  -0.0013  -0.1817  -0.2146  -0.2095   0.5000  -0.2384  -0.2924
  -0.1487  -0.2995  -0.2800  -0.1325  -0.2763  -0.4155  -0.2435   0.7500  -0.2992
  -0.2938  -0.1760  -0.2784  -0.3610  -0.3274  -0.1540  -0.5271  -0.5280   1.0000

p_imp=
   0.9740   0.0070   0.0045   0.0123   0.0030   0.0096   0.0167   0.0115   0.0129
   0.0025   0.9690   0.0036   0.0093   0.0014   0.0061   0.0007   0.0082   0.0027
   0.0028   0.0064   0.9640   0.0004   0.0060   0.0101   0.0001   0.0138   0.0078
