Input hamiltonian
hamiltonian=random                                                                          
Input ndim, E_T, tau
ndim, E_T, tau=    9-20.000000 0.020000
Input fraction_positive, off_diag_mag, psig_noise
fraction_positive, off_diag_mag,psig_noise= 0.500000 0.500000 0.000100
psig_correct_sign
psig_correct_sign= F
Input irand_seed
irand_seed=1425565376542456

Data set    1

h=
  -1.0000   0.0800   0.1401  -0.1696   0.0630   0.1789  -0.0366  -0.0928  -0.2290
   0.0800  -0.7500   0.0859   0.2028  -0.0542   0.1379   0.1569  -0.0799  -0.2353
   0.1401   0.0859  -0.5000   0.1165  -0.2461  -0.0961  -0.2234  -0.1402   0.2370
  -0.1696   0.2028   0.1165  -0.2500  -0.0711  -0.2226   0.0454   0.1250  -0.0263
   0.0630  -0.0542  -0.2461  -0.0711   0.0000  -0.0210   0.1375  -0.2232  -0.0393
   0.1789   0.1379  -0.0961  -0.2226  -0.0210   0.2500  -0.2276  -0.1955  -0.0772
  -0.0366   0.1569  -0.2234   0.0454   0.1375  -0.2276   0.5000  -0.2075  -0.1275
  -0.0928  -0.0799  -0.1402   0.1250  -0.2232  -0.1955  -0.2075   0.7500  -0.0525
  -0.2290  -0.2353   0.2370  -0.0263  -0.0393  -0.0772  -0.1275  -0.0525   1.0000

eigenval_p,eigenval_h=  1.000000 -1.153737
psi for p    =   0.8957  -0.1375  -0.3155   0.2159  -0.1095  -0.0884  -0.0127  -0.0197   0.1112

eigenvalues of p=  0.953835  0.957765  0.963171  0.973933  0.976522  0.982440  0.989117  0.995544  1.000000
eigenvalues of h=  1.154489  0.958038  0.687698  0.149593  0.020158 -0.275736 -0.609584 -0.930919 -1.153737
tau, tau_max= 0.020000 0.433233
p=
   0.9969  -0.0016  -0.0028   0.0034  -0.0013  -0.0036   0.0007   0.0019   0.0046
  -0.0016   0.9919  -0.0017  -0.0041   0.0011  -0.0028  -0.0031   0.0016   0.0047
  -0.0028  -0.0017   0.9869  -0.0023   0.0049   0.0019   0.0045   0.0028  -0.0047
   0.0034  -0.0041  -0.0023   0.9819   0.0014   0.0045  -0.0009  -0.0025   0.0005
  -0.0013   0.0011   0.0049   0.0014   0.9769   0.0004  -0.0028   0.0045   0.0008
  -0.0036  -0.0028   0.0019   0.0045   0.0004   0.9719   0.0046   0.0039   0.0015
   0.0007  -0.0031   0.0045  -0.0009  -0.0028   0.0046   0.9669   0.0041   0.0026
   0.0019   0.0016   0.0028  -0.0025   0.0045   0.0039   0.0041   0.9619   0.0011
   0.0046   0.0047  -0.0047   0.0005   0.0008   0.0015   0.0026   0.0011   0.9569

sum_p_eig,sum_abs_p_eig,sign_condition_number=  1.905979  1.922966  0.641680

p after making eigenvec +ve =
   0.9969   0.0016   0.0028   0.0034   0.0013   0.0036  -0.0007  -0.0019   0.0046
   0.0016   0.9919  -0.0017   0.0041   0.0011  -0.0028  -0.0031   0.0016  -0.0047
   0.0028  -0.0017   0.9869   0.0023   0.0049   0.0019   0.0045   0.0028   0.0047
   0.0034   0.0041   0.0023   0.9819  -0.0014  -0.0045   0.0009   0.0025   0.0005
   0.0013   0.0011   0.0049  -0.0014   0.9769   0.0004  -0.0028   0.0045  -0.0008
   0.0036  -0.0028   0.0019  -0.0045   0.0004   0.9719   0.0046   0.0039  -0.0015
  -0.0007  -0.0031   0.0045   0.0009  -0.0028   0.0046   0.9669   0.0041  -0.0026
  -0.0019   0.0016   0.0028   0.0025   0.0045   0.0039   0.0041   0.9619  -0.0011
   0.0046  -0.0047   0.0047   0.0005  -0.0008  -0.0015  -0.0026  -0.0011   0.9569

1+(E_0*1-H) (i.e. p with tau=1) after making eigenvec +ve =
   0.8463  -0.0800  -0.1401  -0.1696  -0.0630  -0.1789   0.0366   0.0928  -0.2290
  -0.0800   0.5963   0.0859  -0.2028  -0.0542   0.1379   0.1569  -0.0799   0.2353
  -0.1401   0.0859   0.3463  -0.1165  -0.2461  -0.0961  -0.2234  -0.1402  -0.2370
  -0.1696  -0.2028  -0.1165   0.0963   0.0711   0.2226  -0.0454  -0.1250  -0.0263
  -0.0630  -0.0542  -0.2461   0.0711  -0.1537  -0.0210   0.1375  -0.2232   0.0393
  -0.1789   0.1379  -0.0961   0.2226  -0.0210  -0.4037  -0.2276  -0.1955   0.0772
   0.0366   0.1569  -0.2234  -0.0454   0.1375  -0.2276  -0.6537  -0.2075   0.1275
   0.0928  -0.0799  -0.1402  -0.1250  -0.2232  -0.1955  -0.2075  -0.9037   0.0525
  -0.2290   0.2353  -0.2370  -0.0263   0.0393   0.0772   0.1275   0.0525  -1.1537
psi0         =   0.8957   0.1375   0.3155   0.2159   0.1095   0.0884   0.0127   0.0197   0.1112
psig         =   0.8957   0.1374   0.3155   0.2159   0.1096   0.0884   0.0126   0.0198   0.1111

E_G= -1.153737

h_imp=
  -1.0000  -0.5212  -0.3978  -0.7038  -0.5151  -1.8140   2.5946   4.2032  -1.8452
  -0.0123  -0.7500   0.0374  -0.1291  -0.0680   0.2144   1.7085  -0.5550   0.2909
  -0.0494   0.1972  -0.5000  -0.1703  -0.7088  -0.3432  -5.5855  -2.2370  -0.6728
  -0.0409  -0.3186  -0.0797  -0.2500   0.1401   0.5440  -0.7767  -1.3644  -0.0512
  -0.0077  -0.0432  -0.0855   0.0361   0.0000  -0.0261   1.1938  -1.2364   0.0387
  -0.0177   0.0886  -0.0269   0.0911  -0.0170   0.2500  -1.5930  -0.8735   0.0614
   0.0005   0.0144  -0.0089  -0.0027   0.0158  -0.0325   0.5000  -0.1324   0.0145
   0.0020  -0.0115  -0.0088  -0.0115  -0.0403  -0.0438  -0.3251   0.7500   0.0094
  -0.0284   0.1903  -0.0835  -0.0136   0.0399   0.0972   1.1230   0.2953   1.0000

p_imp=
   0.9969   0.0104   0.0080   0.0141   0.0103   0.0363  -0.0519  -0.0841   0.0369
   0.0002   0.9919  -0.0007   0.0026   0.0014  -0.0043  -0.0342   0.0111  -0.0058
   0.0010  -0.0039   0.9869   0.0034   0.0142   0.0069   0.1117   0.0447   0.0135
   0.0008   0.0064   0.0016   0.9819  -0.0028  -0.0109   0.0155   0.0273   0.0010
   0.0002   0.0009   0.0017  -0.0007   0.9769   0.0005  -0.0239   0.0247  -0.0008
   0.0004  -0.0018   0.0005  -0.0018   0.0003   0.9719   0.0319   0.0175  -0.0012
  -0.0000  -0.0003   0.0002   0.0001  -0.0003   0.0007   0.9669   0.0026  -0.0003
  -0.0000   0.0002   0.0002   0.0002   0.0008   0.0009   0.0065   0.9619  -0.0002
   0.0006  -0.0038   0.0017   0.0003  -0.0008  -0.0019  -0.0225  -0.0059   0.9569
tau_av_expon_proj    = 6.294590 0.722006 1.372746 0.863465 0.647278 0.321004 0.067113 0.091767 0.335116
tau_av_expon_proj_new= 6.504622 2.476861 1.529668 1.106517 0.866749 0.712384 0.604691 0.525283 0.464309
factor=                1.032817 2.030942 1.108032 1.245646 1.288155 1.732205 2.432727 2.282564 1.320815
factor2=                 1.0334   3.4305   1.1143   1.2815   1.3391   2.2192   9.0100   5.7241   1.3855

eigenvalues of p_imp=  0.953835  0.957765  0.963171  0.973933  0.976522  0.982440  0.989117  0.995544  1.000000
eigenvalues of h_imp=  1.154489  0.958038  0.687698  0.149593  0.020158 -0.275736 -0.609584 -0.930919 -1.153737

eigenval_p,eigenval_h=  1.000000 -1.153737
psi0_psig    =   0.8022   0.0189   0.0996   0.0466   0.0120   0.0078   0.0002   0.0004   0.0124

imp-sampled: sum_p_eig,sum_abs_p_eig,sign_condition_number=  1.000000  1.001518  0.926969

p_FN1=
   0.9969   0.0104   0.0080   0.0141   0.0103   0.0363   0.0000   0.0000   0.0369
   0.0002   0.9821   0.0000   0.0026   0.0014   0.0000   0.0000   0.0111   0.0000
   0.0010   0.0000   0.9862   0.0034   0.0142   0.0069   0.1117   0.0447   0.0135
   0.0008   0.0064   0.0016   0.9794   0.0000   0.0000   0.0155   0.0273   0.0010
   0.0002   0.0009   0.0017   0.0000   0.9730   0.0005   0.0000   0.0247   0.0000
   0.0004   0.0000   0.0005   0.0000   0.0003   0.9548   0.0319   0.0175   0.0000
   0.0000   0.0000   0.0002   0.0001   0.0000   0.0007   0.8345   0.0026   0.0000
   0.0000   0.0002   0.0002   0.0002   0.0008   0.0009   0.0065   0.8720   0.0000
   0.0006   0.0000   0.0017   0.0003   0.0000   0.0000   0.0000   0.0000   0.9486

eigenvalues of p_FN1=  0.833819  0.871832  0.947619  0.954809  0.971301  0.976419  0.984199  0.987483  1.000000
eigenvalues of h_FN1=  7.155304  5.254661  1.465309  1.105835  0.281212  0.025295 -0.363701 -0.527905 -1.153737

eigenval_p,eigenval_h=  1.000000 -1.153737
psiFN1_psig =    0.8022   0.0189   0.0996   0.0466   0.0120   0.0078   0.0002   0.0004   0.0124

E_0, E_G, E_FN1, E_G-E_0, E_FN1-E_0, rms fluctuation of E_L  -1.15374  -1.15374  -1.15374   0.00000   0.00000   0.00014
E_L     =  -1.1537  -1.1539  -1.1536  -1.1537  -1.1534  -1.1541  -1.1605  -1.1502  -1.1542
p_L     =   1.0000   1.0000   1.0000   1.0000   1.0000   1.0000   1.0001   0.9999   1.0000
p_abs_L =   1.0001   1.0098   1.0007   1.0025   1.0039   1.0171   1.1325   1.0899   1.0083

p_propos=
   0.9969   0.0103   0.0079   0.0140   0.0103   0.0357   0.0000   0.0000   0.0366
   0.0002   0.9823   0.0000   0.0026   0.0014   0.0000   0.0000   0.0102   0.0000
   0.0010   0.0000   0.9862   0.0034   0.0141   0.0067   0.0986   0.0410   0.0133
   0.0008   0.0063   0.0016   0.9794   0.0000   0.0000   0.0137   0.0250   0.0010
   0.0002   0.0009   0.0017   0.0000   0.9731   0.0005   0.0000   0.0227   0.0000
   0.0004   0.0000   0.0005   0.0000   0.0003   0.9556   0.0281   0.0160   0.0000
   0.0000   0.0000   0.0002   0.0001   0.0000   0.0006   0.8538   0.0024   0.0000
   0.0000   0.0002   0.0002   0.0002   0.0008   0.0009   0.0057   0.8826   0.0000
   0.0006   0.0000   0.0017   0.0003   0.0000   0.0000   0.0000   0.0000   0.9490
psig**2=         0.8022   0.0189   0.0996   0.0466   0.0120   0.0078   0.0002   0.0004   0.0124
psig**2 * P_L=   0.8022   0.0189   0.0996   0.0466   0.0120   0.0078   0.0002   0.0004   0.0124
psiFN_psig=      0.8022   0.0189   0.0996   0.0466   0.0120   0.0078   0.0002   0.0004   0.0124
p_L=             1.0000   1.0000   1.0000   1.0000   1.0000   1.0000   1.0001   0.9999   1.0000
W_prod=          1.0000   1.0002   0.9999   1.0000   0.9997   1.0001   1.0007   0.9994   1.0002

p_markov=
   0.9969   0.0103   0.0079   0.0140   0.0103   0.0357   0.0000   0.0000   0.0366
   0.0002   0.9823   0.0000   0.0026   0.0013   0.0000   0.0000   0.0102   0.0000
   0.0010   0.0000   0.9863   0.0034   0.0141   0.0067   0.0986   0.0410   0.0133
   0.0008   0.0063   0.0016   0.9795   0.0000   0.0000   0.0137   0.0250   0.0010
   0.0002   0.0009   0.0017   0.0000   0.9732   0.0005   0.0000   0.0227   0.0000
   0.0003   0.0000   0.0005   0.0000   0.0003   0.9557   0.0281   0.0160   0.0000
   0.0000   0.0000   0.0002   0.0000   0.0000   0.0006   0.8538   0.0023   0.0000
   0.0000   0.0002   0.0002   0.0002   0.0007   0.0008   0.0057   0.8827   0.0000
   0.0006   0.0000   0.0017   0.0003   0.0000   0.0000   0.0000   0.0000   0.9490

eigenvalues of p_markov=  0.853092  0.882583  0.948044  0.955666  0.971483  0.976574  0.984327  0.987528  1.000000
eigenvalues of h_markov=  6.191669  4.717135  1.444068  1.062947  0.272109  0.017539 -0.370091 -0.530147 -1.153737

eigenval_p,eigenval_h=  1.000000 -1.153737
psi for p_mar=   0.8022   0.0189   0.0996   0.0466   0.0120   0.0078   0.0002   0.0004   0.0124
psig**2      =   0.8022   0.0189   0.0996   0.0466   0.0120   0.0078   0.0002   0.0004   0.0124
Above 2 lines should be equal since Markov matrix has dominant state psig**2
The exception to this occurs when there is no sign problem, but some components of psig have the wrong sign, in which case one has 2 decoupled spaces with degenerate dominant eigenvalues

p_FN3=
   0.9969   0.0103   0.0079   0.0140   0.0103   0.0357   0.0000   0.0000   0.0366
   0.0002   0.9823   0.0000   0.0026   0.0013   0.0000   0.0000   0.0102   0.0000
   0.0010   0.0000   0.9863   0.0034   0.0141   0.0067   0.0987   0.0410   0.0133
   0.0008   0.0063   0.0016   0.9795   0.0000   0.0000   0.0137   0.0250   0.0010
   0.0002   0.0009   0.0017   0.0000   0.9732   0.0005   0.0000   0.0227   0.0000
   0.0003   0.0000   0.0005   0.0000   0.0003   0.9557   0.0281   0.0160   0.0000
   0.0000   0.0000   0.0002   0.0000   0.0000   0.0006   0.8539   0.0023   0.0000
   0.0000   0.0002   0.0002   0.0002   0.0007   0.0008   0.0057   0.8826   0.0000
   0.0006   0.0000   0.0017   0.0003   0.0000   0.0000   0.0000   0.0000   0.9491

eigenvalues of p_FN3=  0.853205  0.882522  0.948053  0.955672  0.971478  0.976575  0.984330  0.987526  1.000000
eigenvalues of h_FN3=  6.186005  4.720146  1.443597  1.062648  0.272360  0.017503 -0.370232 -0.530057 -1.153737

eigenval_p,eigenval_h=  1.000000 -1.153737
psiFN3_psig  =   0.8022   0.0189   0.0996   0.0466   0.0120   0.0078   0.0002   0.0004   0.0124

p_FN4=
   0.9969   0.0103   0.0079   0.0140   0.0103   0.0357   0.0000   0.0000   0.0366
   0.0002   0.9823   0.0000   0.0026   0.0014   0.0000   0.0000   0.0102   0.0000
   0.0010   0.0000   0.9862   0.0034   0.0141   0.0067   0.0987   0.0410   0.0133
   0.0008   0.0063   0.0016   0.9794   0.0000   0.0000   0.0137   0.0250   0.0010
   0.0002   0.0009   0.0017   0.0000   0.9731   0.0005   0.0000   0.0227   0.0000
   0.0004   0.0000   0.0005   0.0000   0.0003   0.9556   0.0281   0.0160   0.0000
   0.0000   0.0000   0.0002   0.0001   0.0000   0.0006   0.8539   0.0024   0.0000
   0.0000   0.0002   0.0002   0.0002   0.0008   0.0009   0.0057   0.8825   0.0000
   0.0006   0.0000   0.0017   0.0003   0.0000   0.0000   0.0000   0.0000   0.9491

eigenvalues of p_FN4=  0.853159  0.882403  0.948043  0.955575  0.971411  0.976525  0.984317  0.987498  1.000000
eigenvalues of h_FN4=  6.188319  4.726105  1.444099  1.067534  0.275722  0.020005 -0.369577 -0.528652 -1.153737

eigenval_p,eigenval_h=  1.000000 -1.153737
psiFN4_psig  =   0.8017   0.0191   0.0996   0.0467   0.0120   0.0079   0.0002   0.0004   0.0124

E_G, E_FN1, E_FN3, E_FN4, E_0, recover_FN1, recover_FN3, recover_FN4, 1-ovlp_FN1, 1-ovlp_FN3, 1-ovlp_FN4, sign_cond_num= -1.153737 -1.153737 -1.153737 -1.153737 -1.153737 0.521 0.50811.334 2.E-11 2.E-11 6.E-08 0.927

p_propos2=
   0.9969   0.0104   0.0080   0.0141   0.0103   0.0363   0.0000   0.0000   0.0369
   0.0002   0.9821   0.0000   0.0026   0.0014   0.0000   0.0000   0.0111   0.0000
   0.0010   0.0000   0.9862   0.0034   0.0142   0.0069   0.1117   0.0447   0.0135
   0.0008   0.0064   0.0016   0.9794   0.0000   0.0000   0.0155   0.0273   0.0010
   0.0002   0.0009   0.0017   0.0000   0.9730   0.0005   0.0000   0.0247   0.0000
   0.0004   0.0000   0.0005   0.0000   0.0003   0.9548   0.0319   0.0175   0.0000
   0.0000   0.0000   0.0002   0.0001   0.0000   0.0007   0.8344   0.0026   0.0000
   0.0000   0.0002   0.0002   0.0002   0.0008   0.0009   0.0065   0.8720   0.0000
   0.0006   0.0000   0.0017   0.0003   0.0000   0.0000   0.0000   0.0000   0.9486

eigenvalues of p_FN1_propos=  0.833708  0.871892  0.947610  0.954803  0.971306  0.976419  0.984196  0.987485  1.000000
psi for p_FN1_propos=   0.8022   0.0189   0.0996   0.0466   0.0120   0.0078   0.0002   0.0004   0.0124
psig**2 * P_L       =   0.8022   0.0189   0.0996   0.0466   0.0120   0.0078   0.0002   0.0004   0.0124
Above 2 lines should be equal since proposal part of p_FN1 has dominant state psig**2 * P_L
The exception to this occurs when there is no sign problem, but some components of psig have the wrong sign, in which case one has 2 decoupled spaces with degenerate dominant eigenvalues

pp_FN1=
 827.8039 755.7458 744.5458 764.5598 747.8135 794.0042 751.9461 750.6377 789.2817
  17.7935  75.0738  17.4545  24.0629  19.9862  17.4824  18.2457  24.2101  17.4653
  92.4110  92.0139 166.7313 100.5891 128.9492 103.4172 146.3808 128.9328 110.1214
  44.4159  59.3731  47.0810  93.1347  45.2024  44.1406  50.9804  56.8877  45.1860
  11.1909  12.7033  15.5474  11.6441  50.4555  12.2754  14.6914  20.6440  12.1096
   7.7259   7.2251   8.1075   7.3933   7.9816  29.8719  12.2981  10.8451   7.6688
   0.1493   0.1539   0.2342   0.1743   0.1949   0.2510   6.2782   0.3328   0.1690
   0.3660   0.5014   0.5065   0.4775   0.6726   0.5434   0.8171   8.3499   0.3975
  12.1543  11.4232  13.6627  11.9777  12.4611  12.1366  13.1036  12.5536  31.7733
1st col normalized  0.991954  0.021322  0.110736  0.053223  0.013410  0.009258  0.000179  0.000439  0.014564
2nd col normalized  0.984629  0.097810  0.119881  0.077355  0.016551  0.009413  0.000200  0.000653  0.014883
3rd col normalized  0.973314  0.022817  0.217961  0.061547  0.020325  0.010599  0.000306  0.000662  0.017861
psiFN_psig          0.802233  0.018892  0.099556  0.046605  0.012002  0.007807  0.000159  0.000391  0.012356
W=       813.464195  19.156461 100.949813  47.257040  12.169632   7.916162   0.161643   0.396383  12.528670
W_der=     0.088957  -0.057252  -0.041303   0.024481   0.000431  -0.005362  -0.000296   0.000082  -0.010412
W_der/W=   0.000109  -0.002989  -0.000409   0.000518   0.000035  -0.000677  -0.001831   0.000207  -0.000831

gradient_vmc_FD, gradient_vmc= -0.000057 -0.000057
E_L_der =         -0.0893   2.9392   0.2722  -0.9394  -0.4949   1.5603  12.4313  -4.0387   2.1169
E_L_der_increm =  -0.0893   2.9392   0.2722  -0.9394  -0.4949   1.5603  12.4313  -4.0387   2.1169
The above 2 lines should be equal
psiFN1_psig  =   0.8022   0.0189   0.0996   0.0466   0.0120   0.0078   0.0002   0.0004   0.0124
psig_increm**2=                 0.8022    0.0189    0.0996    0.0466    0.0120    0.0078    0.0002    0.0004    0.0124
psig_increm**2 * P_L_increm=    0.8022    0.0189    0.0996    0.0466    0.0120    0.0078    0.0002    0.0004    0.0124
psiFN_psig_increm=              0.8022    0.0189    0.0996    0.0466    0.0120    0.0078    0.0002    0.0004    0.0124
W_prod_increm                   1.0000    1.0002    0.9999    1.0000    0.9997    1.0001    1.0007    0.9994    1.0002
W_prod                          1.0000    1.0002    0.9999    1.0000    0.9997    1.0001    1.0007    0.9994    1.0002
W_prod_increm                  1.000011820   1.000223063   0.999861574   1.000014487   0.999704905   1.000122584   1.000728742   0.999391336   1.000171648
W_prod                         1.000011808   1.000223365   0.999861615   1.000014434   0.999704901   1.000122652   1.000728928   0.999391314   1.000171732
W_prod_der=                     0.1114   -3.0289   -0.4143    0.5262    0.0367   -0.6864   -1.8578    0.2108   -0.8423

E_FN1, E_FN1_increm, gradient_FN1_FD, gradient_FN1= -1.153737 -1.153737 -0.000022 -0.000040

E_FN1, E_FN1_increm, gradient_FN1_FD, gradient_FN1= -1.153737 -1.153737 -0.000022 -0.000023

gradient_FN1_FD, gradient_FN1, 1st+2*2nd terms, gradient_FN1_1, gradient_FN1_2, gradient_FN1_3= -0.000022 -0.000023 -0.000023 -0.000057  0.000017  0.000017
------------------------------------------------------------

Data set    2

h=
  -1.0000   0.2078   0.2465  -0.1774   0.1550   0.0818   0.1172   0.0597   0.0351
   0.2078  -0.7500   0.0317   0.1078  -0.1529   0.2204  -0.0884   0.0460  -0.1722
   0.2465   0.0317  -0.5000  -0.0188   0.1205   0.0786   0.1065   0.0542  -0.2134
  -0.1774   0.1078  -0.0188  -0.2500   0.1196   0.2078   0.0252   0.1955   0.1204
   0.1550  -0.1529   0.1205   0.1196   0.0000  -0.1889   0.1373  -0.1491  -0.1836
   0.0818   0.2204   0.0786   0.2078  -0.1889   0.2500   0.0471   0.2473  -0.0761
   0.1172  -0.0884   0.1065   0.0252   0.1373   0.0471   0.5000  -0.0512   0.1073
   0.0597   0.0460   0.0542   0.1955  -0.1491   0.2473  -0.0512   0.7500  -0.1677
   0.0351  -0.1722  -0.2134   0.1204  -0.1836  -0.0761   0.1073  -0.1677   1.0000

eigenval_p,eigenval_h=  1.000000 -1.275242
psi for p    =   0.8174  -0.4330  -0.2248   0.2275  -0.1681  -0.0167  -0.0476  -0.0495  -0.0940

eigenvalues of p=  0.950560  0.956825  0.962966  0.969652  0.974931  0.980377  0.985440  0.989706  1.000000
eigenvalues of h=  1.196769  0.883489  0.576467  0.242178 -0.021770 -0.294090 -0.547235 -0.760567 -1.275242
tau, tau_max= 0.020000 0.404529
p=
   0.9945  -0.0042  -0.0049   0.0035  -0.0031  -0.0016  -0.0023  -0.0012  -0.0007
  -0.0042   0.9895  -0.0006  -0.0022   0.0031  -0.0044   0.0018  -0.0009   0.0034
  -0.0049  -0.0006   0.9845   0.0004  -0.0024  -0.0016  -0.0021  -0.0011   0.0043
   0.0035  -0.0022   0.0004   0.9795  -0.0024  -0.0042  -0.0005  -0.0039  -0.0024
  -0.0031   0.0031  -0.0024  -0.0024   0.9745   0.0038  -0.0027   0.0030   0.0037
  -0.0016  -0.0044  -0.0016  -0.0042   0.0038   0.9695  -0.0009  -0.0049   0.0015
  -0.0023   0.0018  -0.0021  -0.0005  -0.0027  -0.0009   0.9645   0.0010  -0.0021
  -0.0012  -0.0009  -0.0011  -0.0039   0.0030  -0.0049   0.0010   0.9595   0.0034
  -0.0007   0.0034   0.0043  -0.0024   0.0037   0.0015  -0.0021   0.0034   0.9545

sum_p_eig,sum_abs_p_eig,sign_condition_number=  2.078525  2.091526  0.732144

p after making eigenvec +ve =
   0.9945   0.0042   0.0049   0.0035   0.0031   0.0016   0.0023   0.0012   0.0007
   0.0042   0.9895  -0.0006   0.0022   0.0031  -0.0044   0.0018  -0.0009   0.0034
   0.0049  -0.0006   0.9845  -0.0004  -0.0024  -0.0016  -0.0021  -0.0011   0.0043
   0.0035   0.0022  -0.0004   0.9795   0.0024   0.0042   0.0005   0.0039   0.0024
   0.0031   0.0031  -0.0024   0.0024   0.9745   0.0038  -0.0027   0.0030   0.0037
   0.0016  -0.0044  -0.0016   0.0042   0.0038   0.9695  -0.0009  -0.0049   0.0015
   0.0023   0.0018  -0.0021   0.0005  -0.0027  -0.0009   0.9645   0.0010  -0.0021
   0.0012  -0.0009  -0.0011   0.0039   0.0030  -0.0049   0.0010   0.9595   0.0034
   0.0007   0.0034   0.0043   0.0024   0.0037   0.0015  -0.0021   0.0034   0.9545

1+(E_0*1-H) (i.e. p with tau=1) after making eigenvec +ve =
   0.7248  -0.2078  -0.2465  -0.1774  -0.1550  -0.0818  -0.1172  -0.0597  -0.0351
  -0.2078   0.4748   0.0317  -0.1078  -0.1529   0.2204  -0.0884   0.0460  -0.1722
  -0.2465   0.0317   0.2248   0.0188   0.1205   0.0786   0.1065   0.0542  -0.2134
  -0.1774  -0.1078   0.0188  -0.0252  -0.1196  -0.2078  -0.0252  -0.1955  -0.1204
  -0.1550  -0.1529   0.1205  -0.1196  -0.2752  -0.1889   0.1373  -0.1491  -0.1836
  -0.0818   0.2204   0.0786  -0.2078  -0.1889  -0.5252   0.0471   0.2473  -0.0761
  -0.1172  -0.0884   0.1065  -0.0252   0.1373   0.0471  -0.7752  -0.0512   0.1073
  -0.0597   0.0460   0.0542  -0.1955  -0.1491   0.2473  -0.0512  -1.0252  -0.1677
  -0.0351  -0.1722  -0.2134  -0.1204  -0.1836  -0.0761   0.1073  -0.1677  -1.2752
psi0         =   0.8174   0.4330   0.2248   0.2275   0.1681   0.0167   0.0476   0.0495   0.0940
psig         =   0.8174   0.4330   0.2249   0.2275   0.1680   0.0167   0.0476   0.0495   0.0940

E_G= -1.275242

h_imp=
  -1.0000  -0.3923  -0.8962  -0.6374  -0.7541  -4.0018  -2.0140  -0.9856  -0.3055
  -0.1101  -0.7500   0.0610  -0.2052  -0.3941   5.7143  -0.8047   0.4027  -0.7929
  -0.0678   0.0165  -0.5000   0.0186   0.1612   1.0578   0.5033   0.2464  -0.5104
  -0.0494  -0.0567   0.0190  -0.2500  -0.1619  -2.8304  -0.1205  -0.8988  -0.2913
  -0.0319  -0.0594   0.0900  -0.0883   0.0000  -1.9006   0.4850  -0.5064  -0.3282
  -0.0017   0.0085   0.0058  -0.0153  -0.0188   0.2500   0.0165   0.0835  -0.0135
  -0.0068  -0.0097   0.0225  -0.0053   0.0389   0.1341   0.5000  -0.0492   0.0543
  -0.0036   0.0053   0.0119  -0.0425  -0.0439   0.7327  -0.0532   0.7500  -0.0883
  -0.0040  -0.0374  -0.0892  -0.0497  -0.1027  -0.4284   0.2119  -0.3185   1.0000

p_imp=
   0.9945   0.0078   0.0179   0.0127   0.0151   0.0800   0.0403   0.0197   0.0061
   0.0022   0.9895  -0.0012   0.0041   0.0079  -0.1143   0.0161  -0.0081   0.0159
   0.0014  -0.0003   0.9845  -0.0004  -0.0032  -0.0212  -0.0101  -0.0049   0.0102
   0.0010   0.0011  -0.0004   0.9795   0.0032   0.0566   0.0024   0.0180   0.0058
   0.0006   0.0012  -0.0018   0.0018   0.9745   0.0380  -0.0097   0.0101   0.0066
   0.0000  -0.0002  -0.0001   0.0003   0.0004   0.9695  -0.0003  -0.0017   0.0003
   0.0001   0.0002  -0.0005   0.0001  -0.0008  -0.0027   0.9645   0.0010  -0.0011
   0.0001  -0.0001  -0.0002   0.0009   0.0009  -0.0147   0.0011   0.9595   0.0018
   0.0001   0.0007   0.0018   0.0010   0.0021   0.0086  -0.0042   0.0064   0.9545
tau_av_expon_proj    = 3.633140 1.707519 0.836295 0.941334 0.596787 0.059524 0.237581 0.286436 0.419370
tau_av_expon_proj_new= 3.633167 1.903884 1.289920 0.975379 0.784165 0.655634 0.563303 0.493768 0.439514
factor=                1.000007 1.108646 1.421438 1.035522 1.269917 2.482366 1.782892 1.521805 1.046899
factor2=                 1.0000   1.1150   1.5424   1.0362   1.3140  11.0147   2.3710   1.7238   1.0480

eigenvalues of p_imp=  0.950560  0.956825  0.962966  0.969652  0.974931  0.980377  0.985440  0.989706  1.000000
eigenvalues of h_imp=  1.196769  0.883489  0.576467  0.242178 -0.021770 -0.294090 -0.547235 -0.760567 -1.275242

eigenval_p,eigenval_h=  1.000000 -1.275242
psi0_psig    =   0.6682   0.1874   0.0506   0.0517   0.0282   0.0003   0.0023   0.0024   0.0088

imp-sampled: sum_p_eig,sum_abs_p_eig,sign_condition_number=  1.000000  1.001203  0.941679

p_FN1=
   0.9945   0.0078   0.0179   0.0127   0.0151   0.0800   0.0403   0.0197   0.0061
   0.0022   0.9889   0.0000   0.0041   0.0079   0.0000   0.0161   0.0000   0.0159
   0.0014   0.0000   0.9803   0.0000   0.0000   0.0000   0.0000   0.0000   0.0102
   0.0010   0.0011   0.0000   0.9791   0.0032   0.0566   0.0024   0.0180   0.0058
   0.0006   0.0012   0.0000   0.0018   0.9705   0.0380   0.0000   0.0101   0.0066
   0.0000   0.0000   0.0000   0.0003   0.0004   0.8167   0.0000   0.0000   0.0003
   0.0001   0.0002   0.0000   0.0001   0.0000   0.0000   0.9402   0.0010   0.0000
   0.0001   0.0000   0.0000   0.0009   0.0009   0.0000   0.0011   0.9448   0.0018
   0.0001   0.0007   0.0018   0.0010   0.0021   0.0086   0.0000   0.0064   0.9534

eigenvalues of p_FN1=  0.816494  0.939744  0.943522  0.952403  0.970073  0.978690  0.979867  0.987628  1.000000
eigenvalues of h_FN1=  7.900040  1.737569  1.548682  1.104602  0.221106 -0.209747 -0.268606 -0.656664 -1.275242

eigenval_p,eigenval_h=  1.000000 -1.275242
psiFN1_psig =    0.6682   0.1874   0.0506   0.0517   0.0282   0.0003   0.0023   0.0024   0.0088

E_0, E_G, E_FN1, E_G-E_0, E_FN1-E_0, rms fluctuation of E_L  -1.27524  -1.27524  -1.27524   0.00000   0.00000   0.00010
E_L     =  -1.2752  -1.2752  -1.2751  -1.2752  -1.2754  -1.2722  -1.2757  -1.2760  -1.2759
p_L     =   1.0000   1.0000   1.0000   1.0000   1.0000   0.9999   1.0000   1.0000   1.0000
p_abs_L =   1.0000   1.0006   1.0042   1.0004   1.0040   1.1527   1.0243   1.0147   1.0011

p_propos=
   0.9945   0.0078   0.0178   0.0127   0.0150   0.0694   0.0393   0.0194   0.0061
   0.0022   0.9889   0.0000   0.0041   0.0079   0.0000   0.0157   0.0000   0.0158
   0.0014   0.0000   0.9804   0.0000   0.0000   0.0000   0.0000   0.0000   0.0102
   0.0010   0.0011   0.0000   0.9791   0.0032   0.0491   0.0024   0.0177   0.0058
   0.0006   0.0012   0.0000   0.0018   0.9706   0.0330   0.0000   0.0100   0.0066
   0.0000   0.0000   0.0000   0.0003   0.0004   0.8411   0.0000   0.0000   0.0003
   0.0001   0.0002   0.0000   0.0001   0.0000   0.0000   0.9416   0.0010   0.0000
   0.0001   0.0000   0.0000   0.0009   0.0009   0.0000   0.0010   0.9456   0.0018
   0.0001   0.0007   0.0018   0.0010   0.0020   0.0074   0.0000   0.0063   0.9534
psig**2=         0.6682   0.1874   0.0506   0.0517   0.0282   0.0003   0.0023   0.0024   0.0088
psig**2 * P_L=   0.6682   0.1874   0.0506   0.0517   0.0282   0.0003   0.0023   0.0024   0.0088
psiFN_psig=      0.6682   0.1874   0.0506   0.0517   0.0282   0.0003   0.0023   0.0024   0.0088
p_L=             1.0000   1.0000   1.0000   1.0000   1.0000   0.9999   1.0000   1.0000   1.0000
W_prod=          1.0000   1.0000   0.9999   1.0000   1.0002   0.9997   1.0001   1.0003   1.0003

p_markov=
   0.9945   0.0078   0.0178   0.0127   0.0150   0.0694   0.0393   0.0194   0.0061
   0.0022   0.9889   0.0000   0.0041   0.0079   0.0000   0.0157   0.0000   0.0158
   0.0014   0.0000   0.9804   0.0000   0.0000   0.0000   0.0000   0.0000   0.0102
   0.0010   0.0011   0.0000   0.9792   0.0032   0.0491   0.0024   0.0177   0.0058
   0.0006   0.0012   0.0000   0.0018   0.9707   0.0330   0.0000   0.0100   0.0065
   0.0000   0.0000   0.0000   0.0003   0.0003   0.8411   0.0000   0.0000   0.0002
   0.0001   0.0002   0.0000   0.0001   0.0000   0.0000   0.9416   0.0010   0.0000
   0.0001   0.0000   0.0000   0.0008   0.0009   0.0000   0.0010   0.9456   0.0017
   0.0001   0.0007   0.0018   0.0010   0.0020   0.0074   0.0000   0.0063   0.9536

eigenvalues of p_markov=  0.840855  0.941122  0.944324  0.952595  0.970233  0.978760  0.979935  0.987648  1.000000
eigenvalues of h_markov=  6.682031  1.668637  1.508557  1.095030  0.213096 -0.213257 -0.271975 -0.657641 -1.275242

eigenval_p,eigenval_h=  1.000000 -1.275242
psi for p_mar=   0.6682   0.1874   0.0506   0.0517   0.0282   0.0003   0.0023   0.0024   0.0088
psig**2      =   0.6682   0.1874   0.0506   0.0517   0.0282   0.0003   0.0023   0.0024   0.0088
Above 2 lines should be equal since Markov matrix has dominant state psig**2
The exception to this occurs when there is no sign problem, but some components of psig have the wrong sign, in which case one has 2 decoupled spaces with degenerate dominant eigenvalues

p_FN3=
   0.9945   0.0078   0.0178   0.0127   0.0150   0.0694   0.0393   0.0194   0.0061
   0.0022   0.9889   0.0000   0.0041   0.0079   0.0000   0.0157   0.0000   0.0158
   0.0014   0.0000   0.9804   0.0000   0.0000   0.0000   0.0000   0.0000   0.0102
   0.0010   0.0011   0.0000   0.9792   0.0032   0.0491   0.0024   0.0177   0.0058
   0.0006   0.0012   0.0000   0.0018   0.9707   0.0330   0.0000   0.0100   0.0065
   0.0000   0.0000   0.0000   0.0003   0.0003   0.8410   0.0000   0.0000   0.0002
   0.0001   0.0002   0.0000   0.0001   0.0000   0.0000   0.9416   0.0010   0.0000
   0.0001   0.0000   0.0000   0.0008   0.0009   0.0000   0.0010   0.9456   0.0017
   0.0001   0.0007   0.0018   0.0010   0.0020   0.0074   0.0000   0.0063   0.9536

eigenvalues of p_FN3=  0.840804  0.941131  0.944337  0.952607  0.970237  0.978760  0.979933  0.987647  1.000000
eigenvalues of h_FN3=  6.684549  1.668219  1.507911  1.094415  0.212915 -0.213221 -0.271904 -0.657614 -1.275242

eigenval_p,eigenval_h=  1.000000 -1.275242
psiFN3_psig  =   0.6682   0.1874   0.0506   0.0517   0.0282   0.0003   0.0023   0.0024   0.0088

p_FN4=
   0.9945   0.0078   0.0178   0.0127   0.0150   0.0694   0.0393   0.0194   0.0061
   0.0022   0.9889   0.0000   0.0041   0.0079   0.0000   0.0157   0.0000   0.0158
   0.0014   0.0000   0.9804   0.0000   0.0000   0.0000   0.0000   0.0000   0.0102
   0.0010   0.0011   0.0000   0.9791   0.0032   0.0491   0.0024   0.0177   0.0058
   0.0006   0.0012   0.0000   0.0018   0.9706   0.0330   0.0000   0.0100   0.0066
   0.0000   0.0000   0.0000   0.0003   0.0004   0.8410   0.0000   0.0000   0.0003
   0.0001   0.0002   0.0000   0.0001   0.0000   0.0000   0.9416   0.0010   0.0000
   0.0001   0.0000   0.0000   0.0009   0.0009   0.0000   0.0010   0.9456   0.0018
   0.0001   0.0007   0.0018   0.0010   0.0020   0.0074   0.0000   0.0063   0.9535

eigenvalues of p_FN4=  0.840775  0.941122  0.944304  0.952516  0.970184  0.978734  0.979916  0.987638  1.000000
eigenvalues of h_FN4=  6.686031  1.668657  1.509547  1.098943  0.215574 -0.211947 -0.271064 -0.657137 -1.275242

eigenval_p,eigenval_h=  1.000000 -1.275242
psiFN4_psig  =   0.6678   0.1874   0.0507   0.0517   0.0283   0.0003   0.0023   0.0025   0.0088

E_G, E_FN1, E_FN3, E_FN4, E_0, recover_FN1, recover_FN3, recover_FN4, 1-ovlp_FN1, 1-ovlp_FN3, 1-ovlp_FN4, sign_cond_num= -1.275242 -1.275242 -1.275242 -1.275242 -1.275242 0.674 0.652****** 5.E-11 5.E-11 8.E-08 0.942

p_propos2=
   0.9945   0.0078   0.0179   0.0127   0.0151   0.0800   0.0403   0.0197   0.0061
   0.0022   0.9889   0.0000   0.0041   0.0079   0.0000   0.0161   0.0000   0.0159
   0.0014   0.0000   0.9803   0.0000   0.0000   0.0000   0.0000   0.0000   0.0102
   0.0010   0.0011   0.0000   0.9791   0.0032   0.0566   0.0024   0.0180   0.0058
   0.0006   0.0012   0.0000   0.0018   0.9705   0.0380   0.0000   0.0101   0.0066
   0.0000   0.0000   0.0000   0.0003   0.0004   0.8168   0.0000   0.0000   0.0003
   0.0001   0.0002   0.0000   0.0001   0.0000   0.0000   0.9402   0.0010   0.0000
   0.0001   0.0000   0.0000   0.0009   0.0009   0.0000   0.0011   0.9448   0.0018
   0.0001   0.0007   0.0018   0.0010   0.0021   0.0086   0.0000   0.0064   0.9534

eigenvalues of p_FN1_propos=  0.816543  0.939736  0.943508  0.952391  0.970069  0.978691  0.979869  0.987629  1.000000
psi for p_FN1_propos=   0.6682   0.1874   0.0506   0.0517   0.0282   0.0003   0.0023   0.0024   0.0088
psig**2 * P_L       =   0.6682   0.1874   0.0506   0.0517   0.0282   0.0003   0.0023   0.0024   0.0088
Above 2 lines should be equal since proposal part of p_FN1 has dominant state psig**2 * P_L
The exception to this occurs when there is no sign problem, but some components of psig have the wrong sign, in which case one has 2 decoupled spaces with degenerate dominant eigenvalues

pp_FN1=
 699.4024 622.2455 659.4076 641.5661 643.3342 662.9348 664.3734 650.0306 633.0233
 174.5572 252.5238 167.2793 184.0108 192.0909 181.1978 192.9071 180.7068 199.4527
  49.8967  45.1215  98.6994  46.5163  46.9634  48.2835  47.6068  48.1300  56.9818
  49.6831  50.7966  47.6053  96.9154  54.5197  65.2615  51.3134  65.7747  55.7990
  27.1818  28.9316  26.2231  29.7459  61.5525  35.1854  27.4166  34.4368  32.4541
   0.2767   0.2696   0.2663   0.3518   0.3476   5.7710   0.2739   0.3140   0.3188
   2.2509   2.3298   2.1316   2.2450   2.1985   2.2229  18.9501   2.4916   2.2045
   2.3820   2.3605   2.3308   3.1125   2.9867   2.7568   2.6949  20.9166   3.1926
   8.3708   9.4018   9.9579   9.5282  10.1573  10.0998   8.6042  11.5208  30.8716
1st col normalized  0.964889  0.240817  0.068837  0.068542  0.037500  0.000382  0.003105  0.003286  0.011548
2nd col normalized  0.920951  0.373746  0.066782  0.075181  0.042820  0.000399  0.003448  0.003494  0.013915
3rd col normalized  0.956160  0.242560  0.143117  0.069029  0.038024  0.000386  0.003091  0.003380  0.014439
psiFN_psig          0.668190  0.187442  0.050556  0.051744  0.028236  0.000279  0.002264  0.002449  0.008839
W=       677.545026 190.066254  51.263794  52.468828  28.631591   0.282730   2.295860   2.483664   8.962253
W_der=     0.280089  -0.330997   0.013912   0.021139   0.011919  -0.000286   0.001010   0.000191   0.003607
W_der/W=   0.000413  -0.001741   0.000271   0.000403   0.000416  -0.001010   0.000440   0.000077   0.000402

gradient_vmc_FD, gradient_vmc=  0.000028  0.000028
E_L_der =         -0.2542   1.2131   0.1409  -0.4740  -0.9102  13.1984  -1.8585   0.9302  -1.8315
E_L_der_increm =  -0.2542   1.2131   0.1409  -0.4740  -0.9102  13.1984  -1.8585   0.9302  -1.8315
The above 2 lines should be equal
psiFN1_psig  =   0.6682   0.1874   0.0506   0.0517   0.0282   0.0003   0.0023   0.0024   0.0088
psig_increm**2=                 0.6682    0.1874    0.0506    0.0517    0.0282    0.0003    0.0023    0.0024    0.0088
psig_increm**2 * P_L_increm=    0.6682    0.1874    0.0506    0.0517    0.0282    0.0003    0.0023    0.0024    0.0088
psiFN_psig_increm=              0.6682    0.1874    0.0506    0.0517    0.0282    0.0003    0.0023    0.0024    0.0088
W_prod_increm                   1.0000    1.0000    0.9999    1.0000    1.0002    0.9997    1.0001    1.0003    1.0003
W_prod                          1.0000    1.0000    0.9999    1.0000    1.0002    0.9997    1.0001    1.0003    1.0003
W_prod_increm                  1.000001701   0.999980361   0.999898141   0.999992841   1.000154702   0.999717357   1.000141011   1.000325736   1.000301020
W_prod                         1.000001659   0.999980537   0.999898113   0.999992800   1.000154659   0.999717460   1.000140967   1.000325728   1.000300980
W_prod_der=                     0.4186   -1.7665    0.2746    0.4080    0.4215   -1.0245    0.4457    0.0776    0.4074

E_FN1, E_FN1_increm, gradient_FN1_FD, gradient_FN1= -1.275242 -1.275242 -0.000002  0.000013

E_FN1, E_FN1_increm, gradient_FN1_FD, gradient_FN1= -1.275242 -1.275242 -0.000002 -0.000002

gradient_FN1_FD, gradient_FN1, 1st+2*2nd terms, gradient_FN1_1, gradient_FN1_2, gradient_FN1_3= -0.000002 -0.000002 -0.000002  0.000028 -0.000015 -0.000015
------------------------------------------------------------

Data set    3

h=
  -1.0000   0.0404   0.0718  -0.0811   0.1244  -0.0287  -0.1692  -0.0427  -0.1855
   0.0404  -0.7500   0.0116  -0.1719   0.1516  -0.0466   0.2187  -0.1013   0.0946
   0.0718   0.0116  -0.5000   0.2356  -0.0595  -0.1163   0.2479  -0.1902  -0.0795
  -0.0811  -0.1719   0.2356  -0.2500  -0.0695   0.2271   0.0548   0.1091  -0.0390
   0.1244   0.1516  -0.0595  -0.0695   0.0000  -0.1933  -0.1028  -0.1993  -0.1509
  -0.0287  -0.0466  -0.1163   0.2271  -0.1933   0.2500   0.0086  -0.2237   0.1178
  -0.1692   0.2187   0.2479   0.0548  -0.1028   0.0086   0.5000   0.0091  -0.1426
  -0.0427  -0.1013  -0.1902   0.1091  -0.1993  -0.2237   0.0091   0.7500  -0.1474
  -0.1855   0.0946  -0.0795  -0.0390  -0.1509   0.1178  -0.1426  -0.1474   1.0000

eigenval_p,eigenval_h=  1.000000 -1.090220
psi for p    =   0.9278  -0.1370  -0.2455   0.1362  -0.0797  -0.0542   0.1543  -0.0284   0.0876

eigenvalues of p=  0.955026  0.961663  0.965603  0.970181  0.980983  0.982016  0.992355  0.995933  1.000000
eigenvalues of h=  1.158502  0.826606  0.629632  0.400707 -0.139383 -0.191035 -0.707961 -0.886848 -1.090220
tau, tau_max= 0.020000 0.444697
p=
   0.9982  -0.0008  -0.0014   0.0016  -0.0025   0.0006   0.0034   0.0009   0.0037
  -0.0008   0.9932  -0.0002   0.0034  -0.0030   0.0009  -0.0044   0.0020  -0.0019
  -0.0014  -0.0002   0.9882  -0.0047   0.0012   0.0023  -0.0050   0.0038   0.0016
   0.0016   0.0034  -0.0047   0.9832   0.0014  -0.0045  -0.0011  -0.0022   0.0008
  -0.0025  -0.0030   0.0012   0.0014   0.9782   0.0039   0.0021   0.0040   0.0030
   0.0006   0.0009   0.0023  -0.0045   0.0039   0.9732  -0.0002   0.0045  -0.0024
   0.0034  -0.0044  -0.0050  -0.0011   0.0021  -0.0002   0.9682  -0.0002   0.0029
   0.0009   0.0020   0.0038  -0.0022   0.0040   0.0045  -0.0002   0.9632   0.0029
   0.0037  -0.0019   0.0016   0.0008   0.0030  -0.0024   0.0029   0.0029   0.9582

sum_p_eig,sum_abs_p_eig,sign_condition_number=  1.850582  1.861661  0.741959

p after making eigenvec +ve =
   0.9982   0.0008   0.0014   0.0016   0.0025  -0.0006   0.0034  -0.0009   0.0037
   0.0008   0.9932  -0.0002  -0.0034  -0.0030   0.0009   0.0044   0.0020   0.0019
   0.0014  -0.0002   0.9882   0.0047   0.0012   0.0023   0.0050   0.0038  -0.0016
   0.0016  -0.0034   0.0047   0.9832  -0.0014   0.0045  -0.0011   0.0022   0.0008
   0.0025  -0.0030   0.0012  -0.0014   0.9782   0.0039  -0.0021   0.0040  -0.0030
  -0.0006   0.0009   0.0023   0.0045   0.0039   0.9732   0.0002   0.0045   0.0024
   0.0034   0.0044   0.0050  -0.0011  -0.0021   0.0002   0.9682   0.0002   0.0029
  -0.0009   0.0020   0.0038   0.0022   0.0040   0.0045   0.0002   0.9632  -0.0029
   0.0037   0.0019  -0.0016   0.0008  -0.0030   0.0024   0.0029  -0.0029   0.9582

1+(E_0*1-H) (i.e. p with tau=1) after making eigenvec +ve =
   0.9098  -0.0404  -0.0718  -0.0811  -0.1244   0.0287  -0.1692   0.0427  -0.1855
  -0.0404   0.6598   0.0116   0.1719   0.1516  -0.0466  -0.2187  -0.1013  -0.0946
  -0.0718   0.0116   0.4098  -0.2356  -0.0595  -0.1163  -0.2479  -0.1902   0.0795
  -0.0811   0.1719  -0.2356   0.1598   0.0695  -0.2271   0.0548  -0.1091  -0.0390
  -0.1244   0.1516  -0.0595   0.0695  -0.0902  -0.1933   0.1028  -0.1993   0.1509
   0.0287  -0.0466  -0.1163  -0.2271  -0.1933  -0.3402  -0.0086  -0.2237  -0.1178
  -0.1692  -0.2187  -0.2479   0.0548   0.1028  -0.0086  -0.5902  -0.0091  -0.1426
   0.0427  -0.1013  -0.1902  -0.1091  -0.1993  -0.2237  -0.0091  -0.8402   0.1474
  -0.1855  -0.0946   0.0795  -0.0390   0.1509  -0.1178  -0.1426   0.1474  -1.0902
psi0         =   0.9278   0.1370   0.2455   0.1362   0.0797   0.0542   0.1543   0.0284   0.0876
psig         =   0.9278   0.1369   0.2455   0.1361   0.0797   0.0542   0.1543   0.0284   0.0876

E_G= -1.090220

h_imp=
  -1.0000  -0.2739  -0.2715  -0.5530  -1.4480   0.4906  -1.0174   1.3958  -1.9644
  -0.0060  -0.7500   0.0065   0.1729   0.2604  -0.1176  -0.1941  -0.4886  -0.1479
  -0.0190   0.0209  -0.5000  -0.4248  -0.1833  -0.5267  -0.3945  -1.6445   0.2227
  -0.0119   0.1709  -0.1306  -0.2500   0.1188  -0.5704   0.0483  -0.5234  -0.0606
  -0.0107   0.0882  -0.0193   0.0407   0.0000  -0.2842   0.0531  -0.5597   0.1373
   0.0017  -0.0184  -0.0257  -0.0904  -0.1314   0.2500  -0.0030  -0.4272  -0.0729
  -0.0281  -0.2464  -0.1558   0.0621   0.1991  -0.0246   0.5000  -0.0493  -0.2511
   0.0013  -0.0210  -0.0220  -0.0228  -0.0710  -0.1172  -0.0017   0.7500   0.0478
  -0.0175  -0.0605   0.0283  -0.0251   0.1658  -0.1904  -0.0809   0.4549   1.0000

p_imp=
   0.9982   0.0055   0.0054   0.0111   0.0290  -0.0098   0.0203  -0.0279   0.0393
   0.0001   0.9932  -0.0001  -0.0035  -0.0052   0.0024   0.0039   0.0098   0.0030
   0.0004  -0.0004   0.9882   0.0085   0.0037   0.0105   0.0079   0.0329  -0.0045
