Input hamiltonian
hamiltonian=random                                                                          
Input ndim, E_T, tau
ndim, E_T, tau=    9-20.000000 0.000020
Input fraction_positive, off_diag_mag, psig_noise
fraction_positive, off_diag_mag,psig_noise= 0.500000 0.500000 0.200000
psig_correct_sign
psig_correct_sign= F
Input irand_seed
irand_seed=1425565376542456

Data set    1

h=
  -1.0000   0.0800   0.1401  -0.1696   0.0630   0.1789  -0.0366  -0.0928  -0.2290
   0.0800  -0.7500   0.0859   0.2028  -0.0542   0.1379   0.1569  -0.0799  -0.2353
   0.1401   0.0859  -0.5000   0.1165  -0.2461  -0.0961  -0.2234  -0.1402   0.2370
  -0.1696   0.2028   0.1165  -0.2500  -0.0711  -0.2226   0.0454   0.1250  -0.0263
   0.0630  -0.0542  -0.2461  -0.0711   0.0000  -0.0210   0.1375  -0.2232  -0.0393
   0.1789   0.1379  -0.0961  -0.2226  -0.0210   0.2500  -0.2276  -0.1955  -0.0772
  -0.0366   0.1569  -0.2234   0.0454   0.1375  -0.2276   0.5000  -0.2075  -0.1275
  -0.0928  -0.0799  -0.1402   0.1250  -0.2232  -0.1955  -0.2075   0.7500  -0.0525
  -0.2290  -0.2353   0.2370  -0.0263  -0.0393  -0.0772  -0.1275  -0.0525   1.0000

eigenval_p,eigenval_h=  1.000000 -1.153737
psi for p    =   0.8957  -0.1375  -0.3155   0.2159  -0.1095  -0.0884  -0.0127  -0.0197   0.1112

eigenvalues of p=  0.999954  0.999958  0.999963  0.999974  0.999977  0.999982  0.999989  0.999996  1.000000
eigenvalues of h=  1.154489  0.958038  0.687698  0.149593  0.020158 -0.275736 -0.609584 -0.930919 -1.153737
tau, tau_max= 0.000020 0.433233
p=
   1.0000  -0.0000  -0.0000   0.0000  -0.0000  -0.0000   0.0000   0.0000   0.0000
  -0.0000   1.0000  -0.0000  -0.0000   0.0000  -0.0000  -0.0000   0.0000   0.0000
  -0.0000  -0.0000   1.0000  -0.0000   0.0000   0.0000   0.0000   0.0000  -0.0000
   0.0000  -0.0000  -0.0000   1.0000   0.0000   0.0000  -0.0000  -0.0000   0.0000
  -0.0000   0.0000   0.0000   0.0000   1.0000   0.0000  -0.0000   0.0000   0.0000
  -0.0000  -0.0000   0.0000   0.0000   0.0000   1.0000   0.0000   0.0000   0.0000
   0.0000  -0.0000   0.0000  -0.0000  -0.0000   0.0000   1.0000   0.0000   0.0000
   0.0000   0.0000   0.0000  -0.0000   0.0000   0.0000   0.0000   1.0000   0.0000
   0.0000   0.0000  -0.0000   0.0000   0.0000   0.0000   0.0000   0.0000   1.0000

sum_p_eig,sum_abs_p_eig,sign_condition_number=  1.905979  1.905996  0.640416

p after making eigenvec +ve =
   1.0000   0.0000   0.0000   0.0000   0.0000   0.0000  -0.0000  -0.0000   0.0000
   0.0000   1.0000  -0.0000   0.0000   0.0000  -0.0000  -0.0000   0.0000  -0.0000
   0.0000  -0.0000   1.0000   0.0000   0.0000   0.0000   0.0000   0.0000   0.0000
   0.0000   0.0000   0.0000   1.0000  -0.0000  -0.0000   0.0000   0.0000   0.0000
   0.0000   0.0000   0.0000  -0.0000   1.0000   0.0000  -0.0000   0.0000  -0.0000
   0.0000  -0.0000   0.0000  -0.0000   0.0000   1.0000   0.0000   0.0000  -0.0000
  -0.0000  -0.0000   0.0000   0.0000  -0.0000   0.0000   1.0000   0.0000  -0.0000
  -0.0000   0.0000   0.0000   0.0000   0.0000   0.0000   0.0000   1.0000  -0.0000
   0.0000  -0.0000   0.0000   0.0000  -0.0000  -0.0000  -0.0000  -0.0000   1.0000

1+(E_0*1-H) (i.e. p with tau=1) after making eigenvec +ve =
   0.8463  -0.0800  -0.1401  -0.1696  -0.0630  -0.1789   0.0366   0.0928  -0.2290
  -0.0800   0.5963   0.0859  -0.2028  -0.0542   0.1379   0.1569  -0.0799   0.2353
  -0.1401   0.0859   0.3463  -0.1165  -0.2461  -0.0961  -0.2234  -0.1402  -0.2370
  -0.1696  -0.2028  -0.1165   0.0963   0.0711   0.2226  -0.0454  -0.1250  -0.0263
  -0.0630  -0.0542  -0.2461   0.0711  -0.1537  -0.0210   0.1375  -0.2232   0.0393
  -0.1789   0.1379  -0.0961   0.2226  -0.0210  -0.4037  -0.2276  -0.1955   0.0772
   0.0366   0.1569  -0.2234  -0.0454   0.1375  -0.2276  -0.6537  -0.2075   0.1275
   0.0928  -0.0799  -0.1402  -0.1250  -0.2232  -0.1955  -0.2075  -0.9037   0.0525
  -0.2290   0.2353  -0.2370  -0.0263   0.0393   0.0772   0.1275   0.0525  -1.1537
psi0         =   0.8957   0.1375   0.3155   0.2159   0.1095   0.0884   0.0127   0.0197   0.1112
psig         =   0.8434   0.0429   0.4203   0.2014   0.2114   0.0611  -0.0703   0.1034   0.0743

E_G= -1.101429

h_imp=
  -1.0000  -1.5737  -0.2812  -0.7104  -0.2514  -2.4705  -0.4384   0.7568  -2.5993
  -0.0041  -0.7500   0.0088  -0.0432  -0.0110   0.0967  -0.0956  -0.0331   0.1357
  -0.0698   0.8423  -0.5000  -0.2432  -0.4893  -0.6612   1.3351  -0.5697  -1.3407
  -0.0405  -0.9529  -0.0558  -0.2500   0.0677   0.7340   0.1300  -0.2434  -0.0714
  -0.0158  -0.2675  -0.1238   0.0746   0.0000  -0.0728  -0.4134  -0.4562   0.1118
  -0.0130   0.1965  -0.0140   0.0675  -0.0061   0.2500   0.1977  -0.1155   0.0635
  -0.0030  -0.2574   0.0374   0.0159  -0.0457   0.2620   0.5000   0.1411  -0.1207
   0.0114  -0.1928  -0.0345  -0.0642  -0.1092  -0.3311   0.3051   0.7500   0.0732
  -0.0202   0.4078  -0.0419  -0.0097   0.0138   0.0939  -0.1347   0.0377   1.0000

p_imp=
   1.0000   0.0000   0.0000   0.0000   0.0000   0.0000   0.0000  -0.0000   0.0001
   0.0000   1.0000  -0.0000   0.0000   0.0000  -0.0000   0.0000   0.0000  -0.0000
   0.0000  -0.0000   1.0000   0.0000   0.0000   0.0000  -0.0000   0.0000   0.0000
   0.0000   0.0000   0.0000   1.0000  -0.0000  -0.0000  -0.0000   0.0000   0.0000
   0.0000   0.0000   0.0000  -0.0000   1.0000   0.0000   0.0000   0.0000  -0.0000
   0.0000  -0.0000   0.0000  -0.0000   0.0000   1.0000  -0.0000   0.0000  -0.0000
   0.0000   0.0000  -0.0000  -0.0000   0.0000  -0.0000   1.0000  -0.0000   0.0000
  -0.0000   0.0000   0.0000   0.0000   0.0000   0.0000  -0.0000   1.0000  -0.0000
   0.0000  -0.0000   0.0000   0.0000  -0.0000  -0.0000   0.0000  -0.0000   1.0000
tau_av_expon_proj    = 5.625419 0.213180 1.674004 0.813869 1.005927 0.211766 0.327860 0.424917 0.221416
tau_av_expon_proj_new= 6.504622 2.476861 1.529668 1.106517 0.866749 0.712384 0.604691 0.525283 0.464309
factor=                1.144727 2.494108 0.909957 1.302749 0.851653 2.019271 1.580601 1.210545 1.687299
factor2=                 1.1563  11.6186   0.9138   1.3596   0.8616   3.3640   1.8444   1.2362   2.0970

eigenvalues of p_imp=  0.999954  0.999958  0.999963  0.999974  0.999977  0.999982  0.999989  0.999996  1.000000
eigenvalues of h_imp=  1.154489  0.958038  0.687698  0.149593  0.020158 -0.275736 -0.609584 -0.930919 -1.153737

eigenval_p,eigenval_h=  1.000000 -1.153737
psi0_psig    =   0.7731   0.0060   0.1357   0.0445   0.0237   0.0055  -0.0009   0.0021   0.0085

imp-sampled: sum_p_eig,sum_abs_p_eig,sign_condition_number=  1.000000  1.000002  0.915789

p_FN1=
   1.0000   0.0000   0.0000   0.0000   0.0000   0.0000   0.0000   0.0000   0.0001
   0.0000   1.0000   0.0000   0.0000   0.0000   0.0000   0.0000   0.0000   0.0000
   0.0000   0.0000   1.0000   0.0000   0.0000   0.0000   0.0000   0.0000   0.0000
   0.0000   0.0000   0.0000   1.0000   0.0000   0.0000   0.0000   0.0000   0.0000
   0.0000   0.0000   0.0000   0.0000   1.0000   0.0000   0.0000   0.0000   0.0000
   0.0000   0.0000   0.0000   0.0000   0.0000   0.9999   0.0000   0.0000   0.0000
   0.0000   0.0000   0.0000   0.0000   0.0000   0.0000   0.9999   0.0000   0.0000
   0.0000   0.0000   0.0000   0.0000   0.0000   0.0000   0.0000   0.9999   0.0000
   0.0000   0.0000   0.0000   0.0000   0.0000   0.0000   0.0000   0.0000   0.9999

eigenvalues of p_FN1=  0.999927  0.999940  0.999948  0.999950  0.999962  0.999974  0.999979  0.999988  1.000000
eigenvalues of h_FN1=  2.504396  1.826302  1.431461  1.346910  0.740857  0.141669 -0.098634 -0.536675 -1.138293

eigenval_p,eigenval_h=  1.000000 -1.138293
psiFN1_psig =    0.7705   0.0030   0.1383   0.0416   0.0271   0.0049   0.0015   0.0045   0.0087

E_0, E_G, E_FN1, E_G-E_0, E_FN1-E_0, rms fluctuation of E_L  -1.15374  -1.10143  -1.13829   0.05231   0.01544   0.23804
E_L     =  -1.1550  -2.5476  -1.0051  -1.1627  -0.8311  -2.0990   1.3857   0.2677  -2.7479
p_L     =   1.0000   1.0000   1.0000   1.0000   1.0000   1.0000   0.9999   1.0000   1.0000
p_abs_L =   1.0000   1.0001   1.0000   1.0000   1.0000   1.0000   1.0000   1.0000   1.0000

p_propos=
   1.0000   0.0000   0.0000   0.0000   0.0000   0.0000   0.0000   0.0000   0.0001
   0.0000   0.9999   0.0000   0.0000   0.0000   0.0000   0.0000   0.0000   0.0000
   0.0000   0.0000   1.0000   0.0000   0.0000   0.0000   0.0000   0.0000   0.0000
   0.0000   0.0000   0.0000   1.0000   0.0000   0.0000   0.0000   0.0000   0.0000
   0.0000   0.0000   0.0000   0.0000   1.0000   0.0000   0.0000   0.0000   0.0000
   0.0000   0.0000   0.0000   0.0000   0.0000   0.9999   0.0000   0.0000   0.0000
   0.0000   0.0000   0.0000   0.0000   0.0000   0.0000   1.0000   0.0000   0.0000
   0.0000   0.0000   0.0000   0.0000   0.0000   0.0000   0.0000   1.0000   0.0000
   0.0000   0.0000   0.0000   0.0000   0.0000   0.0000   0.0000   0.0000   0.9999
psig**2=         0.7113   0.0018   0.1767   0.0406   0.0447   0.0037   0.0049   0.0107   0.0055
psig**2 * P_L=   0.7113   0.0018   0.1767   0.0406   0.0447   0.0037   0.0049   0.0107   0.0055
psiFN_psig=      0.7705   0.0030   0.1383   0.0416   0.0271   0.0049   0.0015   0.0045   0.0087
p_L=             1.0000   1.0000   1.0000   1.0000   1.0000   1.0000   0.9999   1.0000   1.0000
W_prod=          1.0831   1.6361   0.7827   1.0250   0.6071   1.3110   0.3035   0.4171   1.5756

p_markov=
   1.0000   0.0000   0.0000   0.0000   0.0000   0.0000   0.0000   0.0000   0.0001
   0.0000   0.9999   0.0000   0.0000   0.0000   0.0000   0.0000   0.0000   0.0000
   0.0000   0.0000   1.0000   0.0000   0.0000   0.0000   0.0000   0.0000   0.0000
   0.0000   0.0000   0.0000   1.0000   0.0000   0.0000   0.0000   0.0000   0.0000
   0.0000   0.0000   0.0000   0.0000   1.0000   0.0000   0.0000   0.0000   0.0000
   0.0000   0.0000   0.0000   0.0000   0.0000   0.9999   0.0000   0.0000   0.0000
   0.0000   0.0000   0.0000   0.0000   0.0000   0.0000   1.0000   0.0000   0.0000
   0.0000   0.0000   0.0000   0.0000   0.0000   0.0000   0.0000   1.0000   0.0000
   0.0000   0.0000   0.0000   0.0000   0.0000   0.0000   0.0000   0.0000   0.9999

eigenvalues of p_markov=  0.999917  0.999929  0.999934  0.999970  0.999977  0.999979  0.999982  0.999991  1.000000
eigenvalues of h_markov=  3.011764  2.410835  2.124087  0.370845 -0.003957 -0.083293 -0.241513 -0.706299 -1.153737

eigenval_p,eigenval_h=  1.000000 -1.138293
psi for p_mar=   0.7113   0.0018   0.1767   0.0406   0.0447   0.0037   0.0049   0.0107   0.0055
psig**2      =   0.7113   0.0018   0.1767   0.0406   0.0447   0.0037   0.0049   0.0107   0.0055
Above 2 lines should be equal since Markov matrix has dominant state psig**2
The exception to this occurs when there is no sign problem, but some components of psig have the wrong sign, in which case one has 2 decoupled spaces with degenerate dominant eigenvalues

p_FN3=
   1.0000   0.0000   0.0000   0.0000   0.0000   0.0000   0.0000   0.0000   0.0001
   0.0000   1.0000   0.0000   0.0000   0.0000   0.0000   0.0000   0.0000   0.0000
   0.0000   0.0000   1.0000   0.0000   0.0000   0.0000   0.0000   0.0000   0.0000
   0.0000   0.0000   0.0000   1.0000   0.0000   0.0000   0.0000   0.0000   0.0000
   0.0000   0.0000   0.0000   0.0000   1.0000   0.0000   0.0000   0.0000   0.0000
   0.0000   0.0000   0.0000   0.0000   0.0000   0.9999   0.0000   0.0000   0.0000
   0.0000   0.0000   0.0000   0.0000   0.0000   0.0000   0.9999   0.0000   0.0000
   0.0000   0.0000   0.0000   0.0000   0.0000   0.0000   0.0000   0.9999   0.0000
   0.0000   0.0000   0.0000   0.0000   0.0000   0.0000   0.0000   0.0000   0.9999

eigenvalues of p_FN3=  0.999927  0.999941  0.999949  0.999950  0.999962  0.999974  0.999979  0.999988  1.000000
eigenvalues of h_FN3=  2.488886  1.810799  1.415980  1.331405  0.725324  0.126220 -0.114084 -0.552122 -1.153736

eigenval_p,eigenval_h=  1.000000 -1.138293
psiFN3_psig  =   0.7705   0.0030   0.1383   0.0416   0.0271   0.0049   0.0015   0.0045   0.0087

p_FN4=
   1.0000   0.0000   0.0000   0.0000   0.0000   0.0000   0.0000   0.0000   0.0001
   0.0000   1.0000   0.0000   0.0000   0.0000   0.0000   0.0000   0.0000   0.0000
   0.0000   0.0000   1.0000   0.0000   0.0000   0.0000   0.0000   0.0000   0.0000
   0.0000   0.0000   0.0000   1.0000   0.0000   0.0000   0.0000   0.0000   0.0000
   0.0000   0.0000   0.0000   0.0000   1.0000   0.0000   0.0000   0.0000   0.0000
   0.0000   0.0000   0.0000   0.0000   0.0000   0.9999   0.0000   0.0000   0.0000
   0.0000   0.0000   0.0000   0.0000   0.0000   0.0000   0.9999   0.0000   0.0000
   0.0000   0.0000   0.0000   0.0000   0.0000   0.0000   0.0000   0.9999   0.0000
   0.0000   0.0000   0.0000   0.0000   0.0000   0.0000   0.0000   0.0000   0.9999

eigenvalues of p_FN4=  0.999927  0.999941  0.999949  0.999950  0.999962  0.999974  0.999979  0.999988  1.000000
eigenvalues of h_FN4=  2.488908  1.810817  1.415982  1.331404  0.725327  0.126223 -0.114084 -0.552119 -1.153737

eigenval_p,eigenval_h=  1.000000 -1.138293
psiFN4_psig  =   0.7705   0.0030   0.1383   0.0416   0.0271   0.0049   0.0015   0.0045   0.0087

E_G, E_FN1, E_FN3, E_FN4, E_0, recover_FN1, recover_FN3, recover_FN4, 1-ovlp_FN1, 1-ovlp_FN3, 1-ovlp_FN4, sign_cond_num= -1.101429 -1.138293 -1.138293 -1.138293 -1.153737 0.705 0.705 0.705 4.E-05 4.E-05 4.E-05 0.916

p_propos2=
   1.0000   0.0000   0.0000   0.0000   0.0000   0.0000   0.0000   0.0000   0.0001
   0.0000   0.9999   0.0000   0.0000   0.0000   0.0000   0.0000   0.0000   0.0000
   0.0000   0.0000   1.0000   0.0000   0.0000   0.0000   0.0000   0.0000   0.0000
   0.0000   0.0000   0.0000   1.0000   0.0000   0.0000   0.0000   0.0000   0.0000
   0.0000   0.0000   0.0000   0.0000   1.0000   0.0000   0.0000   0.0000   0.0000
   0.0000   0.0000   0.0000   0.0000   0.0000   0.9999   0.0000   0.0000   0.0000
   0.0000   0.0000   0.0000   0.0000   0.0000   0.0000   1.0000   0.0000   0.0000
   0.0000   0.0000   0.0000   0.0000   0.0000   0.0000   0.0000   1.0000   0.0000
   0.0000   0.0000   0.0000   0.0000   0.0000   0.0000   0.0000   0.0000   0.9999

eigenvalues of p_FN1_propos=  0.999917  0.999929  0.999934  0.999970  0.999977  0.999979  0.999982  0.999991  1.000000
psi for p_FN1_propos=   0.7113   0.0018   0.1767   0.0406   0.0447   0.0037   0.0049   0.0107   0.0055
psig**2 * P_L       =   0.7113   0.0018   0.1767   0.0406   0.0447   0.0037   0.0049   0.0107   0.0055
Above 2 lines should be equal since proposal part of p_FN1 has dominant state psig**2 * P_L
The exception to this occurs when there is no sign problem, but some components of psig have the wrong sign, in which case one has 2 decoupled spaces with degenerate dominant eigenvalues

pp_FN1=
1012.2475  16.7476   3.6517   8.0062   3.3366  25.6520   5.1941   0.8236  26.9766
   0.0443 994.4283   0.0034   0.4373   0.1140   0.0045   0.9485   0.3329   0.0047
   0.8538   0.17791006.1661   2.6091   5.0958   6.7969   0.1660   5.8668  13.6031
   0.4542   9.6303   0.60891002.3973   0.0466   0.0563   0.0495   2.4767   0.7686
   0.1884   2.7282   1.2818   0.03271000.6337   0.7727   4.1322   4.5844   0.0445
   0.1354   0.0079   0.1456   0.0062   0.0671 987.0656   0.0054   1.1472   0.0084
   0.0323   2.5471   0.0023   0.0025   0.4557   0.0022 976.9188   0.0035   1.1897
   0.0053   1.9257   0.3514   0.6468   1.0951   3.2796   0.0087 984.6074   0.0079
   0.2120   0.0138   0.4294   0.1076   0.0108   0.0139   1.3346   0.0105 987.5915
1st col normalized  0.999999  0.000044  0.000843  0.000449  0.000186  0.000134  0.000032  0.000005  0.000209
2nd col normalized  0.016838  0.999802  0.000179  0.009682  0.002743  0.000008  0.002561  0.001936  0.000014
3rd col normalized  0.003629  0.000003  0.999992  0.000605  0.001274  0.000145  0.000002  0.000349  0.000427
psiFN_psig          0.770463  0.003006  0.138260  0.041576  0.027141  0.004892  0.001501  0.004463  0.008697
W=       781.249772   3.047951 140.195544  42.158265  27.521168   4.960878   1.522391   4.525244   8.818788
W_der=     0.001422  -0.002507  -0.000574   0.000815   0.000132  -0.000218   0.000058   0.000063  -0.000544
W_der/W=   0.000002  -0.000822  -0.000004   0.000019   0.000005  -0.000044   0.000038   0.000014  -0.000062

gradient_vmc_FD, gradient_vmc= -0.123976 -0.123976
E_L_der =         -0.0948  41.9393   0.2044  -1.0070  -0.2564   2.2566  -2.2308  -0.7722   3.1670
E_L_der_increm =  -0.0948  41.9392   0.2044  -1.0070  -0.2564   2.2566  -2.2308  -0.7722   3.1670
The above 2 lines should be equal
psiFN1_psig  =   0.7705   0.0030   0.1383   0.0416   0.0271   0.0049   0.0015   0.0045   0.0087
psig_increm**2=                 0.7113    0.0018    0.1767    0.0406    0.0447    0.0037    0.0049    0.0107    0.0055
psig_increm**2 * P_L_increm=    0.7113    0.0018    0.1767    0.0406    0.0447    0.0037    0.0049    0.0107    0.0055
psiFN_psig_increm=              0.7705    0.0030    0.1383    0.0416    0.0271    0.0049    0.0015    0.0045    0.0087
W_prod_increm                   1.0831    1.6361    0.7827    1.0250    0.6071    1.3110    0.3035    0.4171    1.5756
W_prod                          1.0831    1.6361    0.7827    1.0250    0.6071    1.3110    0.3035    0.4171    1.5756
W_prod_increm                  1.083106129   1.636111970   0.782667008   1.025035764   0.607093745   1.310958248   0.303518530   0.417101500   1.575613321
W_prod                         1.083106131   1.636112715   0.782667045   1.025035655   0.607093731   1.310958374   0.303518456   0.417101466   1.575613540
W_prod_der=                    -0.0229   -7.4497   -0.3683    1.0847    0.1343   -1.2611    0.7386    0.3370   -2.1838

E_FN1, E_FN1_increm, gradient_FN1_FD, gradient_FN1= -1.138293 -1.138293 -0.082656 -0.133438

E_FN1, E_FN1_increm, gradient_FN1_FD, gradient_FN1= -1.138293 -1.138293 -0.082656 -0.083562

gradient_FN1_FD, gradient_FN1, 1st+2*2nd terms, gradient_FN1_1, gradient_FN1_2, gradient_FN1_3= -0.082656 -0.083562 -0.069217 -0.197668  0.049880  0.064226
------------------------------------------------------------

Data set    2

h=
  -1.0000   0.2078   0.2465  -0.1774   0.1550   0.0818   0.1172   0.0597   0.0351
   0.2078  -0.7500   0.0317   0.1078  -0.1529   0.2204  -0.0884   0.0460  -0.1722
   0.2465   0.0317  -0.5000  -0.0188   0.1205   0.0786   0.1065   0.0542  -0.2134
  -0.1774   0.1078  -0.0188  -0.2500   0.1196   0.2078   0.0252   0.1955   0.1204
   0.1550  -0.1529   0.1205   0.1196   0.0000  -0.1889   0.1373  -0.1491  -0.1836
   0.0818   0.2204   0.0786   0.2078  -0.1889   0.2500   0.0471   0.2473  -0.0761
   0.1172  -0.0884   0.1065   0.0252   0.1373   0.0471   0.5000  -0.0512   0.1073
   0.0597   0.0460   0.0542   0.1955  -0.1491   0.2473  -0.0512   0.7500  -0.1677
   0.0351  -0.1722  -0.2134   0.1204  -0.1836  -0.0761   0.1073  -0.1677   1.0000

eigenval_p,eigenval_h=  1.000000 -1.275242
psi for p    =   0.8174  -0.4330  -0.2248   0.2275  -0.1681  -0.0167  -0.0476  -0.0495  -0.0940

eigenvalues of p=  0.999951  0.999957  0.999963  0.999970  0.999975  0.999980  0.999985  0.999990  1.000000
eigenvalues of h=  1.196769  0.883489  0.576467  0.242178 -0.021770 -0.294090 -0.547235 -0.760567 -1.275242
tau, tau_max= 0.000020 0.404529
p=
   1.0000  -0.0000  -0.0000   0.0000  -0.0000  -0.0000  -0.0000  -0.0000  -0.0000
  -0.0000   1.0000  -0.0000  -0.0000   0.0000  -0.0000   0.0000  -0.0000   0.0000
  -0.0000  -0.0000   1.0000   0.0000  -0.0000  -0.0000  -0.0000  -0.0000   0.0000
   0.0000  -0.0000   0.0000   1.0000  -0.0000  -0.0000  -0.0000  -0.0000  -0.0000
  -0.0000   0.0000  -0.0000  -0.0000   1.0000   0.0000  -0.0000   0.0000   0.0000
  -0.0000  -0.0000  -0.0000  -0.0000   0.0000   1.0000  -0.0000  -0.0000   0.0000
  -0.0000   0.0000  -0.0000  -0.0000  -0.0000  -0.0000   1.0000   0.0000  -0.0000
  -0.0000  -0.0000  -0.0000  -0.0000   0.0000  -0.0000   0.0000   1.0000   0.0000
  -0.0000   0.0000   0.0000  -0.0000   0.0000   0.0000  -0.0000   0.0000   1.0000

sum_p_eig,sum_abs_p_eig,sign_condition_number=  2.078525  2.078538  0.731432

p after making eigenvec +ve =
   1.0000   0.0000   0.0000   0.0000   0.0000   0.0000   0.0000   0.0000   0.0000
   0.0000   1.0000  -0.0000   0.0000   0.0000  -0.0000   0.0000  -0.0000   0.0000
   0.0000  -0.0000   1.0000  -0.0000  -0.0000  -0.0000  -0.0000  -0.0000   0.0000
   0.0000   0.0000  -0.0000   1.0000   0.0000   0.0000   0.0000   0.0000   0.0000
   0.0000   0.0000  -0.0000   0.0000   1.0000   0.0000  -0.0000   0.0000   0.0000
   0.0000  -0.0000  -0.0000   0.0000   0.0000   1.0000  -0.0000  -0.0000   0.0000
   0.0000   0.0000  -0.0000   0.0000  -0.0000  -0.0000   1.0000   0.0000  -0.0000
   0.0000  -0.0000  -0.0000   0.0000   0.0000  -0.0000   0.0000   1.0000   0.0000
   0.0000   0.0000   0.0000   0.0000   0.0000   0.0000  -0.0000   0.0000   1.0000

1+(E_0*1-H) (i.e. p with tau=1) after making eigenvec +ve =
   0.7248  -0.2078  -0.2465  -0.1774  -0.1550  -0.0818  -0.1172  -0.0597  -0.0351
  -0.2078   0.4748   0.0317  -0.1078  -0.1529   0.2204  -0.0884   0.0460  -0.1722
  -0.2465   0.0317   0.2248   0.0188   0.1205   0.0786   0.1065   0.0542  -0.2134
  -0.1774  -0.1078   0.0188  -0.0252  -0.1196  -0.2078  -0.0252  -0.1955  -0.1204
  -0.1550  -0.1529   0.1205  -0.1196  -0.2752  -0.1889   0.1373  -0.1491  -0.1836
  -0.0818   0.2204   0.0786  -0.2078  -0.1889  -0.5252   0.0471   0.2473  -0.0761
  -0.1172  -0.0884   0.1065  -0.0252   0.1373   0.0471  -0.7752  -0.0512   0.1073
  -0.0597   0.0460   0.0542  -0.1955  -0.1491   0.2473  -0.0512  -1.0252  -0.1677
  -0.0351  -0.1722  -0.2134  -0.1204  -0.1836  -0.0761   0.1073  -0.1677  -1.2752
psi0         =   0.8174   0.4330   0.2248   0.2275   0.1681   0.0167   0.0476   0.0495   0.0940
psig         =   0.8159   0.4220   0.2863   0.2314   0.1125   0.0732   0.0278   0.0012   0.0426

E_G= -1.254143

h_imp=
  -1.0000  -0.4018  -0.7026  -0.6254  -1.1247  -0.9110  -3.4382 -41.9462  -0.6723
  -0.1075  -0.7500   0.0467  -0.1966  -0.5740   1.2703  -1.3414  16.7369  -1.7039
  -0.0865   0.0215  -0.5000   0.0232   0.3067   0.3072   1.0960  13.3785  -1.4328
  -0.0503  -0.0591   0.0152  -0.2500  -0.2461  -0.6567  -0.2097 -38.9877  -0.6534
  -0.0214  -0.0408   0.0473  -0.0581   0.0000  -0.2901   0.5551 -14.4501  -0.4843
  -0.0073   0.0382   0.0201  -0.0657  -0.1230   0.2500   0.1239  15.6027  -0.1307
  -0.0040  -0.0058   0.0103  -0.0030   0.0340   0.0179   0.5000  -1.2272   0.0700
  -0.0001   0.0001   0.0002  -0.0010  -0.0015   0.0039  -0.0021   0.7500  -0.0046
  -0.0018  -0.0174  -0.0318  -0.0222  -0.0696  -0.0443   0.1644  -6.1603   1.0000

p_imp=
   1.0000   0.0000   0.0000   0.0000   0.0000   0.0000   0.0001   0.0008   0.0000
   0.0000   1.0000  -0.0000   0.0000   0.0000  -0.0000   0.0000  -0.0003   0.0000
   0.0000  -0.0000   1.0000  -0.0000  -0.0000  -0.0000  -0.0000  -0.0003   0.0000
   0.0000   0.0000  -0.0000   1.0000   0.0000   0.0000   0.0000   0.0008   0.0000
   0.0000   0.0000  -0.0000   0.0000   1.0000   0.0000  -0.0000   0.0003   0.0000
   0.0000  -0.0000  -0.0000   0.0000   0.0000   1.0000  -0.0000  -0.0003   0.0000
   0.0000   0.0000  -0.0000   0.0000  -0.0000  -0.0000   1.0000   0.0000  -0.0000
   0.0000  -0.0000  -0.0000   0.0000   0.0000  -0.0000   0.0000   1.0000   0.0000
   0.0000   0.0000   0.0000   0.0000   0.0000   0.0000  -0.0000   0.0001   1.0000
tau_av_expon_proj    = 3.585317 1.710206 1.143912 1.004750 0.403276 0.285590 0.144281 0.006734 0.194102
tau_av_expon_proj_new= 3.633167 1.903884 1.289920 0.975379 0.784165 0.655634 0.563303 0.493768 0.439514
factor=                1.013257 1.107082 1.119846 0.970337 1.625353 1.758403 2.104056 2.681459 1.747821
factor2=                 1.0133   1.1132   1.1276   0.9708   1.9445   2.2957   3.9042  73.3194   2.2643

eigenvalues of p_imp=  0.999951  0.999957  0.999963  0.999970  0.999975  0.999980  0.999985  0.999990  1.000000
eigenvalues of h_imp=  1.196769  0.883489  0.576467  0.242178 -0.021770 -0.294090 -0.547235 -0.760567 -1.275242

eigenval_p,eigenval_h=  1.000000 -1.275242
psi0_psig    =   0.6722   0.1842   0.0649   0.0531   0.0190   0.0012   0.0013   0.0001   0.0040

imp-sampled: sum_p_eig,sum_abs_p_eig,sign_condition_number=  1.000000  1.000001  0.931825

p_FN1=
   1.0000   0.0000   0.0000   0.0000   0.0000   0.0000   0.0001   0.0008   0.0000
   0.0000   1.0000   0.0000   0.0000   0.0000   0.0000   0.0000   0.0000   0.0000
   0.0000   0.0000   1.0000   0.0000   0.0000   0.0000   0.0000   0.0000   0.0000
   0.0000   0.0000   0.0000   1.0000   0.0000   0.0000   0.0000   0.0008   0.0000
   0.0000   0.0000   0.0000   0.0000   1.0000   0.0000   0.0000   0.0003   0.0000
   0.0000   0.0000   0.0000   0.0000   0.0000   0.9999   0.0000   0.0000   0.0000
   0.0000   0.0000   0.0000   0.0000   0.0000   0.0000   0.9999   0.0000   0.0000
   0.0000   0.0000   0.0000   0.0000   0.0000   0.0000   0.0000   0.9990   0.0000
   0.0000   0.0000   0.0000   0.0000   0.0000   0.0000   0.0000   0.0001   1.0000

eigenvalues of p_FN1=  0.999045  0.999926  0.999937  0.999951  0.999968  0.999979  0.999981  0.999987  1.000000
eigenvalues of h_FN1= 46.470042  2.445741  1.893883  1.157635  0.348101 -0.209031 -0.309977 -0.638709 -1.267230

eigenval_p,eigenval_h=  1.000000 -1.267230
psiFN1_psig =    0.6773   0.1747   0.0707   0.0517   0.0171   0.0035   0.0010   0.0000   0.0039

E_0, E_G, E_FN1, E_G-E_0, E_FN1-E_0, rms fluctuation of E_L  -1.27524  -1.25414  -1.26723   0.02110   0.00801   0.23158
E_L     =  -1.2789  -1.2150  -1.0945  -1.1988  -1.7983  -0.0528  -2.5520 -56.3035  -4.0119
p_L     =   1.0000   1.0000   1.0000   1.0000   1.0000   1.0000   1.0000   1.0011   1.0001
p_abs_L =   1.0000   1.0000   1.0000   1.0000   1.0000   1.0000   1.0001   1.0020   1.0001

p_propos=
   1.0000   0.0000   0.0000   0.0000   0.0000   0.0000   0.0001   0.0008   0.0000
   0.0000   1.0000   0.0000   0.0000   0.0000   0.0000   0.0000   0.0000   0.0000
   0.0000   0.0000   1.0000   0.0000   0.0000   0.0000   0.0000   0.0000   0.0000
   0.0000   0.0000   0.0000   1.0000   0.0000   0.0000   0.0000   0.0008   0.0000
   0.0000   0.0000   0.0000   0.0000   1.0000   0.0000   0.0000   0.0003   0.0000
   0.0000   0.0000   0.0000   0.0000   0.0000   1.0000   0.0000   0.0000   0.0000
   0.0000   0.0000   0.0000   0.0000   0.0000   0.0000   0.9999   0.0000   0.0000
   0.0000   0.0000   0.0000   0.0000   0.0000   0.0000   0.0000   0.9979   0.0000
   0.0000   0.0000   0.0000   0.0000   0.0000   0.0000   0.0000   0.0001   0.9999
psig**2=         0.6658   0.1781   0.0820   0.0536   0.0126   0.0054   0.0008   0.0000   0.0018
psig**2 * P_L=   0.6658   0.1781   0.0820   0.0536   0.0126   0.0054   0.0008   0.0000   0.0018
psiFN_psig=      0.6773   0.1747   0.0707   0.0517   0.0171   0.0035   0.0010   0.0000   0.0039
p_L=             1.0000   1.0000   1.0000   1.0000   1.0000   1.0000   1.0000   1.0011   1.0001
W_prod=          1.0174   0.9807   0.8626   0.9656   1.3543   0.6572   1.3546   2.4021   2.1284

p_markov=
   1.0000   0.0000   0.0000   0.0000   0.0000   0.0000   0.0001   0.0008   0.0000
   0.0000   1.0000   0.0000   0.0000   0.0000   0.0000   0.0000   0.0000   0.0000
   0.0000   0.0000   1.0000   0.0000   0.0000   0.0000   0.0000   0.0000   0.0000
   0.0000   0.0000   0.0000   1.0000   0.0000   0.0000   0.0000   0.0008   0.0000
   0.0000   0.0000   0.0000   0.0000   1.0000   0.0000   0.0000   0.0003   0.0000
   0.0000   0.0000   0.0000   0.0000   0.0000   1.0000   0.0000   0.0000   0.0000
   0.0000   0.0000   0.0000   0.0000   0.0000   0.0000   0.9999   0.0000   0.0000
   0.0000   0.0000   0.0000   0.0000   0.0000   0.0000   0.0000   0.9979   0.0000
   0.0000   0.0000   0.0000   0.0000   0.0000   0.0000   0.0000   0.0001   0.9999

eigenvalues of p_markov=  0.997949  0.999898  0.999900  0.999955  0.999963  0.999980  0.999983  0.999989  1.000000
eigenvalues of h_markov=101.290519  3.837787  3.720329  0.977510  0.589452 -0.285582 -0.440828 -0.702273 -1.275242

eigenval_p,eigenval_h=  1.000000 -1.267230
psi for p_mar=   0.6658   0.1781   0.0820   0.0536   0.0126   0.0054   0.0008   0.0000   0.0018
psig**2      =   0.6658   0.1781   0.0820   0.0536   0.0126   0.0054   0.0008   0.0000   0.0018
Above 2 lines should be equal since Markov matrix has dominant state psig**2
The exception to this occurs when there is no sign problem, but some components of psig have the wrong sign, in which case one has 2 decoupled spaces with degenerate dominant eigenvalues

p_FN3=
   1.0000   0.0000   0.0000   0.0000   0.0000   0.0000   0.0001   0.0008   0.0000
   0.0000   1.0000   0.0000   0.0000   0.0000   0.0000   0.0000   0.0000   0.0000
   0.0000   0.0000   1.0000   0.0000   0.0000   0.0000   0.0000   0.0000   0.0000
   0.0000   0.0000   0.0000   1.0000   0.0000   0.0000   0.0000   0.0008   0.0000
   0.0000   0.0000   0.0000   0.0000   1.0000   0.0000   0.0000   0.0003   0.0000
   0.0000   0.0000   0.0000   0.0000   0.0000   0.9999   0.0000   0.0000   0.0000
   0.0000   0.0000   0.0000   0.0000   0.0000   0.0000   0.9999   0.0000   0.0000
   0.0000   0.0000   0.0000   0.0000   0.0000   0.0000   0.0000   0.9990   0.0000
   0.0000   0.0000   0.0000   0.0000   0.0000   0.0000   0.0000   0.0001   1.0000

eigenvalues of p_FN3=  0.999047  0.999926  0.999937  0.999952  0.999968  0.999979  0.999981  0.999987  1.000000
eigenvalues of h_FN3= 46.368263  2.437531  1.885804  1.149603  0.340070 -0.217047 -0.317993 -0.646723 -1.275241

eigenval_p,eigenval_h=  1.000000 -1.267229
psiFN3_psig  =   0.6773   0.1747   0.0707   0.0517   0.0171   0.0035   0.0010   0.0000   0.0039

p_FN4=
   1.0000   0.0000   0.0000   0.0000   0.0000   0.0000   0.0001   0.0008   0.0000
   0.0000   1.0000   0.0000   0.0000   0.0000   0.0000   0.0000   0.0000   0.0000
   0.0000   0.0000   1.0000   0.0000   0.0000   0.0000   0.0000   0.0000   0.0000
   0.0000   0.0000   0.0000   1.0000   0.0000   0.0000   0.0000   0.0008   0.0000
   0.0000   0.0000   0.0000   0.0000   1.0000   0.0000   0.0000   0.0003   0.0000
   0.0000   0.0000   0.0000   0.0000   0.0000   0.9999   0.0000   0.0000   0.0000
   0.0000   0.0000   0.0000   0.0000   0.0000   0.0000   0.9999   0.0000   0.0000
   0.0000   0.0000   0.0000   0.0000   0.0000   0.0000   0.0000   0.9990   0.0000
   0.0000   0.0000   0.0000   0.0000   0.0000   0.0000   0.0000   0.0001   1.0000

eigenvalues of p_FN4=  0.999047  0.999926  0.999937  0.999952  0.999968  0.999979  0.999981  0.999987  1.000000
eigenvalues of h_FN4= 46.368267  2.437536  1.885809  1.149615  0.340075 -0.217045 -0.317991 -0.646722 -1.275242

eigenval_p,eigenval_h=  1.000000 -1.267230
psiFN4_psig  =   0.6773   0.1747   0.0707   0.0517   0.0171   0.0035   0.0010   0.0000   0.0039

E_G, E_FN1, E_FN3, E_FN4, E_0, recover_FN1, recover_FN3, recover_FN4, 1-ovlp_FN1, 1-ovlp_FN3, 1-ovlp_FN4, sign_cond_num= -1.254143 -1.267230 -1.267229 -1.267230 -1.275242 0.620 0.620 0.620 2.E-04 2.E-04 2.E-04 0.932

p_propos2=
   1.0000   0.0000   0.0000   0.0000   0.0000   0.0000   0.0001   0.0008   0.0000
   0.0000   1.0000   0.0000   0.0000   0.0000   0.0000   0.0000   0.0000   0.0000
   0.0000   0.0000   1.0000   0.0000   0.0000   0.0000   0.0000   0.0000   0.0000
   0.0000   0.0000   0.0000   1.0000   0.0000   0.0000   0.0000   0.0008   0.0000
   0.0000   0.0000   0.0000   0.0000   1.0000   0.0000   0.0000   0.0003   0.0000
   0.0000   0.0000   0.0000   0.0000   0.0000   1.0000   0.0000   0.0000   0.0000
   0.0000   0.0000   0.0000   0.0000   0.0000   0.0000   0.9999   0.0000   0.0000
   0.0000   0.0000   0.0000   0.0000   0.0000   0.0000   0.0000   0.9979   0.0000
   0.0000   0.0000   0.0000   0.0000   0.0000   0.0000   0.0000   0.0001   0.9999

eigenvalues of p_FN1_propos=  0.997947  0.999898  0.999900  0.999955  0.999963  0.999980  0.999983  0.999989  1.000000
psi for p_FN1_propos=   0.6658   0.1781   0.0820   0.0536   0.0126   0.0054   0.0008   0.0000   0.0018
psig**2 * P_L       =   0.6658   0.1781   0.0820   0.0536   0.0126   0.0054   0.0008   0.0000   0.0018
Above 2 lines should be equal since proposal part of p_FN1 has dominant state psig**2 * P_L
The exception to this occurs when there is no sign problem, but some components of psig have the wrong sign, in which case one has 2 decoupled spaces with degenerate dominant eigenvalues

pp_FN1=
1010.9554   4.7804   7.8245   7.0501  12.1039   9.8590  35.0480 322.2445   7.6480
   1.27231007.2894   0.1835   2.1783   5.9923   0.2063  13.5648   1.9580  17.3358
   0.9508   0.07481003.8356   0.0766   0.0841   0.0803   0.0908   0.7507  14.4464
   0.5644   0.6542   0.05551002.4697   2.5482   6.6088   2.1554 295.3299   6.6322
   0.2342   0.4302   0.0192   0.6066 996.7207   2.9035   0.0282 109.1435   4.8661
   0.0775   0.0045   0.0042   0.6600   1.2274 981.7206   0.0061   0.2981   1.3026
   0.0410   0.0592   0.0012   0.0314   0.0017   0.0014 975.9349   9.1173   0.0023
   0.0007   0.0000   0.0000   0.0074   0.0116   0.0001   0.0159 649.4171   0.0343
   0.0229   0.1791   0.3227   0.2273   0.7010   0.4444   0.0069  46.2462 989.4271
1st col normalized  0.999999  0.001259  0.000940  0.000558  0.000232  0.000077  0.000041  0.000001  0.000023
2nd col normalized  0.004746  0.999988  0.000074  0.000650  0.000427  0.000004  0.000059  0.000000  0.000178
3rd col normalized  0.007794  0.000183  0.999970  0.000055  0.000019  0.000004  0.000001  0.000000  0.000321
psiFN_psig          0.677341  0.174660  0.070712  0.051715  0.017126  0.003524  0.001048  0.000003  0.003870
W=       686.823974 177.105231  71.702474  52.439515  17.365320   3.573253   1.063069   0.003281   3.923883
W_der=     0.003479  -0.003862  -0.000150   0.000484   0.000464  -0.000207   0.000065  -0.000002   0.000309
W_der/W=   0.000005  -0.000022  -0.000002   0.000009   0.000027  -0.000058   0.000061  -0.000500   0.000079

gradient_vmc_FD, gradient_vmc=  0.033047  0.033047
E_L_der =         -0.2547   1.1018   0.1107  -0.4659  -1.3600   3.0101  -3.1786  39.6587  -4.0374
E_L_der_increm =  -0.2547   1.1018   0.1107  -0.4659  -1.3600   3.0101  -3.1786  39.6587  -4.0374
The above 2 lines should be equal
psiFN1_psig  =   0.6773   0.1747   0.0707   0.0517   0.0171   0.0035   0.0010   0.0000   0.0039
psig_increm**2=                 0.6658    0.1781    0.0820    0.0536    0.0126    0.0054    0.0008    0.0000    0.0018
psig_increm**2 * P_L_increm=    0.6658    0.1781    0.0820    0.0536    0.0126    0.0054    0.0008    0.0000    0.0018
psiFN_psig_increm=              0.6773    0.1747    0.0707    0.0517    0.0171    0.0035    0.0010    0.0000    0.0039
W_prod_increm                   1.0174    0.9807    0.8626    0.9656    1.3543    0.6572    1.3546    2.4021    2.1284
W_prod                          1.0174    0.9807    0.8626    0.9656    1.3543    0.6572    1.3546    2.4021    2.1284
W_prod_increm                  1.017397038   0.980671556   0.862573371   0.965575682   1.354269554   0.657198574   1.354601639   2.402093521   2.128363614
W_prod                         1.017396998   0.980671726   0.862573348   0.965575643   1.354269497   0.657198611   1.354601576   2.402093623   2.128363523
W_prod_der=                     0.4090   -1.7013    0.2339    0.3830    0.5689   -0.3709    0.6233   -1.0177    0.9083

E_FN1, E_FN1_increm, gradient_FN1_FD, gradient_FN1= -1.267230 -1.267230 -0.010159  0.015402

E_FN1, E_FN1_increm, gradient_FN1_FD, gradient_FN1= -1.267230 -1.267230 -0.010159 -0.010204

gradient_FN1_FD, gradient_FN1, 1st+2*2nd terms, gradient_FN1_1, gradient_FN1_2, gradient_FN1_3= -0.010159 -0.010204 -0.012433  0.043240 -0.025608 -0.027836
------------------------------------------------------------

Data set    3

h=
  -1.0000   0.0404   0.0718  -0.0811   0.1244  -0.0287  -0.1692  -0.0427  -0.1855
   0.0404  -0.7500   0.0116  -0.1719   0.1516  -0.0466   0.2187  -0.1013   0.0946
   0.0718   0.0116  -0.5000   0.2356  -0.0595  -0.1163   0.2479  -0.1902  -0.0795
  -0.0811  -0.1719   0.2356  -0.2500  -0.0695   0.2271   0.0548   0.1091  -0.0390
   0.1244   0.1516  -0.0595  -0.0695   0.0000  -0.1933  -0.1028  -0.1993  -0.1509
  -0.0287  -0.0466  -0.1163   0.2271  -0.1933   0.2500   0.0086  -0.2237   0.1178
  -0.1692   0.2187   0.2479   0.0548  -0.1028   0.0086   0.5000   0.0091  -0.1426
  -0.0427  -0.1013  -0.1902   0.1091  -0.1993  -0.2237   0.0091   0.7500  -0.1474
  -0.1855   0.0946  -0.0795  -0.0390  -0.1509   0.1178  -0.1426  -0.1474   1.0000

eigenval_p,eigenval_h=  1.000000 -1.090220
psi for p    =   0.9278  -0.1370  -0.2455   0.1362  -0.0797  -0.0542   0.1543  -0.0284   0.0876

eigenvalues of p=  0.999955  0.999962  0.999966  0.999970  0.999981  0.999982  0.999992  0.999996  1.000000
eigenvalues of h=  1.158502  0.826606  0.629632  0.400707 -0.139383 -0.191035 -0.707961 -0.886848 -1.090220
tau, tau_max= 0.000020 0.444697
p=
   1.0000  -0.0000  -0.0000   0.0000  -0.0000   0.0000   0.0000   0.0000   0.0000
  -0.0000   1.0000  -0.0000   0.0000  -0.0000   0.0000  -0.0000   0.0000  -0.0000
  -0.0000  -0.0000   1.0000  -0.0000   0.0000   0.0000  -0.0000   0.0000   0.0000
   0.0000   0.0000  -0.0000   1.0000   0.0000  -0.0000  -0.0000  -0.0000   0.0000
  -0.0000  -0.0000   0.0000   0.0000   1.0000   0.0000   0.0000   0.0000   0.0000
   0.0000   0.0000   0.0000  -0.0000   0.0000   1.0000  -0.0000   0.0000  -0.0000
   0.0000  -0.0000  -0.0000  -0.0000   0.0000  -0.0000   1.0000  -0.0000   0.0000
   0.0000   0.0000   0.0000  -0.0000   0.0000   0.0000  -0.0000   1.0000   0.0000
   0.0000  -0.0000   0.0000   0.0000   0.0000  -0.0000   0.0000   0.0000   1.0000

sum_p_eig,sum_abs_p_eig,sign_condition_number=  1.850582  1.850593  0.741298

p after making eigenvec +ve =
   1.0000   0.0000   0.0000   0.0000   0.0000  -0.0000   0.0000  -0.0000   0.0000
   0.0000   1.0000  -0.0000  -0.0000  -0.0000   0.0000   0.0000   0.0000   0.0000
   0.0000  -0.0000   1.0000   0.0000   0.0000   0.0000   0.0000   0.0000  -0.0000
   0.0000  -0.0000   0.0000   1.0000  -0.0000   0.0000  -0.0000   0.0000   0.0000
   0.0000  -0.0000   0.0000  -0.0000   1.0000   0.0000  -0.0000   0.0000  -0.0000
  -0.0000   0.0000   0.0000   0.0000   0.0000   1.0000   0.0000   0.0000   0.0000
   0.0000   0.0000   0.0000  -0.0000  -0.0000   0.0000   1.0000   0.0000   0.0000
  -0.0000   0.0000   0.0000   0.0000   0.0000   0.0000   0.0000   1.0000  -0.0000
   0.0000   0.0000  -0.0000   0.0000  -0.0000   0.0000   0.0000  -0.0000   1.0000

1+(E_0*1-H) (i.e. p with tau=1) after making eigenvec +ve =
   0.9098  -0.0404  -0.0718  -0.0811  -0.1244   0.0287  -0.1692   0.0427  -0.1855
  -0.0404   0.6598   0.0116   0.1719   0.1516  -0.0466  -0.2187  -0.1013  -0.0946
  -0.0718   0.0116   0.4098  -0.2356  -0.0595  -0.1163  -0.2479  -0.1902   0.0795
  -0.0811   0.1719  -0.2356   0.1598   0.0695  -0.2271   0.0548  -0.1091  -0.0390
  -0.1244   0.1516  -0.0595   0.0695  -0.0902  -0.1933   0.1028  -0.1993   0.1509
   0.0287  -0.0466  -0.1163  -0.2271  -0.1933  -0.3402  -0.0086  -0.2237  -0.1178
  -0.1692  -0.2187  -0.2479   0.0548   0.1028  -0.0086  -0.5902  -0.0091  -0.1426
   0.0427  -0.1013  -0.1902  -0.1091  -0.1993  -0.2237  -0.0091  -0.8402   0.1474
  -0.1855  -0.0946   0.0795  -0.0390   0.1509  -0.1178  -0.1426   0.1474  -1.0902
psi0         =   0.9278   0.1370   0.2455   0.1362   0.0797   0.0542   0.1543   0.0284   0.0876
psig         =   0.9066   0.0502   0.2931   0.1042   0.1544   0.0379   0.1688  -0.0249   0.1562

E_G= -1.059886

h_imp=
  -1.0000  -0.7303  -0.2222  -0.7058  -0.7304   0.6857  -0.9087  -1.5562  -1.0768
  -0.0022  -0.7500   0.0020   0.0828   0.0493  -0.0617  -0.0650   0.2043  -0.0304
  -0.0232   0.0680  -0.5000  -0.6626  -0.1130  -0.8996  -0.4305   2.2404   0.1491
  -0.0093   0.3571  -0.0838  -0.2500   0.0470  -0.6246   0.0338   0.4572  -0.0260
  -0.0212   0.4663  -0.0313   0.1030   0.0000  -0.7874   0.0940   1.2370   0.1492
   0.0012  -0.0352  -0.0150  -0.0825  -0.0474   0.2500  -0.0019   0.3407  -0.0286
  -0.0315  -0.7356  -0.1428   0.0887   0.1124  -0.0384   0.5000   0.0616  -0.1541
  -0.0012   0.0502   0.0161   0.0261   0.0321   0.1469   0.0013   0.7500  -0.0235
  -0.0319  -0.2945   0.0423  -0.0584   0.1526  -0.4855  -0.1319  -0.9253   1.0000

p_imp=
   1.0000   0.0000   0.0000   0.0000   0.0000  -0.0000   0.0000   0.0000   0.0000
   0.0000   1.0000  -0.0000  -0.0000  -0.0000   0.0000   0.0000  -0.0000   0.0000
   0.0000  -0.0000   1.0000   0.0000   0.0000   0.0000   0.0000  -0.0000  -0.0000
