Input hamiltonian
hamiltonian=random                                                                          
Input ndim, E_T, tau
ndim, E_T, tau=    9-20.000000 0.040000
Input fraction_positive, off_diag_mag, psig_noise
fraction_positive, off_diag_mag,psig_noise= 0.500000 0.500000 0.200000
psig_correct_sign
psig_correct_sign= F
Input irand_seed
irand_seed=1425565376542456

Data set    1

h=
  -1.0000   0.0800   0.1401  -0.1696   0.0630   0.1789  -0.0366  -0.0928  -0.2290
   0.0800  -0.7500   0.0859   0.2028  -0.0542   0.1379   0.1569  -0.0799  -0.2353
   0.1401   0.0859  -0.5000   0.1165  -0.2461  -0.0961  -0.2234  -0.1402   0.2370
  -0.1696   0.2028   0.1165  -0.2500  -0.0711  -0.2226   0.0454   0.1250  -0.0263
   0.0630  -0.0542  -0.2461  -0.0711   0.0000  -0.0210   0.1375  -0.2232  -0.0393
   0.1789   0.1379  -0.0961  -0.2226  -0.0210   0.2500  -0.2276  -0.1955  -0.0772
  -0.0366   0.1569  -0.2234   0.0454   0.1375  -0.2276   0.5000  -0.2075  -0.1275
  -0.0928  -0.0799  -0.1402   0.1250  -0.2232  -0.1955  -0.2075   0.7500  -0.0525
  -0.2290  -0.2353   0.2370  -0.0263  -0.0393  -0.0772  -0.1275  -0.0525   1.0000

eigenval_p,eigenval_h=  1.000000 -1.153737
psi for p    =   0.8957  -0.1375  -0.3155   0.2159  -0.1095  -0.0884  -0.0127  -0.0197   0.1112

eigenvalues of p=  0.907671  0.915529  0.926343  0.947867  0.953044  0.964880  0.978234  0.991087  1.000000
eigenvalues of h=  1.154489  0.958038  0.687698  0.149593  0.020158 -0.275736 -0.609584 -0.930919 -1.153737
tau, tau_max= 0.040000 0.433233
p=
   0.9939  -0.0032  -0.0056   0.0068  -0.0025  -0.0072   0.0015   0.0037   0.0092
  -0.0032   0.9839  -0.0034  -0.0081   0.0022  -0.0055  -0.0063   0.0032   0.0094
  -0.0056  -0.0034   0.9739  -0.0047   0.0098   0.0038   0.0089   0.0056  -0.0095
   0.0068  -0.0081  -0.0047   0.9639   0.0028   0.0089  -0.0018  -0.0050   0.0011
  -0.0025   0.0022   0.0098   0.0028   0.9539   0.0008  -0.0055   0.0089   0.0016
  -0.0072  -0.0055   0.0038   0.0089   0.0008   0.9439   0.0091   0.0078   0.0031
   0.0015  -0.0063   0.0089  -0.0018  -0.0055   0.0091   0.9339   0.0083   0.0051
   0.0037   0.0032   0.0056  -0.0050   0.0089   0.0078   0.0083   0.9239   0.0021
   0.0092   0.0094  -0.0095   0.0011   0.0016   0.0031   0.0051   0.0021   0.9139

sum_p_eig,sum_abs_p_eig,sign_condition_number=  1.905979  1.939954  0.642933

p after making eigenvec +ve =
   0.9939   0.0032   0.0056   0.0068   0.0025   0.0072  -0.0015  -0.0037   0.0092
   0.0032   0.9839  -0.0034   0.0081   0.0022  -0.0055  -0.0063   0.0032  -0.0094
   0.0056  -0.0034   0.9739   0.0047   0.0098   0.0038   0.0089   0.0056   0.0095
   0.0068   0.0081   0.0047   0.9639  -0.0028  -0.0089   0.0018   0.0050   0.0011
   0.0025   0.0022   0.0098  -0.0028   0.9539   0.0008  -0.0055   0.0089  -0.0016
   0.0072  -0.0055   0.0038  -0.0089   0.0008   0.9439   0.0091   0.0078  -0.0031
  -0.0015  -0.0063   0.0089   0.0018  -0.0055   0.0091   0.9339   0.0083  -0.0051
  -0.0037   0.0032   0.0056   0.0050   0.0089   0.0078   0.0083   0.9239  -0.0021
   0.0092  -0.0094   0.0095   0.0011  -0.0016  -0.0031  -0.0051  -0.0021   0.9139

1+(E_0*1-H) (i.e. p with tau=1) after making eigenvec +ve =
   0.8463  -0.0800  -0.1401  -0.1696  -0.0630  -0.1789   0.0366   0.0928  -0.2290
  -0.0800   0.5963   0.0859  -0.2028  -0.0542   0.1379   0.1569  -0.0799   0.2353
  -0.1401   0.0859   0.3463  -0.1165  -0.2461  -0.0961  -0.2234  -0.1402  -0.2370
  -0.1696  -0.2028  -0.1165   0.0963   0.0711   0.2226  -0.0454  -0.1250  -0.0263
  -0.0630  -0.0542  -0.2461   0.0711  -0.1537  -0.0210   0.1375  -0.2232   0.0393
  -0.1789   0.1379  -0.0961   0.2226  -0.0210  -0.4037  -0.2276  -0.1955   0.0772
   0.0366   0.1569  -0.2234  -0.0454   0.1375  -0.2276  -0.6537  -0.2075   0.1275
   0.0928  -0.0799  -0.1402  -0.1250  -0.2232  -0.1955  -0.2075  -0.9037   0.0525
  -0.2290   0.2353  -0.2370  -0.0263   0.0393   0.0772   0.1275   0.0525  -1.1537
psi0         =   0.8957   0.1375   0.3155   0.2159   0.1095   0.0884   0.0127   0.0197   0.1112
psig         =   0.8434   0.0429   0.4203   0.2014   0.2114   0.0611  -0.0703   0.1034   0.0743

E_G= -1.101429

h_imp=
  -1.0000  -1.5737  -0.2812  -0.7104  -0.2514  -2.4705  -0.4384   0.7568  -2.5993
  -0.0041  -0.7500   0.0088  -0.0432  -0.0110   0.0967  -0.0956  -0.0331   0.1357
  -0.0698   0.8423  -0.5000  -0.2432  -0.4893  -0.6612   1.3351  -0.5697  -1.3407
  -0.0405  -0.9529  -0.0558  -0.2500   0.0677   0.7340   0.1300  -0.2434  -0.0714
  -0.0158  -0.2675  -0.1238   0.0746   0.0000  -0.0728  -0.4134  -0.4562   0.1118
  -0.0130   0.1965  -0.0140   0.0675  -0.0061   0.2500   0.1977  -0.1155   0.0635
  -0.0030  -0.2574   0.0374   0.0159  -0.0457   0.2620   0.5000   0.1411  -0.1207
   0.0114  -0.1928  -0.0345  -0.0642  -0.1092  -0.3311   0.3051   0.7500   0.0732
  -0.0202   0.4078  -0.0419  -0.0097   0.0138   0.0939  -0.1347   0.0377   1.0000

p_imp=
   0.9939   0.0629   0.0112   0.0284   0.0101   0.0988   0.0175  -0.0303   0.1040
   0.0002   0.9839  -0.0004   0.0017   0.0004  -0.0039   0.0038   0.0013  -0.0054
   0.0028  -0.0337   0.9739   0.0097   0.0196   0.0264  -0.0534   0.0228   0.0536
   0.0016   0.0381   0.0022   0.9639  -0.0027  -0.0294  -0.0052   0.0097   0.0029
   0.0006   0.0107   0.0050  -0.0030   0.9539   0.0029   0.0165   0.0182  -0.0045
   0.0005  -0.0079   0.0006  -0.0027   0.0002   0.9439  -0.0079   0.0046  -0.0025
   0.0001   0.0103  -0.0015  -0.0006   0.0018  -0.0105   0.9339  -0.0056   0.0048
  -0.0005   0.0077   0.0014   0.0026   0.0044   0.0132  -0.0122   0.9239  -0.0029
   0.0008  -0.0163   0.0017   0.0004  -0.0006  -0.0038   0.0054  -0.0015   0.9139
tau_av_expon_proj    = 5.625419 0.213180 1.674004 0.813869 1.005927 0.211766 0.327860 0.424917 0.221416
tau_av_expon_proj_new= 6.504622 2.476861 1.529668 1.106517 0.866749 0.712384 0.604691 0.525283 0.464309
factor=                1.144727 2.494108 0.909957 1.302749 0.851653 2.019271 1.580601 1.210545 1.687299
factor2=                 1.1563  11.6186   0.9138   1.3596   0.8616   3.3640   1.8444   1.2362   2.0970

eigenvalues of p_imp=  0.907671  0.915529  0.926343  0.947867  0.953044  0.964880  0.978234  0.991087  1.000000
eigenvalues of h_imp=  1.154489  0.958038  0.687698  0.149593  0.020158 -0.275736 -0.609584 -0.930919 -1.153737

eigenval_p,eigenval_h=  1.000000 -1.153737
psi0_psig    =   0.7731   0.0060   0.1357   0.0445   0.0237   0.0055  -0.0009   0.0021   0.0085

imp-sampled: sum_p_eig,sum_abs_p_eig,sign_condition_number=  1.000000  1.003519  0.915930

p_FN1=
   0.9934   0.0629   0.0112   0.0284   0.0101   0.0988   0.0175   0.0000   0.1040
   0.0002   0.9260   0.0000   0.0017   0.0004   0.0000   0.0038   0.0013   0.0000
   0.0028   0.0000   0.9720   0.0097   0.0196   0.0264   0.0000   0.0228   0.0536
   0.0016   0.0381   0.0022   0.9575   0.0000   0.0000   0.0000   0.0097   0.0029
   0.0006   0.0107   0.0050   0.0000   0.9506   0.0029   0.0165   0.0182   0.0000
   0.0005   0.0000   0.0006   0.0000   0.0002   0.8964   0.0000   0.0046   0.0000
   0.0001   0.0103   0.0000   0.0000   0.0018   0.0000   0.8551   0.0000   0.0048
   0.0000   0.0077   0.0014   0.0026   0.0044   0.0132   0.0000   0.8864   0.0000
   0.0008   0.0000   0.0017   0.0004   0.0000   0.0000   0.0054   0.0000   0.8985

eigenvalues of p_FN1=  0.853675  0.880798  0.896592  0.899974  0.924216  0.948184  0.957796  0.975318  0.999382
eigenvalues of h_FN1=  2.504396  1.826302  1.431461  1.346910  0.740857  0.141669 -0.098634 -0.536675 -1.138293

eigenval_p,eigenval_h=  0.999382 -1.138293
psiFN1_psig =    0.7705   0.0030   0.1383   0.0416   0.0271   0.0049   0.0015   0.0045   0.0087

E_0, E_G, E_FN1, E_G-E_0, E_FN1-E_0, rms fluctuation of E_L  -1.15374  -1.10143  -1.13829   0.05231   0.01544   0.23804
E_L     =  -1.1550  -2.5476  -1.0051  -1.1627  -0.8311  -2.0990   1.3857   0.2677  -2.7479
p_L     =   1.0007   1.0564   0.9947   1.0010   0.9877   1.0384   0.8990   0.9438   1.0644
p_abs_L =   1.0005   1.1136   0.9959   1.0067   0.9904   1.0853   0.9771   0.9806   1.0791

p_propos=
   0.9933   0.0565   0.0113   0.0282   0.0102   0.0911   0.0179   0.0000   0.0963
   0.0002   0.8835   0.0000   0.0017   0.0004   0.0000   0.0039   0.0014   0.0000
   0.0028   0.0000   0.9779   0.0097   0.0198   0.0244   0.0000   0.0232   0.0497
   0.0016   0.0342   0.0022   0.9575   0.0000   0.0000   0.0000   0.0099   0.0026
   0.0006   0.0096   0.0050   0.0000   0.9631   0.0027   0.0169   0.0186   0.0000
   0.0005   0.0000   0.0006   0.0000   0.0002   0.8697   0.0000   0.0047   0.0000
   0.0001   0.0092   0.0000   0.0000   0.0018   0.0000   0.9557   0.0000   0.0045
   0.0000   0.0069   0.0014   0.0026   0.0044   0.0122   0.0000   0.9422   0.0000
   0.0008   0.0000   0.0017   0.0004   0.0000   0.0000   0.0055   0.0000   0.8468
psig**2=         0.7113   0.0018   0.1767   0.0406   0.0447   0.0037   0.0049   0.0107   0.0055
psig**2 * P_L=   0.7118   0.0019   0.1757   0.0406   0.0442   0.0039   0.0044   0.0101   0.0059
psiFN_psig=      0.7705   0.0030   0.1383   0.0416   0.0271   0.0049   0.0015   0.0045   0.0087
p_L=             1.0007   1.0564   0.9947   1.0010   0.9877   1.0384   0.8990   0.9438   1.0644
W_prod=          1.0815   1.6337   0.7815   1.0235   0.6062   1.3090   0.3031   0.4165   1.5733

p_markov=
   0.9935   0.0565   0.0112   0.0282   0.0100   0.0911   0.0175   0.0000   0.0963
   0.0001   0.8835   0.0000   0.0016   0.0004   0.0000   0.0034   0.0012   0.0000
   0.0028   0.0000   0.9781   0.0097   0.0197   0.0244   0.0000   0.0229   0.0497
   0.0016   0.0342   0.0022   0.9576   0.0000   0.0000   0.0000   0.0097   0.0026
   0.0006   0.0096   0.0050   0.0000   0.9634   0.0027   0.0167   0.0184   0.0000
   0.0005   0.0000   0.0005   0.0000   0.0002   0.8697   0.0000   0.0043   0.0000
   0.0001   0.0092   0.0000   0.0000   0.0018   0.0000   0.9573   0.0000   0.0045
   0.0000   0.0069   0.0014   0.0026   0.0044   0.0122   0.0000   0.9436   0.0000
   0.0007   0.0000   0.0016   0.0004   0.0000   0.0000   0.0050   0.0000   0.8468

eigenvalues of p_markov=  0.845585  0.868580  0.882202  0.939225  0.954370  0.957587  0.963757  0.982270  1.000000
eigenvalues of h_markov=  2.706643  2.131765  1.791201  0.365641 -0.012977 -0.093414 -0.247655 -0.710481 -1.153737

eigenval_p,eigenval_h=  1.000000 -1.138293
psi for p_mar=   0.7113   0.0018   0.1767   0.0406   0.0447   0.0037   0.0049   0.0107   0.0055
psig**2      =   0.7113   0.0018   0.1767   0.0406   0.0447   0.0037   0.0049   0.0107   0.0055
Above 2 lines should be equal since Markov matrix has dominant state psig**2
The exception to this occurs when there is no sign problem, but some components of psig have the wrong sign, in which case one has 2 decoupled spaces with degenerate dominant eigenvalues

p_FN3=
   0.9941   0.0597   0.0112   0.0283   0.0099   0.0946   0.0158   0.0000   0.1026
   0.0001   0.9333   0.0000   0.0016   0.0004   0.0000   0.0031   0.0011   0.0000
   0.0028   0.0000   0.9729   0.0097   0.0194   0.0253   0.0000   0.0216   0.0529
   0.0016   0.0362   0.0022   0.9586   0.0000   0.0000   0.0000   0.0091   0.0028
   0.0006   0.0101   0.0049   0.0000   0.9516   0.0028   0.0150   0.0174   0.0000
   0.0005   0.0000   0.0005   0.0000   0.0002   0.9031   0.0000   0.0040   0.0000
   0.0001   0.0098   0.0000   0.0000   0.0018   0.0000   0.8607   0.0000   0.0048
   0.0000   0.0073   0.0014   0.0026   0.0044   0.0127   0.0000   0.8905   0.0000
   0.0007   0.0000   0.0015   0.0004   0.0000   0.0000   0.0045   0.0000   0.9014

eigenvalues of p_FN3=  0.859454  0.885890  0.899816  0.905496  0.931212  0.949234  0.958938  0.976150  0.999957
eigenvalues of h_FN3=  2.359909  1.699004  1.350872  1.208858  0.565969  0.115417 -0.127197 -0.557478 -1.152665

eigenval_p,eigenval_h=  0.999957 -1.137221
psiFN3_psig  =   0.7710   0.0030   0.1382   0.0415   0.0272   0.0048   0.0015   0.0045   0.0082

p_FN4=
   0.9940   0.0597   0.0112   0.0283   0.0100   0.0946   0.0161   0.0000   0.1026
   0.0002   0.9333   0.0000   0.0017   0.0004   0.0000   0.0035   0.0013   0.0000
   0.0028   0.0000   0.9726   0.0097   0.0195   0.0253   0.0000   0.0219   0.0529
   0.0016   0.0362   0.0022   0.9584   0.0000   0.0000   0.0000   0.0094   0.0028
   0.0006   0.0101   0.0049   0.0000   0.9513   0.0028   0.0152   0.0176   0.0000
   0.0005   0.0000   0.0006   0.0000   0.0002   0.9031   0.0000   0.0044   0.0000
   0.0001   0.0098   0.0000   0.0000   0.0018   0.0000   0.8592   0.0000   0.0048
   0.0000   0.0073   0.0014   0.0026   0.0044   0.0127   0.0000   0.8892   0.0000
   0.0008   0.0000   0.0017   0.0004   0.0000   0.0000   0.0050   0.0000   0.9014

eigenvalues of p_FN4=  0.857893  0.884480  0.899670  0.905535  0.930993  0.949006  0.958928  0.975950  1.000029
eigenvalues of h_FN4=  2.398934  1.734265  1.354517  1.207893  0.571448  0.121105 -0.126932 -0.552497 -1.154473

eigenval_p,eigenval_h=  1.000029 -1.139029
psiFN4_psig  =   0.7694   0.0033   0.1382   0.0418   0.0271   0.0052   0.0015   0.0046   0.0089

E_G, E_FN1, E_FN3, E_FN4, E_0, recover_FN1, recover_FN3, recover_FN4, 1-ovlp_FN1, 1-ovlp_FN3, 1-ovlp_FN4, sign_cond_num= -1.101429 -1.138293 -1.137221 -1.139029 -1.153737 0.705 0.684 0.719 4.E-05 4.E-05 4.E-05 0.916

p_propos2=
   0.9933   0.0596   0.0113   0.0284   0.0102   0.0952   0.0195   0.0000   0.0977
   0.0002   0.8772   0.0000   0.0017   0.0004   0.0000   0.0043   0.0014   0.0000
   0.0028   0.0000   0.9778   0.0097   0.0198   0.0255   0.0000   0.0241   0.0504
   0.0016   0.0361   0.0022   0.9572   0.0000   0.0000   0.0000   0.0103   0.0027
   0.0006   0.0101   0.0050   0.0000   0.9630   0.0028   0.0184   0.0193   0.0000
   0.0005   0.0000   0.0006   0.0000   0.0002   0.8638   0.0000   0.0049   0.0000
   0.0001   0.0097   0.0000   0.0000   0.0019   0.0000   0.9519   0.0000   0.0045
   0.0000   0.0073   0.0014   0.0026   0.0044   0.0128   0.0000   0.9399   0.0000
   0.0008   0.0000   0.0017   0.0004   0.0000   0.0000   0.0060   0.0000   0.8447

eigenvalues of p_FN1_propos=  0.843319  0.862555  0.875687  0.935960  0.950091  0.957083  0.962215  0.981964  1.000000
psi for p_FN1_propos=   0.7129   0.0019   0.1760   0.0407   0.0442   0.0039   0.0045   0.0101   0.0059
psig**2 * P_L       =   0.7129   0.0019   0.1760   0.0407   0.0442   0.0039   0.0045   0.0101   0.0059
Above 2 lines should be equal since proposal part of p_FN1 has dominant state psig**2 * P_L
The exception to this occurs when there is no sign problem, but some components of psig have the wrong sign, in which case one has 2 decoupled spaces with degenerate dominant eigenvalues

pp_FN1=
 829.20091214.5966 568.3030 756.3778 441.1566 983.1461 226.5073 303.16711176.5705
   3.1380  18.6568   2.2574   3.4828   1.8780   3.7882   1.2572   1.4233   4.5446
 141.0766 216.9067 139.6643 139.9579  93.6786 180.4474  41.8009  64.8665 223.3796
  43.1261  76.8676  32.1452  64.5745  24.3964  52.2219  12.3864  18.8996  63.2878
  27.7046  45.6531  23.7001  26.8715  37.7175  35.3272  10.4341  15.0864  41.9756
   5.1587   7.6938   3.8141   4.8059   2.9516  15.9662   1.4420   2.3885   7.4706
   1.5712   3.3784   1.1681   1.5070   1.1530   1.9064   7.4410   0.6647   2.6150
   4.5529   8.2758   3.9249   4.9790   3.6085   6.8382   1.4390  11.0199   6.9168
   9.1325  13.6536   6.9842   8.6157   5.1879  11.0511   2.9250   3.5747  23.2797
1st col normalized  0.983909  0.003723  0.167398  0.051172  0.032874  0.006121  0.001864  0.005402  0.010836
2nd col normalized  0.981635  0.015078  0.175304  0.062124  0.036897  0.006218  0.002730  0.006688  0.011035
3rd col normalized  0.968731  0.003848  0.238072  0.054795  0.040399  0.006501  0.001991  0.006690  0.011905
psiFN_psig          0.770463  0.003006  0.138260  0.041576  0.027141  0.004892  0.001501  0.004463  0.008697
W=       781.249772   3.047951 140.195544  42.158265  27.521168   4.960878   1.522391   4.525244   8.818788
W_der=    -4.190204  -0.082022  -0.813805  -0.245709  -0.163073  -0.031081  -0.012331  -0.029565  -0.058403
W_der/W=  -0.005363  -0.026911  -0.005805  -0.005828  -0.005925  -0.006265  -0.008100  -0.006533  -0.006623

gradient_vmc_FD, gradient_vmc= -0.123976 -0.123976
E_L_der =         -0.0948  41.9393   0.2044  -1.0070  -0.2564   2.2566  -2.2308  -0.7722   3.1670
E_L_der_increm =  -0.0948  41.9392   0.2044  -1.0070  -0.2564   2.2566  -2.2308  -0.7722   3.1670
The above 2 lines should be equal
psiFN1_psig  =   0.7705   0.0030   0.1383   0.0416   0.0271   0.0049   0.0015   0.0045   0.0087
psig_increm**2=                 0.7113    0.0018    0.1767    0.0406    0.0447    0.0037    0.0049    0.0107    0.0055
psig_increm**2 * P_L_increm=    0.7118    0.0019    0.1757    0.0406    0.0442    0.0039    0.0044    0.0101    0.0059
psiFN_psig_increm=              0.7705    0.0030    0.1383    0.0416    0.0271    0.0049    0.0015    0.0045    0.0087
W_prod_increm                   1.0815    1.6337    0.7815    1.0235    0.6062    1.3090    0.3031    0.4165    1.5733
W_prod                          1.0815    1.6337    0.7815    1.0235    0.6062    1.3090    0.3031    0.4165    1.5733
W_prod_increm                  1.081509830   1.633700641   0.781513501   1.023525049   0.606199000   1.309026136   0.303071199   0.416486769   1.573291157
W_prod                         1.081509832   1.633701385   0.781513537   1.023524941   0.606198987   1.309026262   0.303071125   0.416486735   1.573291374
W_prod_der=                    -0.0211   -7.4361   -0.3665    1.0848    0.1352   -1.2568    0.7380    0.3373   -2.1778

E_FN1, E_FN1_increm, gradient_FN1_FD, gradient_FN1= -1.138293 -1.138293 -0.083559 -0.133359

E_FN1, E_FN1_increm, gradient_FN1_FD, gradient_FN1= -1.138293 -1.138293 -0.083559 -0.083559

gradient_FN1_FD, gradient_FN1, 1st+2*2nd terms, gradient_FN1_1, gradient_FN1_2, gradient_FN1_3= -0.083559 -0.083559 -0.069217 -0.197668  0.049883  0.064226
------------------------------------------------------------

Data set    2

h=
  -1.0000   0.2078   0.2465  -0.1774   0.1550   0.0818   0.1172   0.0597   0.0351
   0.2078  -0.7500   0.0317   0.1078  -0.1529   0.2204  -0.0884   0.0460  -0.1722
   0.2465   0.0317  -0.5000  -0.0188   0.1205   0.0786   0.1065   0.0542  -0.2134
  -0.1774   0.1078  -0.0188  -0.2500   0.1196   0.2078   0.0252   0.1955   0.1204
   0.1550  -0.1529   0.1205   0.1196   0.0000  -0.1889   0.1373  -0.1491  -0.1836
   0.0818   0.2204   0.0786   0.2078  -0.1889   0.2500   0.0471   0.2473  -0.0761
   0.1172  -0.0884   0.1065   0.0252   0.1373   0.0471   0.5000  -0.0512   0.1073
   0.0597   0.0460   0.0542   0.1955  -0.1491   0.2473  -0.0512   0.7500  -0.1677
   0.0351  -0.1722  -0.2134   0.1204  -0.1836  -0.0761   0.1073  -0.1677   1.0000

eigenval_p,eigenval_h=  1.000000 -1.275242
psi for p    =   0.8174  -0.4330  -0.2248   0.2275  -0.1681  -0.0167  -0.0476  -0.0495  -0.0940

eigenvalues of p=  0.901120  0.913651  0.925932  0.939303  0.949861  0.960754  0.970880  0.979413  1.000000
eigenvalues of h=  1.196769  0.883489  0.576467  0.242178 -0.021770 -0.294090 -0.547235 -0.760567 -1.275242
tau, tau_max= 0.040000 0.404529
p=
   0.9890  -0.0083  -0.0099   0.0071  -0.0062  -0.0033  -0.0047  -0.0024  -0.0014
  -0.0083   0.9790  -0.0013  -0.0043   0.0061  -0.0088   0.0035  -0.0018   0.0069
  -0.0099  -0.0013   0.9690   0.0008  -0.0048  -0.0031  -0.0043  -0.0022   0.0085
   0.0071  -0.0043   0.0008   0.9590  -0.0048  -0.0083  -0.0010  -0.0078  -0.0048
  -0.0062   0.0061  -0.0048  -0.0048   0.9490   0.0076  -0.0055   0.0060   0.0073
  -0.0033  -0.0088  -0.0031  -0.0083   0.0076   0.9390  -0.0019  -0.0099   0.0030
  -0.0047   0.0035  -0.0043  -0.0010  -0.0055  -0.0019   0.9290   0.0020  -0.0043
  -0.0024  -0.0018  -0.0022  -0.0078   0.0060  -0.0099   0.0020   0.9190   0.0067
  -0.0014   0.0069   0.0085  -0.0048   0.0073   0.0030  -0.0043   0.0067   0.9090

sum_p_eig,sum_abs_p_eig,sign_condition_number=  2.078525  2.104528  0.732852

p after making eigenvec +ve =
   0.9890   0.0083   0.0099   0.0071   0.0062   0.0033   0.0047   0.0024   0.0014
   0.0083   0.9790  -0.0013   0.0043   0.0061  -0.0088   0.0035  -0.0018   0.0069
   0.0099  -0.0013   0.9690  -0.0008  -0.0048  -0.0031  -0.0043  -0.0022   0.0085
   0.0071   0.0043  -0.0008   0.9590   0.0048   0.0083   0.0010   0.0078   0.0048
   0.0062   0.0061  -0.0048   0.0048   0.9490   0.0076  -0.0055   0.0060   0.0073
   0.0033  -0.0088  -0.0031   0.0083   0.0076   0.9390  -0.0019  -0.0099   0.0030
   0.0047   0.0035  -0.0043   0.0010  -0.0055  -0.0019   0.9290   0.0020  -0.0043
   0.0024  -0.0018  -0.0022   0.0078   0.0060  -0.0099   0.0020   0.9190   0.0067
   0.0014   0.0069   0.0085   0.0048   0.0073   0.0030  -0.0043   0.0067   0.9090

1+(E_0*1-H) (i.e. p with tau=1) after making eigenvec +ve =
   0.7248  -0.2078  -0.2465  -0.1774  -0.1550  -0.0818  -0.1172  -0.0597  -0.0351
  -0.2078   0.4748   0.0317  -0.1078  -0.1529   0.2204  -0.0884   0.0460  -0.1722
  -0.2465   0.0317   0.2248   0.0188   0.1205   0.0786   0.1065   0.0542  -0.2134
  -0.1774  -0.1078   0.0188  -0.0252  -0.1196  -0.2078  -0.0252  -0.1955  -0.1204
  -0.1550  -0.1529   0.1205  -0.1196  -0.2752  -0.1889   0.1373  -0.1491  -0.1836
  -0.0818   0.2204   0.0786  -0.2078  -0.1889  -0.5252   0.0471   0.2473  -0.0761
  -0.1172  -0.0884   0.1065  -0.0252   0.1373   0.0471  -0.7752  -0.0512   0.1073
  -0.0597   0.0460   0.0542  -0.1955  -0.1491   0.2473  -0.0512  -1.0252  -0.1677
  -0.0351  -0.1722  -0.2134  -0.1204  -0.1836  -0.0761   0.1073  -0.1677  -1.2752
psi0         =   0.8174   0.4330   0.2248   0.2275   0.1681   0.0167   0.0476   0.0495   0.0940
psig         =   0.8159   0.4220   0.2863   0.2314   0.1125   0.0732   0.0278   0.0012   0.0426

E_G= -1.254143

h_imp=
  -1.0000  -0.4018  -0.7026  -0.6254  -1.1247  -0.9110  -3.4382 -41.9462  -0.6723
  -0.1075  -0.7500   0.0467  -0.1966  -0.5740   1.2703  -1.3414  16.7369  -1.7039
  -0.0865   0.0215  -0.5000   0.0232   0.3067   0.3072   1.0960  13.3785  -1.4328
  -0.0503  -0.0591   0.0152  -0.2500  -0.2461  -0.6567  -0.2097 -38.9877  -0.6534
  -0.0214  -0.0408   0.0473  -0.0581   0.0000  -0.2901   0.5551 -14.4501  -0.4843
  -0.0073   0.0382   0.0201  -0.0657  -0.1230   0.2500   0.1239  15.6027  -0.1307
  -0.0040  -0.0058   0.0103  -0.0030   0.0340   0.0179   0.5000  -1.2272   0.0700
  -0.0001   0.0001   0.0002  -0.0010  -0.0015   0.0039  -0.0021   0.7500  -0.0046
  -0.0018  -0.0174  -0.0318  -0.0222  -0.0696  -0.0443   0.1644  -6.1603   1.0000

p_imp=
   0.9890   0.0161   0.0281   0.0250   0.0450   0.0364   0.1375   1.6778   0.0269
   0.0043   0.9790  -0.0019   0.0079   0.0230  -0.0508   0.0537  -0.6695   0.0682
   0.0035  -0.0009   0.9690  -0.0009  -0.0123  -0.0123  -0.0438  -0.5351   0.0573
   0.0020   0.0024  -0.0006   0.9590   0.0098   0.0263   0.0084   1.5595   0.0261
   0.0009   0.0016  -0.0019   0.0023   0.9490   0.0116  -0.0222   0.5780   0.0194
   0.0003  -0.0015  -0.0008   0.0026   0.0049   0.9390  -0.0050  -0.6241   0.0052
   0.0002   0.0002  -0.0004   0.0001  -0.0014  -0.0007   0.9290   0.0491  -0.0028
   0.0000  -0.0000  -0.0000   0.0000   0.0001  -0.0002   0.0001   0.9190   0.0002
   0.0001   0.0007   0.0013   0.0009   0.0028   0.0018  -0.0066   0.2464   0.9090
tau_av_expon_proj    = 3.585317 1.710206 1.143912 1.004750 0.403276 0.285590 0.144281 0.006734 0.194102
tau_av_expon_proj_new= 3.633167 1.903884 1.289920 0.975379 0.784165 0.655634 0.563303 0.493768 0.439514
factor=                1.013257 1.107082 1.119846 0.970337 1.625353 1.758403 2.104056 2.681459 1.747821
factor2=                 1.0133   1.1132   1.1276   0.9708   1.9445   2.2957   3.9042  73.3194   2.2643

eigenvalues of p_imp=  0.901120  0.913651  0.925932  0.939303  0.949861  0.960754  0.970880  0.979413  1.000000
eigenvalues of h_imp=  1.196769  0.883489  0.576467  0.242178 -0.021770 -0.294090 -0.547235 -0.760567 -1.275242

eigenval_p,eigenval_h=  1.000000 -1.275242
psi0_psig    =   0.6722   0.1842   0.0649   0.0531   0.0190   0.0012   0.0013   0.0001   0.0040

imp-sampled: sum_p_eig,sum_abs_p_eig,sign_condition_number=  1.000000  1.002824  0.931918
Warning: for i=   8, p_FN1(i,i)= -9.0973E-01

p_FN1=
   0.9890   0.0161   0.0281   0.0250   0.0450   0.0364   0.1375   1.6778   0.0269
   0.0043   0.9766   0.0000   0.0079   0.0230   0.0000   0.0537   0.0000   0.0682
   0.0035   0.0000   0.9634   0.0000   0.0000   0.0000   0.0000   0.0000   0.0573
   0.0020   0.0024   0.0000   0.9581   0.0098   0.0263   0.0084   1.5595   0.0261
   0.0009   0.0016   0.0000   0.0023   0.9354   0.0116   0.0000   0.5780   0.0194
   0.0003   0.0000   0.0000   0.0026   0.0049   0.8750   0.0000   0.0000   0.0052
   0.0002   0.0002   0.0000   0.0001   0.0000   0.0000   0.8514   0.0491   0.0000
   0.0000   0.0000   0.0000   0.0000   0.0001   0.0000   0.0001  -0.9097   0.0002
   0.0001   0.0007   0.0013   0.0009   0.0028   0.0018   0.0000   0.2464   0.9062

eigenvalues of p_FN1= -0.909811  0.851161  0.873235  0.902685  0.935066  0.957352  0.961389  0.974539  0.999680
eigenvalues of h_FN1= 46.470042  2.445741  1.893883  1.157635  0.348101 -0.209031 -0.309977 -0.638709 -1.267230

eigenval_p,eigenval_h=  0.999680 -1.267230
psiFN1_psig =    0.6773   0.1747   0.0707   0.0517   0.0171   0.0035   0.0010   0.0000   0.0039

E_0, E_G, E_FN1, E_G-E_0, E_FN1-E_0, rms fluctuation of E_L  -1.27524  -1.25414  -1.26723   0.02110   0.00801   0.23158
E_L     =  -1.2789  -1.2150  -1.0945  -1.1988  -1.7983  -0.0528  -2.5520 -56.3035  -4.0119
p_L     =   1.0005   0.9979   0.9931   0.9973   1.0212   0.9514   1.0514   3.2014   1.1098
p_abs_L =   1.0001   1.0000   0.9984   0.9979   1.0346   1.0151   1.1286   5.0298   1.1123

p_propos=
   0.9888   0.0161   0.0281   0.0251   0.0435   0.0359   0.1219   0.3336   0.0242
   0.0043   0.9790   0.0000   0.0079   0.0222   0.0000   0.0475   0.0000   0.0613
   0.0035   0.0000   0.9706   0.0000   0.0000   0.0000   0.0000   0.0000   0.0515
   0.0020   0.0024   0.0000   0.9610   0.0095   0.0259   0.0074   0.3101   0.0235
   0.0009   0.0016   0.0000   0.0023   0.9173   0.0114   0.0000   0.1149   0.0174
   0.0003   0.0000   0.0000   0.0026   0.0048   0.9250   0.0000   0.0000   0.0047
   0.0002   0.0002   0.0000   0.0001   0.0000   0.0000   0.8231   0.0098   0.0000
   0.0000   0.0000   0.0000   0.0000   0.0001   0.0000   0.0001   0.1827   0.0002
   0.0001   0.0007   0.0013   0.0009   0.0027   0.0017   0.0000   0.0490   0.8172
psig**2=         0.6658   0.1781   0.0820   0.0536   0.0126   0.0054   0.0008   0.0000   0.0018
psig**2 * P_L=   0.6661   0.1777   0.0814   0.0534   0.0129   0.0051   0.0008   0.0000   0.0020
psiFN_psig=      0.6773   0.1747   0.0707   0.0517   0.0171   0.0035   0.0010   0.0000   0.0039
p_L=             1.0005   0.9979   0.9931   0.9973   1.0212   0.9514   1.0514   3.2014   1.1098
W_prod=          1.0169   0.9802   0.8621   0.9651   1.3536   0.6569   1.3539   2.4008   2.1272

p_markov=
   0.9889   0.0161   0.0281   0.0250   0.0435   0.0359   0.1219   0.3336   0.0242
   0.0043   0.9792   0.0000   0.0079   0.0222   0.0000   0.0475   0.0000   0.0613
   0.0035   0.0000   0.9708   0.0000   0.0000   0.0000   0.0000   0.0000   0.0515
   0.0020   0.0024   0.0000   0.9614   0.0095   0.0259   0.0074   0.3101   0.0235
   0.0008   0.0016   0.0000   0.0022   0.9175   0.0112   0.0000   0.1149   0.0174
   0.0003   0.0000   0.0000   0.0026   0.0048   0.9254   0.0000   0.0000   0.0047
   0.0001   0.0002   0.0000   0.0001   0.0000   0.0000   0.8232   0.0098   0.0000
   0.0000   0.0000   0.0000   0.0000   0.0000   0.0000   0.0000   0.1827   0.0000
   0.0001   0.0006   0.0011   0.0008   0.0025   0.0016   0.0000   0.0490   0.8174

eigenvalues of p_markov=  0.182699  0.816206  0.822998  0.912818  0.927080  0.960618  0.966742  0.977215  1.000000
eigenvalues of h_markov= 19.157281  3.319606  3.149808  0.904309  0.547760 -0.290689 -0.443780 -0.705614 -1.275242

eigenval_p,eigenval_h=  1.000000 -1.267230
psi for p_mar=   0.6658   0.1781   0.0820   0.0536   0.0126   0.0054   0.0008   0.0000   0.0018
psig**2      =   0.6658   0.1781   0.0820   0.0536   0.0126   0.0054   0.0008   0.0000   0.0018
Above 2 lines should be equal since Markov matrix has dominant state psig**2
The exception to this occurs when there is no sign problem, but some components of psig have the wrong sign, in which case one has 2 decoupled spaces with degenerate dominant eigenvalues

p_FN3=
   0.9894   0.0160   0.0279   0.0249   0.0444   0.0342   0.1281   1.0679   0.0268
   0.0043   0.9771   0.0000   0.0078   0.0227   0.0000   0.0500   0.0000   0.0680
   0.0035   0.0000   0.9641   0.0000   0.0000   0.0000   0.0000   0.0000   0.0572
   0.0020   0.0024   0.0000   0.9587   0.0097   0.0246   0.0078   0.9926   0.0261
   0.0008   0.0016   0.0000   0.0022   0.9370   0.0107   0.0000   0.3679   0.0193
   0.0003   0.0000   0.0000   0.0026   0.0049   0.8805   0.0000   0.0000   0.0052
   0.0001   0.0002   0.0000   0.0001   0.0000   0.0000   0.8655   0.0312   0.0000
   0.0000   0.0000   0.0000   0.0000   0.0000   0.0000   0.0000   0.5849   0.0000
   0.0001   0.0006   0.0011   0.0008   0.0026   0.0015   0.0000   0.1568   0.9071

eigenvalues of p_FN3=  0.584873  0.865231  0.878735  0.903939  0.936651  0.957909  0.961951  0.975017  0.999945
eigenvalues of h_FN3=  9.102929  2.093987  1.756387  1.126271  0.308478 -0.222979 -0.324012 -0.650676 -1.273874

eigenval_p,eigenval_h=  0.999945 -1.265862
psiFN3_psig  =   0.6777   0.1747   0.0709   0.0517   0.0168   0.0036   0.0010   0.0000   0.0035

p_FN4=
   0.9893   0.0160   0.0280   0.0250   0.0444   0.0342   0.1281   1.0679   0.0268
   0.0043   0.9770   0.0000   0.0079   0.0227   0.0000   0.0500   0.0000   0.0680
   0.0035   0.0000   0.9639   0.0000   0.0000   0.0000   0.0000   0.0000   0.0572
   0.0020   0.0024   0.0000   0.9584   0.0097   0.0246   0.0078   0.9926   0.0261
   0.0009   0.0016   0.0000   0.0023   0.9368   0.0109   0.0000   0.3679   0.0193
   0.0003   0.0000   0.0000   0.0026   0.0049   0.8801   0.0000   0.0000   0.0052
   0.0002   0.0002   0.0000   0.0001   0.0000   0.0000   0.8654   0.0312   0.0000
   0.0000   0.0000   0.0000   0.0000   0.0001   0.0000   0.0001   0.5849   0.0002
   0.0001   0.0007   0.0013   0.0009   0.0027   0.0017   0.0000   0.1568   0.9070

eigenvalues of p_FN4=  0.584664  0.865145  0.878356  0.903543  0.936424  0.957799  0.961854  0.974910  1.000032
eigenvalues of h_FN4=  9.108164  2.096123  1.765853  1.136178  0.314155 -0.220208 -0.321597 -0.647994 -1.276041

eigenval_p,eigenval_h=  1.000032 -1.268028
psiFN4_psig  =   0.6762   0.1749   0.0709   0.0519   0.0175   0.0037   0.0012   0.0000   0.0039

E_G, E_FN1, E_FN3, E_FN4, E_0, recover_FN1, recover_FN3, recover_FN4, 1-ovlp_FN1, 1-ovlp_FN3, 1-ovlp_FN4, sign_cond_num= -1.254143 -1.267230 -1.265862 -1.268028 -1.275242 0.620 0.555 0.658 2.E-04 2.E-04 1.E-04 0.932

p_propos2=
   0.9888   0.0161   0.0283   0.0251   0.0441   0.0383   0.1308   0.5241   0.0242
   0.0043   0.9790   0.0000   0.0079   0.0225   0.0000   0.0510   0.0000   0.0614
   0.0035   0.0000   0.9704   0.0000   0.0000   0.0000   0.0000   0.0000   0.0516
   0.0020   0.0024   0.0000   0.9610   0.0096   0.0276   0.0080   0.4871   0.0235
   0.0009   0.0016   0.0000   0.0023   0.9162   0.0122   0.0000   0.1805   0.0175
   0.0003   0.0000   0.0000   0.0026   0.0048   0.9200   0.0000   0.0000   0.0047
   0.0002   0.0002   0.0000   0.0001   0.0000   0.0000   0.8101   0.0153   0.0000
   0.0000   0.0000   0.0000   0.0000   0.0001   0.0000   0.0001  -0.2841   0.0002
   0.0001   0.0007   0.0013   0.0009   0.0027   0.0019   0.0000   0.0770   0.8168

eigenvalues of p_FN1_propos= -0.284100  0.809914  0.815552  0.909877  0.923392  0.960256  0.966453  0.977018  1.000000
psi for p_FN1_propos=   0.6664   0.1778   0.0815   0.0534   0.0129   0.0051   0.0008   0.0000   0.0020
psig**2 * P_L       =   0.6664   0.1778   0.0815   0.0534   0.0129   0.0051   0.0008   0.0000   0.0020
Above 2 lines should be equal since proposal part of p_FN1 has dominant state psig**2 * P_L
The exception to this occurs when there is no sign problem, but some components of psig have the wrong sign, in which case one has 2 decoupled spaces with degenerate dominant eigenvalues

pp_FN1=
 704.2818 642.7862 578.8102 641.6313 902.0567 441.7295 916.73031619.12201404.0560
 171.9502 203.9050 142.5861 167.7408 240.7284 112.6505 241.3692 416.4738 385.2538
  71.2594  65.6211  86.7056  65.4568  92.3331  45.1521  92.9778 166.9099 160.0903
  51.6154  50.4425  42.7706  72.6317  72.1600  38.4849  69.8350 142.9429 114.2983
  17.1382  17.0969  14.2491  17.0423  38.5984  12.6694  22.9133  46.2806  39.2825
   3.5558   3.3898   2.9522   3.8512   5.3684  10.4691   4.7148   9.0418   8.0122
   1.0660   1.0492   0.8782   1.0094   1.4024   0.6811   8.1617   2.6770   2.2010
   0.0033   0.0032   0.0027   0.0036   0.0049   0.0023   0.0047   0.5322   0.0080
   3.8364   3.9350   3.5529   3.8822   5.6494   2.7194   5.1720  10.8514  19.1838
1st col normalized  0.964097  0.235384  0.097548  0.070657  0.023461  0.004868  0.001459  0.000004  0.005252
2nd col normalized  0.945762  0.300015  0.096551  0.074218  0.025155  0.004988  0.001544  0.000005  0.005790
3rd col normalized  0.958153  0.236035  0.143531  0.070802  0.023588  0.004887  0.001454  0.000005  0.005881
psiFN_psig          0.677341  0.174660  0.070712  0.051715  0.017126  0.003524  0.001048  0.000003  0.003870
W=       686.823974 177.105231  71.702474  52.439515  17.365320   3.573253   1.063069   0.003281   3.923883
W_der=     1.866743   0.146418   0.186963   0.145239   0.052807   0.006490   0.003203   0.000009   0.014119
W_der/W=   0.002718   0.000827   0.002607   0.002770   0.003041   0.001816   0.003013   0.002638   0.003598

gradient_vmc_FD, gradient_vmc=  0.033047  0.033047
Warning: for i=   8, p_FN1(i,i)= -9.0973E-01
E_L_der =         -0.2547   1.1018   0.1107  -0.4659  -1.3600   3.0101  -3.1786  39.6587  -4.0374
E_L_der_increm =  -0.2547   1.1018   0.1107  -0.4659  -1.3600   3.0101  -3.1786  39.6587  -4.0374
The above 2 lines should be equal
psiFN1_psig  =   0.6773   0.1747   0.0707   0.0517   0.0171   0.0035   0.0010   0.0000   0.0039
psig_increm**2=                 0.6658    0.1781    0.0820    0.0536    0.0126    0.0054    0.0008    0.0000    0.0018
psig_increm**2 * P_L_increm=    0.6661    0.1777    0.0814    0.0534    0.0129    0.0051    0.0008    0.0000    0.0020
psiFN_psig_increm=              0.6773    0.1747    0.0707    0.0517    0.0171    0.0035    0.0010    0.0000    0.0039
W_prod_increm                   1.0169    0.9802    0.8621    0.9651    1.3536    0.6569    1.3539    2.4008    2.1273
W_prod                          1.0169    0.9802    0.8621    0.9651    1.3536    0.6569    1.3539    2.4008    2.1272
W_prod_increm                  1.016864749   0.980158481   0.862122084   0.965070505   1.353561017   0.656854736   1.353892928   2.400836776   2.127250081
W_prod                         1.016864708   0.980158651   0.862122061   0.965070467   1.353560961   0.656854773   1.353892866   2.400836878   2.127249991
W_prod_der=                     0.4073   -1.7030    0.2322    0.3806    0.5654   -0.3718    0.6192   -1.0228    0.9027

E_FN1, E_FN1_increm, gradient_FN1_FD, gradient_FN1= -1.267230 -1.267230 -0.010202  0.015369

E_FN1, E_FN1_increm, gradient_FN1_FD, gradient_FN1= -1.267230 -1.267230 -0.010202 -0.010203

gradient_FN1_FD, gradient_FN1, 1st+2*2nd terms, gradient_FN1_1, gradient_FN1_2, gradient_FN1_3= -0.010202 -0.010203 -0.012433  0.043240 -0.025606 -0.027836
------------------------------------------------------------

Data set    3

h=
  -1.0000   0.0404   0.0718  -0.0811   0.1244  -0.0287  -0.1692  -0.0427  -0.1855
   0.0404  -0.7500   0.0116  -0.1719   0.1516  -0.0466   0.2187  -0.1013   0.0946
   0.0718   0.0116  -0.5000   0.2356  -0.0595  -0.1163   0.2479  -0.1902  -0.0795
  -0.0811  -0.1719   0.2356  -0.2500  -0.0695   0.2271   0.0548   0.1091  -0.0390
   0.1244   0.1516  -0.0595  -0.0695   0.0000  -0.1933  -0.1028  -0.1993  -0.1509
  -0.0287  -0.0466  -0.1163   0.2271  -0.1933   0.2500   0.0086  -0.2237   0.1178
  -0.1692   0.2187   0.2479   0.0548  -0.1028   0.0086   0.5000   0.0091  -0.1426
  -0.0427  -0.1013  -0.1902   0.1091  -0.1993  -0.2237   0.0091   0.7500  -0.1474
  -0.1855   0.0946  -0.0795  -0.0390  -0.1509   0.1178  -0.1426  -0.1474   1.0000

eigenval_p,eigenval_h=  1.000000 -1.090220
psi for p    =   0.9278  -0.1370  -0.2455   0.1362  -0.0797  -0.0542   0.1543  -0.0284   0.0876

eigenvalues of p=  0.910051  0.923327  0.931206  0.940363  0.961967  0.964033  0.984710  0.991865  1.000000
eigenvalues of h=  1.158502  0.826606  0.629632  0.400707 -0.139383 -0.191035 -0.707961 -0.886848 -1.090220
tau, tau_max= 0.040000 0.444697
p=
   0.9964  -0.0016  -0.0029   0.0032  -0.0050   0.0011   0.0068   0.0017   0.0074
  -0.0016   0.9864  -0.0005   0.0069  -0.0061   0.0019  -0.0087   0.0041  -0.0038
  -0.0029  -0.0005   0.9764  -0.0094   0.0024   0.0047  -0.0099   0.0076   0.0032
   0.0032   0.0069  -0.0094   0.9664   0.0028  -0.0091  -0.0022  -0.0044   0.0016
  -0.0050  -0.0061   0.0024   0.0028   0.9564   0.0077   0.0041   0.0080   0.0060
   0.0011   0.0019   0.0047  -0.0091   0.0077   0.9464  -0.0003   0.0089  -0.0047
   0.0068  -0.0087  -0.0099  -0.0022   0.0041  -0.0003   0.9364  -0.0004   0.0057
   0.0017   0.0041   0.0076  -0.0044   0.0080   0.0089  -0.0004   0.9264   0.0059
   0.0074  -0.0038   0.0032   0.0016   0.0060  -0.0047   0.0057   0.0059   0.9164

sum_p_eig,sum_abs_p_eig,sign_condition_number=  1.850582  1.872741  0.742616

p after making eigenvec +ve =
   0.9964   0.0016   0.0029   0.0032   0.0050  -0.0011   0.0068  -0.0017   0.0074
   0.0016   0.9864  -0.0005  -0.0069  -0.0061   0.0019   0.0087   0.0041   0.0038
   0.0029  -0.0005   0.9764   0.0094   0.0024   0.0047   0.0099   0.0076  -0.0032
   0.0032  -0.0069   0.0094   0.9664  -0.0028   0.0091  -0.0022   0.0044   0.0016
   0.0050  -0.0061   0.0024  -0.0028   0.9564   0.0077  -0.0041   0.0080  -0.0060
  -0.0011   0.0019   0.0047   0.0091   0.0077   0.9464   0.0003   0.0089   0.0047
   0.0068   0.0087   0.0099  -0.0022  -0.0041   0.0003   0.9364   0.0004   0.0057
  -0.0017   0.0041   0.0076   0.0044   0.0080   0.0089   0.0004   0.9264  -0.0059
   0.0074   0.0038  -0.0032   0.0016  -0.0060   0.0047   0.0057  -0.0059   0.9164

1+(E_0*1-H) (i.e. p with tau=1) after making eigenvec +ve =
   0.9098  -0.0404  -0.0718  -0.0811  -0.1244   0.0287  -0.1692   0.0427  -0.1855
  -0.0404   0.6598   0.0116   0.1719   0.1516  -0.0466  -0.2187  -0.1013  -0.0946
  -0.0718   0.0116   0.4098  -0.2356  -0.0595  -0.1163  -0.2479  -0.1902   0.0795
  -0.0811   0.1719  -0.2356   0.1598   0.0695  -0.2271   0.0548  -0.1091  -0.0390
  -0.1244   0.1516  -0.0595   0.0695  -0.0902  -0.1933   0.1028  -0.1993   0.1509
   0.0287  -0.0466  -0.1163  -0.2271  -0.1933  -0.3402  -0.0086  -0.2237  -0.1178
  -0.1692  -0.2187  -0.2479   0.0548   0.1028  -0.0086  -0.5902  -0.0091  -0.1426
   0.0427  -0.1013  -0.1902  -0.1091  -0.1993  -0.2237  -0.0091  -0.8402   0.1474
  -0.1855  -0.0946   0.0795  -0.0390   0.1509  -0.1178  -0.1426   0.1474  -1.0902
psi0         =   0.9278   0.1370   0.2455   0.1362   0.0797   0.0542   0.1543   0.0284   0.0876
psig         =   0.9066   0.0502   0.2931   0.1042   0.1544   0.0379   0.1688  -0.0249   0.1562

E_G= -1.059886

h_imp=
  -1.0000  -0.7303  -0.2222  -0.7058  -0.7304   0.6857  -0.9087  -1.5562  -1.0768
  -0.0022  -0.7500   0.0020   0.0828   0.0493  -0.0617  -0.0650   0.2043  -0.0304
  -0.0232   0.0680  -0.5000  -0.6626  -0.1130  -0.8996  -0.4305   2.2404   0.1491
  -0.0093   0.3571  -0.0838  -0.2500   0.0470  -0.6246   0.0338   0.4572  -0.0260
  -0.0212   0.4663  -0.0313   0.1030   0.0000  -0.7874   0.0940   1.2370   0.1492
   0.0012  -0.0352  -0.0150  -0.0825  -0.0474   0.2500  -0.0019   0.3407  -0.0286
  -0.0315  -0.7356  -0.1428   0.0887   0.1124  -0.0384   0.5000   0.0616  -0.1541
  -0.0012   0.0502   0.0161   0.0261   0.0321   0.1469   0.0013   0.7500  -0.0235
  -0.0319  -0.2945   0.0423  -0.0584   0.1526  -0.4855  -0.1319  -0.9253   1.0000

p_imp=
   0.9964   0.0292   0.0089   0.0282   0.0292  -0.0274   0.0363   0.0622   0.0431
   0.0001   0.9864  -0.0001  -0.0033  -0.0020   0.0025   0.0026  -0.0082   0.0012
