Input hamiltonian
hamiltonian=random                                                                          
Input ndim, E_T, tau
ndim, E_T, tau=    9-20.000000 0.020000
Input fraction_positive, off_diag_mag, psig_noise
fraction_positive, off_diag_mag,psig_noise= 0.500000 0.500000 0.200000
psig_correct_sign
psig_correct_sign= F
Input irand_seed
irand_seed=1425565376542456

Data set    1

h=
  -1.0000   0.0800   0.1401  -0.1696   0.0630   0.1789  -0.0366  -0.0928  -0.2290
   0.0800  -0.7500   0.0859   0.2028  -0.0542   0.1379   0.1569  -0.0799  -0.2353
   0.1401   0.0859  -0.5000   0.1165  -0.2461  -0.0961  -0.2234  -0.1402   0.2370
  -0.1696   0.2028   0.1165  -0.2500  -0.0711  -0.2226   0.0454   0.1250  -0.0263
   0.0630  -0.0542  -0.2461  -0.0711   0.0000  -0.0210   0.1375  -0.2232  -0.0393
   0.1789   0.1379  -0.0961  -0.2226  -0.0210   0.2500  -0.2276  -0.1955  -0.0772
  -0.0366   0.1569  -0.2234   0.0454   0.1375  -0.2276   0.5000  -0.2075  -0.1275
  -0.0928  -0.0799  -0.1402   0.1250  -0.2232  -0.1955  -0.2075   0.7500  -0.0525
  -0.2290  -0.2353   0.2370  -0.0263  -0.0393  -0.0772  -0.1275  -0.0525   1.0000

eigenval_p,eigenval_h=  1.000000 -1.153737
psi for p    =   0.8957  -0.1375  -0.3155   0.2159  -0.1095  -0.0884  -0.0127  -0.0197   0.1112

eigenvalues of p=  0.953835  0.957765  0.963171  0.973933  0.976522  0.982440  0.989117  0.995544  1.000000
eigenvalues of h=  1.154489  0.958038  0.687698  0.149593  0.020158 -0.275736 -0.609584 -0.930919 -1.153737
tau, tau_max= 0.020000 0.433233
p=
   0.9969  -0.0016  -0.0028   0.0034  -0.0013  -0.0036   0.0007   0.0019   0.0046
  -0.0016   0.9919  -0.0017  -0.0041   0.0011  -0.0028  -0.0031   0.0016   0.0047
  -0.0028  -0.0017   0.9869  -0.0023   0.0049   0.0019   0.0045   0.0028  -0.0047
   0.0034  -0.0041  -0.0023   0.9819   0.0014   0.0045  -0.0009  -0.0025   0.0005
  -0.0013   0.0011   0.0049   0.0014   0.9769   0.0004  -0.0028   0.0045   0.0008
  -0.0036  -0.0028   0.0019   0.0045   0.0004   0.9719   0.0046   0.0039   0.0015
   0.0007  -0.0031   0.0045  -0.0009  -0.0028   0.0046   0.9669   0.0041   0.0026
   0.0019   0.0016   0.0028  -0.0025   0.0045   0.0039   0.0041   0.9619   0.0011
   0.0046   0.0047  -0.0047   0.0005   0.0008   0.0015   0.0026   0.0011   0.9569

sum_p_eig,sum_abs_p_eig,sign_condition_number=  1.905979  1.922966  0.641680

p after making eigenvec +ve =
   0.9969   0.0016   0.0028   0.0034   0.0013   0.0036  -0.0007  -0.0019   0.0046
   0.0016   0.9919  -0.0017   0.0041   0.0011  -0.0028  -0.0031   0.0016  -0.0047
   0.0028  -0.0017   0.9869   0.0023   0.0049   0.0019   0.0045   0.0028   0.0047
   0.0034   0.0041   0.0023   0.9819  -0.0014  -0.0045   0.0009   0.0025   0.0005
   0.0013   0.0011   0.0049  -0.0014   0.9769   0.0004  -0.0028   0.0045  -0.0008
   0.0036  -0.0028   0.0019  -0.0045   0.0004   0.9719   0.0046   0.0039  -0.0015
  -0.0007  -0.0031   0.0045   0.0009  -0.0028   0.0046   0.9669   0.0041  -0.0026
  -0.0019   0.0016   0.0028   0.0025   0.0045   0.0039   0.0041   0.9619  -0.0011
   0.0046  -0.0047   0.0047   0.0005  -0.0008  -0.0015  -0.0026  -0.0011   0.9569

1+(E_0*1-H) (i.e. p with tau=1) after making eigenvec +ve =
   0.8463  -0.0800  -0.1401  -0.1696  -0.0630  -0.1789   0.0366   0.0928  -0.2290
  -0.0800   0.5963   0.0859  -0.2028  -0.0542   0.1379   0.1569  -0.0799   0.2353
  -0.1401   0.0859   0.3463  -0.1165  -0.2461  -0.0961  -0.2234  -0.1402  -0.2370
  -0.1696  -0.2028  -0.1165   0.0963   0.0711   0.2226  -0.0454  -0.1250  -0.0263
  -0.0630  -0.0542  -0.2461   0.0711  -0.1537  -0.0210   0.1375  -0.2232   0.0393
  -0.1789   0.1379  -0.0961   0.2226  -0.0210  -0.4037  -0.2276  -0.1955   0.0772
   0.0366   0.1569  -0.2234  -0.0454   0.1375  -0.2276  -0.6537  -0.2075   0.1275
   0.0928  -0.0799  -0.1402  -0.1250  -0.2232  -0.1955  -0.2075  -0.9037   0.0525
  -0.2290   0.2353  -0.2370  -0.0263   0.0393   0.0772   0.1275   0.0525  -1.1537
psi0         =   0.8957   0.1375   0.3155   0.2159   0.1095   0.0884   0.0127   0.0197   0.1112
psig         =   0.8434   0.0429   0.4203   0.2014   0.2114   0.0611  -0.0703   0.1034   0.0743

E_G= -1.101429

h_imp=
  -1.0000  -1.5737  -0.2812  -0.7104  -0.2514  -2.4705  -0.4384   0.7568  -2.5993
  -0.0041  -0.7500   0.0088  -0.0432  -0.0110   0.0967  -0.0956  -0.0331   0.1357
  -0.0698   0.8423  -0.5000  -0.2432  -0.4893  -0.6612   1.3351  -0.5697  -1.3407
  -0.0405  -0.9529  -0.0558  -0.2500   0.0677   0.7340   0.1300  -0.2434  -0.0714
  -0.0158  -0.2675  -0.1238   0.0746   0.0000  -0.0728  -0.4134  -0.4562   0.1118
  -0.0130   0.1965  -0.0140   0.0675  -0.0061   0.2500   0.1977  -0.1155   0.0635
  -0.0030  -0.2574   0.0374   0.0159  -0.0457   0.2620   0.5000   0.1411  -0.1207
   0.0114  -0.1928  -0.0345  -0.0642  -0.1092  -0.3311   0.3051   0.7500   0.0732
  -0.0202   0.4078  -0.0419  -0.0097   0.0138   0.0939  -0.1347   0.0377   1.0000

p_imp=
   0.9969   0.0315   0.0056   0.0142   0.0050   0.0494   0.0088  -0.0151   0.0520
   0.0001   0.9919  -0.0002   0.0009   0.0002  -0.0019   0.0019   0.0007  -0.0027
   0.0014  -0.0168   0.9869   0.0049   0.0098   0.0132  -0.0267   0.0114   0.0268
   0.0008   0.0191   0.0011   0.9819  -0.0014  -0.0147  -0.0026   0.0049   0.0014
   0.0003   0.0053   0.0025  -0.0015   0.9769   0.0015   0.0083   0.0091  -0.0022
   0.0003  -0.0039   0.0003  -0.0014   0.0001   0.9719  -0.0040   0.0023  -0.0013
   0.0001   0.0051  -0.0007  -0.0003   0.0009  -0.0052   0.9669  -0.0028   0.0024
  -0.0002   0.0039   0.0007   0.0013   0.0022   0.0066  -0.0061   0.9619  -0.0015
   0.0004  -0.0082   0.0008   0.0002  -0.0003  -0.0019   0.0027  -0.0008   0.9569
tau_av_expon_proj    = 5.625419 0.213180 1.674004 0.813869 1.005927 0.211766 0.327860 0.424917 0.221416
tau_av_expon_proj_new= 6.504622 2.476861 1.529668 1.106517 0.866749 0.712384 0.604691 0.525283 0.464309
factor=                1.144727 2.494108 0.909957 1.302749 0.851653 2.019271 1.580601 1.210545 1.687299
factor2=                 1.1563  11.6186   0.9138   1.3596   0.8616   3.3640   1.8444   1.2362   2.0970

eigenvalues of p_imp=  0.953835  0.957765  0.963171  0.973933  0.976522  0.982440  0.989117  0.995544  1.000000
eigenvalues of h_imp=  1.154489  0.958038  0.687698  0.149593  0.020158 -0.275736 -0.609584 -0.930919 -1.153737

eigenval_p,eigenval_h=  1.000000 -1.153737
psi0_psig    =   0.7731   0.0060   0.1357   0.0445   0.0237   0.0055  -0.0009   0.0021   0.0085

imp-sampled: sum_p_eig,sum_abs_p_eig,sign_condition_number=  1.000000  1.001759  0.915860

p_FN1=
   0.9967   0.0315   0.0056   0.0142   0.0050   0.0494   0.0088   0.0000   0.0520
   0.0001   0.9630   0.0000   0.0009   0.0002   0.0000   0.0019   0.0007   0.0000
   0.0014   0.0000   0.9860   0.0049   0.0098   0.0132   0.0000   0.0114   0.0268
   0.0008   0.0191   0.0011   0.9788   0.0000   0.0000   0.0000   0.0049   0.0014
   0.0003   0.0053   0.0025   0.0000   0.9753   0.0015   0.0083   0.0091   0.0000
   0.0003   0.0000   0.0003   0.0000   0.0001   0.9482   0.0000   0.0023   0.0000
   0.0001   0.0051   0.0000   0.0000   0.0009   0.0000   0.9276   0.0000   0.0024
   0.0000   0.0039   0.0007   0.0013   0.0022   0.0066   0.0000   0.9432   0.0000
   0.0004   0.0000   0.0008   0.0002   0.0000   0.0000   0.0027   0.0000   0.9492

eigenvalues of p_FN1=  0.926837  0.940399  0.948296  0.949987  0.962108  0.974092  0.978898  0.987659  0.999691
eigenvalues of h_FN1=  2.504396  1.826302  1.431461  1.346910  0.740857  0.141669 -0.098634 -0.536675 -1.138293

eigenval_p,eigenval_h=  0.999691 -1.138293
psiFN1_psig =    0.7705   0.0030   0.1383   0.0416   0.0271   0.0049   0.0015   0.0045   0.0087

E_0, E_G, E_FN1, E_G-E_0, E_FN1-E_0, rms fluctuation of E_L  -1.15374  -1.10143  -1.13829   0.05231   0.01544   0.23804
E_L     =  -1.1550  -2.5476  -1.0051  -1.1627  -0.8311  -2.0990   1.3857   0.2677  -2.7479
p_L     =   1.0003   1.0282   0.9973   1.0005   0.9939   1.0192   0.9495   0.9719   1.0322
p_abs_L =   1.0003   1.0568   0.9979   1.0033   0.9952   1.0426   0.9886   0.9903   1.0396

p_propos=
   0.9967   0.0298   0.0056   0.0142   0.0051   0.0474   0.0089   0.0000   0.0500
   0.0001   0.9386   0.0000   0.0009   0.0002   0.0000   0.0019   0.0007   0.0000
   0.0014   0.0000   0.9890   0.0048   0.0098   0.0127   0.0000   0.0115   0.0258
   0.0008   0.0180   0.0011   0.9787   0.0000   0.0000   0.0000   0.0049   0.0014
   0.0003   0.0051   0.0025   0.0000   0.9817   0.0014   0.0084   0.0092   0.0000
   0.0003   0.0000   0.0003   0.0000   0.0001   0.9322   0.0000   0.0023   0.0000
   0.0001   0.0049   0.0000   0.0000   0.0009   0.0000   0.9781   0.0000   0.0023
   0.0000   0.0036   0.0007   0.0013   0.0022   0.0064   0.0000   0.9714   0.0000
   0.0004   0.0000   0.0008   0.0002   0.0000   0.0000   0.0027   0.0000   0.9205
psig**2=         0.7113   0.0018   0.1767   0.0406   0.0447   0.0037   0.0049   0.0107   0.0055
psig**2 * P_L=   0.7116   0.0019   0.1762   0.0406   0.0444   0.0038   0.0047   0.0104   0.0057
psiFN_psig=      0.7705   0.0030   0.1383   0.0416   0.0271   0.0049   0.0015   0.0045   0.0087
p_L=             1.0003   1.0282   0.9973   1.0005   0.9939   1.0192   0.9495   0.9719   1.0322
W_prod=          1.0823   1.6349   0.7821   1.0243   0.6066   1.3100   0.3033   0.4168   1.5745

p_markov=
   0.9967   0.0298   0.0056   0.0142   0.0050   0.0474   0.0088   0.0000   0.0500
   0.0001   0.9386   0.0000   0.0008   0.0002   0.0000   0.0018   0.0006   0.0000
   0.0014   0.0000   0.9890   0.0048   0.0098   0.0127   0.0000   0.0114   0.0258
   0.0008   0.0180   0.0011   0.9787   0.0000   0.0000   0.0000   0.0049   0.0014
   0.0003   0.0051   0.0025   0.0000   0.9817   0.0014   0.0083   0.0092   0.0000
   0.0002   0.0000   0.0003   0.0000   0.0001   0.9322   0.0000   0.0022   0.0000
   0.0001   0.0049   0.0000   0.0000   0.0009   0.0000   0.9785   0.0000   0.0023
   0.0000   0.0036   0.0007   0.0013   0.0022   0.0064   0.0000   0.9717   0.0000
   0.0004   0.0000   0.0008   0.0002   0.0000   0.0000   0.0026   0.0000   0.9205

eigenvalues of p_markov=  0.919856  0.931612  0.937950  0.969565  0.977102  0.978694  0.981819  0.991095  1.000000
eigenvalues of h_markov=  2.853472  2.265646  1.948774  0.367997 -0.008831 -0.088458 -0.244707 -0.708464 -1.153737

eigenval_p,eigenval_h=  1.000000 -1.138293
psi for p_mar=   0.7113   0.0018   0.1767   0.0406   0.0447   0.0037   0.0049   0.0107   0.0055
psig**2      =   0.7113   0.0018   0.1767   0.0406   0.0447   0.0037   0.0049   0.0107   0.0055
Above 2 lines should be equal since Markov matrix has dominant state psig**2
The exception to this occurs when there is no sign problem, but some components of psig have the wrong sign, in which case one has 2 decoupled spaces with degenerate dominant eigenvalues

p_FN3=
   0.9970   0.0306   0.0056   0.0142   0.0050   0.0483   0.0083   0.0000   0.0516
   0.0001   0.9651   0.0000   0.0008   0.0002   0.0000   0.0017   0.0006   0.0000
   0.0014   0.0000   0.9864   0.0048   0.0097   0.0129   0.0000   0.0111   0.0266
   0.0008   0.0185   0.0011   0.9792   0.0000   0.0000   0.0000   0.0047   0.0014
   0.0003   0.0052   0.0025   0.0000   0.9757   0.0014   0.0079   0.0089   0.0000
   0.0002   0.0000   0.0003   0.0000   0.0001   0.9501   0.0000   0.0022   0.0000
   0.0001   0.0050   0.0000   0.0000   0.0009   0.0000   0.9291   0.0000   0.0024
   0.0000   0.0038   0.0007   0.0013   0.0022   0.0065   0.0000   0.9444   0.0000
   0.0004   0.0000   0.0008   0.0002   0.0000   0.0000   0.0025   0.0000   0.9501

eigenvalues of p_FN3=  0.928457  0.941862  0.949301  0.951535  0.964101  0.974509  0.979339  0.988023  0.999989
eigenvalues of h_FN3=  2.423413  1.753153  1.381224  1.269496  0.641234  0.120837 -0.120671 -0.554876 -1.153194

eigenval_p,eigenval_h=  0.999989 -1.137750
psiFN3_psig  =   0.7708   0.0030   0.1382   0.0416   0.0272   0.0048   0.0015   0.0045   0.0085

p_FN4=
   0.9970   0.0306   0.0056   0.0142   0.0050   0.0483   0.0084   0.0000   0.0516
   0.0001   0.9651   0.0000   0.0009   0.0002   0.0000   0.0018   0.0006   0.0000
   0.0014   0.0000   0.9863   0.0048   0.0098   0.0129   0.0000   0.0112   0.0266
   0.0008   0.0185   0.0011   0.9791   0.0000   0.0000   0.0000   0.0048   0.0014
   0.0003   0.0052   0.0025   0.0000   0.9756   0.0014   0.0079   0.0090   0.0000
   0.0003   0.0000   0.0003   0.0000   0.0001   0.9501   0.0000   0.0023   0.0000
   0.0001   0.0050   0.0000   0.0000   0.0009   0.0000   0.9287   0.0000   0.0024
   0.0000   0.0038   0.0007   0.0013   0.0022   0.0065   0.0000   0.9440   0.0000
   0.0004   0.0000   0.0008   0.0002   0.0000   0.0000   0.0026   0.0000   0.9501

eigenvalues of p_FN4=  0.928038  0.941499  0.949261  0.951544  0.964049  0.974450  0.979332  0.987972  1.000008
eigenvalues of h_FN4=  2.444354  1.771303  1.383200  1.269063  0.643808  0.123767 -0.120359 -0.552312 -1.154114

eigenval_p,eigenval_h=  1.000008 -1.138671
psiFN4_psig  =   0.7699   0.0032   0.1382   0.0417   0.0271   0.0050   0.0015   0.0045   0.0088

E_G, E_FN1, E_FN3, E_FN4, E_0, recover_FN1, recover_FN3, recover_FN4, 1-ovlp_FN1, 1-ovlp_FN3, 1-ovlp_FN4, sign_cond_num= -1.101429 -1.138293 -1.137750 -1.138671 -1.153737 0.705 0.694 0.712 4.E-05 4.E-05 4.E-05 0.916

p_propos2=
   0.9967   0.0306   0.0056   0.0142   0.0051   0.0485   0.0092   0.0000   0.0504
   0.0001   0.9369   0.0000   0.0009   0.0002   0.0000   0.0020   0.0007   0.0000
   0.0014   0.0000   0.9889   0.0049   0.0098   0.0130   0.0000   0.0117   0.0260
   0.0008   0.0185   0.0011   0.9786   0.0000   0.0000   0.0000   0.0050   0.0014
   0.0003   0.0052   0.0025   0.0000   0.9816   0.0014   0.0087   0.0094   0.0000
   0.0003   0.0000   0.0003   0.0000   0.0001   0.9306   0.0000   0.0024   0.0000
   0.0001   0.0050   0.0000   0.0000   0.0009   0.0000   0.9772   0.0000   0.0023
   0.0000   0.0037   0.0007   0.0013   0.0022   0.0065   0.0000   0.9708   0.0000
   0.0004   0.0000   0.0008   0.0002   0.0000   0.0000   0.0028   0.0000   0.9199

eigenvalues of p_FN1_propos=  0.919252  0.930018  0.936191  0.968770  0.976106  0.978565  0.981411  0.991017  1.000000
psi for p_FN1_propos=   0.7121   0.0019   0.1763   0.0406   0.0445   0.0038   0.0047   0.0104   0.0057
psig**2 * P_L       =   0.7121   0.0019   0.1763   0.0406   0.0445   0.0038   0.0047   0.0104   0.0057
Above 2 lines should be equal since proposal part of p_FN1 has dominant state psig**2 * P_L
The exception to this occurs when there is no sign problem, but some components of psig have the wrong sign, in which case one has 2 decoupled spaces with degenerate dominant eigenvalues

pp_FN1=
 836.23421187.6410 542.2831 734.6270 421.1402 971.3279 222.0643 289.24591157.4697
   3.0683  32.4698   2.1962   3.9299   1.9568   3.6947   1.6134   1.6095   4.4244
 134.6149 211.0165 172.6769 140.2802 104.5993 182.3480  42.1576  72.8312 232.1955
  41.8859  86.7379  32.2193  87.1591  23.9068  50.7529  12.3101  20.6882  62.0541
  26.4466  47.5699  26.4639  26.3318  59.1891  35.6046  12.7325  19.0026  41.8311
   5.0967   7.5038   3.8542   4.6707   2.9747  25.6144   1.4176   2.7634   7.3489
   1.5403   4.3374   1.1781   1.4977   1.4073   1.8740  14.4319   0.7115   2.8999
   4.3435   9.3601   4.4073   5.4508   4.5458   7.9132   1.5403  20.2031   6.9079
   8.9842  13.2924   7.2597   8.4478   5.1701  10.8710   3.2430   3.5701  33.0626
1st col normalized  0.985511  0.003616  0.158645  0.049363  0.031168  0.006007  0.001815  0.005119  0.010588
2nd col normalized  0.980819  0.026815  0.174269  0.071633  0.039286  0.006197  0.003582  0.007730  0.010978
3rd col normalized  0.950176  0.003848  0.302560  0.056454  0.046369  0.006753  0.002064  0.007722  0.012720
psiFN_psig          0.770463  0.003006  0.138260  0.041576  0.027141  0.004892  0.001501  0.004463  0.008697
W=       781.249772   3.047951 140.195544  42.158265  27.521168   4.960878   1.522391   4.525244   8.818788
W_der=    -2.116289  -0.075754  -0.441898  -0.135255  -0.090480  -0.017989  -0.008488  -0.017767  -0.035310
W_der/W=  -0.002709  -0.024854  -0.003152  -0.003208  -0.003288  -0.003626  -0.005576  -0.003926  -0.004004

gradient_vmc_FD, gradient_vmc= -0.123976 -0.123976
E_L_der =         -0.0948  41.9393   0.2044  -1.0070  -0.2564   2.2566  -2.2308  -0.7722   3.1670
E_L_der_increm =  -0.0948  41.9392   0.2044  -1.0070  -0.2564   2.2566  -2.2308  -0.7722   3.1670
The above 2 lines should be equal
psiFN1_psig  =   0.7705   0.0030   0.1383   0.0416   0.0271   0.0049   0.0015   0.0045   0.0087
psig_increm**2=                 0.7113    0.0018    0.1767    0.0406    0.0447    0.0037    0.0049    0.0107    0.0055
psig_increm**2 * P_L_increm=    0.7116    0.0019    0.1762    0.0406    0.0444    0.0038    0.0047    0.0104    0.0057
psiFN_psig_increm=              0.7705    0.0030    0.1383    0.0416    0.0271    0.0049    0.0015    0.0045    0.0087
W_prod_increm                   1.0823    1.6349    0.7821    1.0243    0.6066    1.3100    0.3033    0.4168    1.5745
W_prod                          1.0823    1.6349    0.7821    1.0243    0.6066    1.3100    0.3033    0.4168    1.5745
W_prod_increm                  1.082308379   1.634906909   0.782090543   1.024280784   0.606646596   1.309992675   0.303294976   0.416794288   1.574452820
W_prod                         1.082308381   1.634907653   0.782090580   1.024280676   0.606646583   1.309992801   0.303294902   0.416794254   1.574453038
W_prod_der=                    -0.0220   -7.4430   -0.3674    1.0847    0.1348   -1.2588    0.7383    0.3372   -2.1807

E_FN1, E_FN1_increm, gradient_FN1_FD, gradient_FN1= -1.138293 -1.138293 -0.083559 -0.133357

E_FN1, E_FN1_increm, gradient_FN1_FD, gradient_FN1= -1.138293 -1.138293 -0.083559 -0.083559

gradient_FN1_FD, gradient_FN1, 1st+2*2nd terms, gradient_FN1_1, gradient_FN1_2, gradient_FN1_3= -0.083559 -0.083559 -0.069217 -0.197668  0.049883  0.064226
------------------------------------------------------------

Data set    2

h=
  -1.0000   0.2078   0.2465  -0.1774   0.1550   0.0818   0.1172   0.0597   0.0351
   0.2078  -0.7500   0.0317   0.1078  -0.1529   0.2204  -0.0884   0.0460  -0.1722
   0.2465   0.0317  -0.5000  -0.0188   0.1205   0.0786   0.1065   0.0542  -0.2134
  -0.1774   0.1078  -0.0188  -0.2500   0.1196   0.2078   0.0252   0.1955   0.1204
   0.1550  -0.1529   0.1205   0.1196   0.0000  -0.1889   0.1373  -0.1491  -0.1836
   0.0818   0.2204   0.0786   0.2078  -0.1889   0.2500   0.0471   0.2473  -0.0761
   0.1172  -0.0884   0.1065   0.0252   0.1373   0.0471   0.5000  -0.0512   0.1073
   0.0597   0.0460   0.0542   0.1955  -0.1491   0.2473  -0.0512   0.7500  -0.1677
   0.0351  -0.1722  -0.2134   0.1204  -0.1836  -0.0761   0.1073  -0.1677   1.0000

eigenval_p,eigenval_h=  1.000000 -1.275242
psi for p    =   0.8174  -0.4330  -0.2248   0.2275  -0.1681  -0.0167  -0.0476  -0.0495  -0.0940

eigenvalues of p=  0.950560  0.956825  0.962966  0.969652  0.974931  0.980377  0.985440  0.989706  1.000000
eigenvalues of h=  1.196769  0.883489  0.576467  0.242178 -0.021770 -0.294090 -0.547235 -0.760567 -1.275242
tau, tau_max= 0.020000 0.404529
p=
   0.9945  -0.0042  -0.0049   0.0035  -0.0031  -0.0016  -0.0023  -0.0012  -0.0007
  -0.0042   0.9895  -0.0006  -0.0022   0.0031  -0.0044   0.0018  -0.0009   0.0034
  -0.0049  -0.0006   0.9845   0.0004  -0.0024  -0.0016  -0.0021  -0.0011   0.0043
   0.0035  -0.0022   0.0004   0.9795  -0.0024  -0.0042  -0.0005  -0.0039  -0.0024
  -0.0031   0.0031  -0.0024  -0.0024   0.9745   0.0038  -0.0027   0.0030   0.0037
  -0.0016  -0.0044  -0.0016  -0.0042   0.0038   0.9695  -0.0009  -0.0049   0.0015
  -0.0023   0.0018  -0.0021  -0.0005  -0.0027  -0.0009   0.9645   0.0010  -0.0021
  -0.0012  -0.0009  -0.0011  -0.0039   0.0030  -0.0049   0.0010   0.9595   0.0034
  -0.0007   0.0034   0.0043  -0.0024   0.0037   0.0015  -0.0021   0.0034   0.9545

sum_p_eig,sum_abs_p_eig,sign_condition_number=  2.078525  2.091526  0.732144

p after making eigenvec +ve =
   0.9945   0.0042   0.0049   0.0035   0.0031   0.0016   0.0023   0.0012   0.0007
   0.0042   0.9895  -0.0006   0.0022   0.0031  -0.0044   0.0018  -0.0009   0.0034
   0.0049  -0.0006   0.9845  -0.0004  -0.0024  -0.0016  -0.0021  -0.0011   0.0043
   0.0035   0.0022  -0.0004   0.9795   0.0024   0.0042   0.0005   0.0039   0.0024
   0.0031   0.0031  -0.0024   0.0024   0.9745   0.0038  -0.0027   0.0030   0.0037
   0.0016  -0.0044  -0.0016   0.0042   0.0038   0.9695  -0.0009  -0.0049   0.0015
   0.0023   0.0018  -0.0021   0.0005  -0.0027  -0.0009   0.9645   0.0010  -0.0021
   0.0012  -0.0009  -0.0011   0.0039   0.0030  -0.0049   0.0010   0.9595   0.0034
   0.0007   0.0034   0.0043   0.0024   0.0037   0.0015  -0.0021   0.0034   0.9545

1+(E_0*1-H) (i.e. p with tau=1) after making eigenvec +ve =
   0.7248  -0.2078  -0.2465  -0.1774  -0.1550  -0.0818  -0.1172  -0.0597  -0.0351
  -0.2078   0.4748   0.0317  -0.1078  -0.1529   0.2204  -0.0884   0.0460  -0.1722
  -0.2465   0.0317   0.2248   0.0188   0.1205   0.0786   0.1065   0.0542  -0.2134
  -0.1774  -0.1078   0.0188  -0.0252  -0.1196  -0.2078  -0.0252  -0.1955  -0.1204
  -0.1550  -0.1529   0.1205  -0.1196  -0.2752  -0.1889   0.1373  -0.1491  -0.1836
  -0.0818   0.2204   0.0786  -0.2078  -0.1889  -0.5252   0.0471   0.2473  -0.0761
  -0.1172  -0.0884   0.1065  -0.0252   0.1373   0.0471  -0.7752  -0.0512   0.1073
  -0.0597   0.0460   0.0542  -0.1955  -0.1491   0.2473  -0.0512  -1.0252  -0.1677
  -0.0351  -0.1722  -0.2134  -0.1204  -0.1836  -0.0761   0.1073  -0.1677  -1.2752
psi0         =   0.8174   0.4330   0.2248   0.2275   0.1681   0.0167   0.0476   0.0495   0.0940
psig         =   0.8159   0.4220   0.2863   0.2314   0.1125   0.0732   0.0278   0.0012   0.0426

E_G= -1.254143

h_imp=
  -1.0000  -0.4018  -0.7026  -0.6254  -1.1247  -0.9110  -3.4382 -41.9462  -0.6723
  -0.1075  -0.7500   0.0467  -0.1966  -0.5740   1.2703  -1.3414  16.7369  -1.7039
  -0.0865   0.0215  -0.5000   0.0232   0.3067   0.3072   1.0960  13.3785  -1.4328
  -0.0503  -0.0591   0.0152  -0.2500  -0.2461  -0.6567  -0.2097 -38.9877  -0.6534
  -0.0214  -0.0408   0.0473  -0.0581   0.0000  -0.2901   0.5551 -14.4501  -0.4843
  -0.0073   0.0382   0.0201  -0.0657  -0.1230   0.2500   0.1239  15.6027  -0.1307
  -0.0040  -0.0058   0.0103  -0.0030   0.0340   0.0179   0.5000  -1.2272   0.0700
  -0.0001   0.0001   0.0002  -0.0010  -0.0015   0.0039  -0.0021   0.7500  -0.0046
  -0.0018  -0.0174  -0.0318  -0.0222  -0.0696  -0.0443   0.1644  -6.1603   1.0000

p_imp=
   0.9945   0.0080   0.0141   0.0125   0.0225   0.0182   0.0688   0.8389   0.0134
   0.0021   0.9895  -0.0009   0.0039   0.0115  -0.0254   0.0268  -0.3347   0.0341
   0.0017  -0.0004   0.9845  -0.0005  -0.0061  -0.0061  -0.0219  -0.2676   0.0287
   0.0010   0.0012  -0.0003   0.9795   0.0049   0.0131   0.0042   0.7798   0.0131
   0.0004   0.0008  -0.0009   0.0012   0.9745   0.0058  -0.0111   0.2890   0.0097
   0.0001  -0.0008  -0.0004   0.0013   0.0025   0.9695  -0.0025  -0.3121   0.0026
   0.0001   0.0001  -0.0002   0.0001  -0.0007  -0.0004   0.9645   0.0245  -0.0014
   0.0000  -0.0000  -0.0000   0.0000   0.0000  -0.0001   0.0000   0.9595   0.0001
   0.0000   0.0003   0.0006   0.0004   0.0014   0.0009  -0.0033   0.1232   0.9545
tau_av_expon_proj    = 3.585317 1.710206 1.143912 1.004750 0.403276 0.285590 0.144281 0.006734 0.194102
tau_av_expon_proj_new= 3.633167 1.903884 1.289920 0.975379 0.784165 0.655634 0.563303 0.493768 0.439514
factor=                1.013257 1.107082 1.119846 0.970337 1.625353 1.758403 2.104056 2.681459 1.747821
factor2=                 1.0133   1.1132   1.1276   0.9708   1.9445   2.2957   3.9042  73.3194   2.2643

eigenvalues of p_imp=  0.950560  0.956825  0.962966  0.969652  0.974931  0.980377  0.985440  0.989706  1.000000
eigenvalues of h_imp=  1.196769  0.883489  0.576467  0.242178 -0.021770 -0.294090 -0.547235 -0.760567 -1.275242

eigenval_p,eigenval_h=  1.000000 -1.275242
psi0_psig    =   0.6722   0.1842   0.0649   0.0531   0.0190   0.0012   0.0013   0.0001   0.0040

imp-sampled: sum_p_eig,sum_abs_p_eig,sign_condition_number=  1.000000  1.001412  0.931872

p_FN1=
   0.9945   0.0080   0.0141   0.0125   0.0225   0.0182   0.0688   0.8389   0.0134
   0.0021   0.9883   0.0000   0.0039   0.0115   0.0000   0.0268   0.0000   0.0341
   0.0017   0.0000   0.9817   0.0000   0.0000   0.0000   0.0000   0.0000   0.0287
   0.0010   0.0012   0.0000   0.9790   0.0049   0.0131   0.0042   0.7798   0.0131
   0.0004   0.0008   0.0000   0.0012   0.9677   0.0058   0.0000   0.2890   0.0097
   0.0001   0.0000   0.0000   0.0013   0.0025   0.9375   0.0000   0.0000   0.0026
   0.0001   0.0001   0.0000   0.0001   0.0000   0.0000   0.9257   0.0245   0.0000
   0.0000   0.0000   0.0000   0.0000   0.0000   0.0000   0.0000   0.0451   0.0001
   0.0000   0.0003   0.0006   0.0004   0.0014   0.0009   0.0000   0.1232   0.9531

eigenvalues of p_FN1=  0.045094  0.925580  0.936618  0.951342  0.967533  0.978676  0.980695  0.987269  0.999840
eigenvalues of h_FN1= 46.470042  2.445741  1.893883  1.157635  0.348101 -0.209031 -0.309977 -0.638709 -1.267230

eigenval_p,eigenval_h=  0.999840 -1.267230
psiFN1_psig =    0.6773   0.1747   0.0707   0.0517   0.0171   0.0035   0.0010   0.0000   0.0039

E_0, E_G, E_FN1, E_G-E_0, E_FN1-E_0, rms fluctuation of E_L  -1.27524  -1.25414  -1.26723   0.02110   0.00801   0.23158
E_L     =  -1.2789  -1.2150  -1.0945  -1.1988  -1.7983  -0.0528  -2.5520 -56.3035  -4.0119
p_L     =   1.0002   0.9990   0.9965   0.9986   1.0106   0.9757   1.0257   2.1007   1.0549
p_abs_L =   1.0001   1.0000   0.9992   0.9989   1.0173   1.0075   1.0643   3.0149   1.0561

p_propos=
   0.9944   0.0080   0.0141   0.0125   0.0221   0.0181   0.0646   0.2783   0.0127
   0.0021   0.9895   0.0000   0.0039   0.0113   0.0000   0.0252   0.0000   0.0323
   0.0017   0.0000   0.9853   0.0000   0.0000   0.0000   0.0000   0.0000   0.0271
   0.0010   0.0012   0.0000   0.9805   0.0048   0.0130   0.0039   0.2586   0.0124
   0.0004   0.0008   0.0000   0.0012   0.9579   0.0058   0.0000   0.0959   0.0092
   0.0001   0.0000   0.0000   0.0013   0.0024   0.9622   0.0000   0.0000   0.0025
   0.0001   0.0001   0.0000   0.0001   0.0000   0.0000   0.9062   0.0081   0.0000
   0.0000   0.0000   0.0000   0.0000   0.0000   0.0000   0.0000   0.3182   0.0001
   0.0000   0.0003   0.0006   0.0004   0.0014   0.0009   0.0000   0.0409   0.9038
psig**2=         0.6658   0.1781   0.0820   0.0536   0.0126   0.0054   0.0008   0.0000   0.0018
psig**2 * P_L=   0.6659   0.1779   0.0817   0.0535   0.0128   0.0052   0.0008   0.0000   0.0019
psiFN_psig=      0.6773   0.1747   0.0707   0.0517   0.0171   0.0035   0.0010   0.0000   0.0039
p_L=             1.0002   0.9990   0.9965   0.9986   1.0106   0.9757   1.0257   2.1007   1.0549
W_prod=          1.0171   0.9804   0.8623   0.9653   1.3539   0.6570   1.3542   2.4015   2.1278

p_markov=
   0.9944   0.0080   0.0141   0.0125   0.0221   0.0181   0.0646   0.2783   0.0127
   0.0021   0.9895   0.0000   0.0039   0.0113   0.0000   0.0252   0.0000   0.0323
   0.0017   0.0000   0.9853   0.0000   0.0000   0.0000   0.0000   0.0000   0.0271
   0.0010   0.0012   0.0000   0.9806   0.0048   0.0130   0.0039   0.2586   0.0124
   0.0004   0.0008   0.0000   0.0011   0.9580   0.0057   0.0000   0.0959   0.0092
   0.0001   0.0000   0.0000   0.0013   0.0024   0.9623   0.0000   0.0000   0.0025
   0.0001   0.0001   0.0000   0.0001   0.0000   0.0000   0.9062   0.0081   0.0000
   0.0000   0.0000   0.0000   0.0000   0.0000   0.0000   0.0000   0.3182   0.0000
   0.0000   0.0003   0.0006   0.0004   0.0013   0.0008   0.0000   0.0409   0.9038

eigenvalues of p_markov=  0.318242  0.903215  0.906146  0.955698  0.963129  0.980262  0.983343  0.988576  1.000000
eigenvalues of h_markov= 32.812662  3.563996  3.417472  0.939835  0.568285 -0.288338 -0.442377 -0.704020 -1.275242

eigenval_p,eigenval_h=  1.000000 -1.267230
psi for p_mar=   0.6658   0.1781   0.0820   0.0536   0.0126   0.0054   0.0008   0.0000   0.0018
psig**2      =   0.6658   0.1781   0.0820   0.0536   0.0126   0.0054   0.0008   0.0000   0.0018
Above 2 lines should be equal since Markov matrix has dominant state psig**2
The exception to this occurs when there is no sign problem, but some components of psig have the wrong sign, in which case one has 2 decoupled spaces with degenerate dominant eigenvalues

p_FN3=
   0.9947   0.0080   0.0140   0.0125   0.0223   0.0176   0.0663   0.5845   0.0134
   0.0021   0.9885   0.0000   0.0039   0.0114   0.0000   0.0259   0.0000   0.0340
   0.0017   0.0000   0.9819   0.0000   0.0000   0.0000   0.0000   0.0000   0.0286
   0.0010   0.0012   0.0000   0.9793   0.0049   0.0127   0.0040   0.5433   0.0131
   0.0004   0.0008   0.0000   0.0011   0.9682   0.0056   0.0000   0.2014   0.0097
   0.0001   0.0000   0.0000   0.0013   0.0024   0.9390   0.0000   0.0000   0.0026
   0.0001   0.0001   0.0000   0.0001   0.0000   0.0000   0.9295   0.0171   0.0000
   0.0000   0.0000   0.0000   0.0000   0.0000   0.0000   0.0000   0.6686   0.0000
   0.0000   0.0003   0.0006   0.0004   0.0013   0.0008   0.0000   0.0858   0.9534

eigenvalues of p_FN3=  0.668523  0.929396  0.938088  0.951768  0.968023  0.978899  0.980916  0.987470  0.999986
eigenvalues of h_FN3= 15.298596  2.254964  1.820373  1.136354  0.323590 -0.220192 -0.321065 -0.648766 -1.274535

eigenval_p,eigenval_h=  0.999986 -1.266523
psiFN3_psig  =   0.6775   0.1747   0.0708   0.0517   0.0170   0.0036   0.0010   0.0000   0.0037

p_FN4=
   0.9947   0.0080   0.0140   0.0125   0.0223   0.0176   0.0663   0.5845   0.0134
   0.0021   0.9885   0.0000   0.0039   0.0114   0.0000   0.0259   0.0000   0.0340
   0.0017   0.0000   0.9819   0.0000   0.0000   0.0000   0.0000   0.0000   0.0286
   0.0010   0.0012   0.0000   0.9792   0.0049   0.0127   0.0040   0.5433   0.0131
   0.0004   0.0008   0.0000   0.0012   0.9681   0.0056   0.0000   0.2014   0.0097
   0.0001   0.0000   0.0000   0.0013   0.0024   0.9389   0.0000   0.0000   0.0026
   0.0001   0.0001   0.0000   0.0001   0.0000   0.0000   0.9295   0.0171   0.0000
   0.0000   0.0000   0.0000   0.0000   0.0000   0.0000   0.0000   0.6686   0.0001
   0.0000   0.0003   0.0006   0.0004   0.0014   0.0009   0.0000   0.0858   0.9534

eigenvalues of p_FN4=  0.668466  0.929363  0.937987  0.951643  0.967957  0.978868  0.980891  0.987442  1.000008
eigenvalues of h_FN4= 15.301441  2.256605  1.825417  1.142627  0.326900 -0.218629 -0.319796 -0.647359 -1.275661

eigenval_p,eigenval_h=  1.000008 -1.267648
psiFN4_psig  =   0.6768   0.1748   0.0708   0.0518   0.0173   0.0036   0.0011   0.0000   0.0039

E_G, E_FN1, E_FN3, E_FN4, E_0, recover_FN1, recover_FN3, recover_FN4, 1-ovlp_FN1, 1-ovlp_FN3, 1-ovlp_FN4, sign_cond_num= -1.254143 -1.267230 -1.266523 -1.267648 -1.275242 0.620 0.587 0.640 2.E-04 2.E-04 2.E-04 0.932

p_propos2=
   0.9944   0.0080   0.0141   0.0125   0.0223   0.0187   0.0670   0.3993   0.0127
   0.0021   0.9895   0.0000   0.0039   0.0114   0.0000   0.0262   0.0000   0.0323
   0.0017   0.0000   0.9853   0.0000   0.0000   0.0000   0.0000   0.0000   0.0272
   0.0010   0.0012   0.0000   0.9805   0.0049   0.0135   0.0041   0.3712   0.0124
   0.0004   0.0008   0.0000   0.0012   0.9577   0.0059   0.0000   0.1376   0.0092
   0.0001   0.0000   0.0000   0.0013   0.0024   0.9610   0.0000   0.0000   0.0025
   0.0001   0.0001   0.0000   0.0001   0.0000   0.0000   0.9027   0.0117   0.0000
   0.0000   0.0000   0.0000   0.0000   0.0000   0.0000   0.0000   0.0216   0.0001
   0.0000   0.0003   0.0006   0.0004   0.0014   0.0009   0.0000   0.0586   0.9037

eigenvalues of p_FN1_propos=  0.021543  0.902568  0.903029  0.955012  0.962159  0.980167  0.983269  0.988525  1.000000
psi for p_FN1_propos=   0.6661   0.1780   0.0817   0.0535   0.0128   0.0052   0.0008   0.0000   0.0019
psig**2 * P_L       =   0.6661   0.1780   0.0817   0.0535   0.0128   0.0052   0.0008   0.0000   0.0019
Above 2 lines should be equal since proposal part of p_FN1 has dominant state psig**2 * P_L
The exception to this occurs when there is no sign problem, but some components of psig have the wrong sign, in which case one has 2 decoupled spaces with degenerate dominant eigenvalues

pp_FN1=
 714.3189 616.3637 568.9202 624.3450 880.2203 434.7644 909.34101600.04111356.5131
 164.8817 235.2469 133.3693 165.5722 243.2206 109.6002 244.4438 410.5187 396.1965
  70.0416  61.3787 111.9526  62.1245  88.2144  43.4617  89.4802 162.7961 168.6378
  50.2248  49.7903  40.5934  94.9546  73.7801  42.7116  69.1127 160.8079 117.7660
  16.7234  17.2738  13.6137  17.4248  53.8375  13.9943  22.4616  51.1417  41.8635
   3.4997   3.2979   2.8416   4.2744   5.9302  18.6039   4.6218   9.5608   8.4723
   1.0574   1.0625   0.8452   0.9990   1.3747   0.6676  14.8931   2.8184   2.1552
   0.0032   0.0031   0.0027   0.0040   0.0054   0.0024   0.0049   1.0565   0.0091
   3.7066   4.0467   3.7424   3.9999   6.0205   2.8755   5.0643  12.3437  30.0745
1st col normalized  0.967442  0.223309  0.094861  0.068022  0.022649  0.004740  0.001432  0.000004  0.005020
2nd col normalized  0.927289  0.353917  0.092341  0.074907  0.025988  0.004962  0.001599  0.000005  0.006088
3rd col normalized  0.953718  0.223576  0.187673  0.068049  0.022822  0.004764  0.001417  0.000004  0.006274
psiFN_psig          0.677341  0.174660  0.070712  0.051715  0.017126  0.003524  0.001048  0.000003  0.003870
W=       686.823974 177.105231  71.702474  52.439515  17.365320   3.573253   1.063069   0.003281   3.923883
W_der=     1.071091  -0.057707   0.104275   0.084741   0.032968   0.002467   0.001994   0.000004   0.009908
W_der/W=   0.001559  -0.000326   0.001454   0.001616   0.001898   0.000690   0.001875   0.001360   0.002525

gradient_vmc_FD, gradient_vmc=  0.033047  0.033047
E_L_der =         -0.2547   1.1018   0.1107  -0.4659  -1.3600   3.0101  -3.1786  39.6587  -4.0374
E_L_der_increm =  -0.2547   1.1018   0.1107  -0.4659  -1.3600   3.0101  -3.1786  39.6587  -4.0374
The above 2 lines should be equal
psiFN1_psig  =   0.6773   0.1747   0.0707   0.0517   0.0171   0.0035   0.0010   0.0000   0.0039
psig_increm**2=                 0.6658    0.1781    0.0820    0.0536    0.0126    0.0054    0.0008    0.0000    0.0018
psig_increm**2 * P_L_increm=    0.6659    0.1779    0.0817    0.0535    0.0128    0.0052    0.0008    0.0000    0.0019
psiFN_psig_increm=              0.6773    0.1747    0.0707    0.0517    0.0171    0.0035    0.0010    0.0000    0.0039
W_prod_increm                   1.0171    0.9804    0.8623    0.9653    1.3539    0.6570    1.3542    2.4015    2.1278
W_prod                          1.0171    0.9804    0.8623    0.9653    1.3539    0.6570    1.3542    2.4015    2.1278
W_prod_increm                  1.017131027   0.980415146   0.862347841   0.965323220   1.353915463   0.657026741   1.354247460   2.401465462   2.127807126
W_prod                         1.017130986   0.980415317   0.862347817   0.965323181   1.353915406   0.657026778   1.354247398   2.401465565   2.127807036
W_prod_der=                     0.4083   -1.7026    0.2331    0.3815    0.5667   -0.3714    0.6206   -1.0210    0.9048

E_FN1, E_FN1_increm, gradient_FN1_FD, gradient_FN1= -1.267230 -1.267230 -0.010201  0.015368

E_FN1, E_FN1_increm, gradient_FN1_FD, gradient_FN1= -1.267230 -1.267230 -0.010201 -0.010203

gradient_FN1_FD, gradient_FN1, 1st+2*2nd terms, gradient_FN1_1, gradient_FN1_2, gradient_FN1_3= -0.010201 -0.010203 -0.012433  0.043240 -0.025606 -0.027836
------------------------------------------------------------

Data set    3

h=
  -1.0000   0.0404   0.0718  -0.0811   0.1244  -0.0287  -0.1692  -0.0427  -0.1855
   0.0404  -0.7500   0.0116  -0.1719   0.1516  -0.0466   0.2187  -0.1013   0.0946
   0.0718   0.0116  -0.5000   0.2356  -0.0595  -0.1163   0.2479  -0.1902  -0.0795
  -0.0811  -0.1719   0.2356  -0.2500  -0.0695   0.2271   0.0548   0.1091  -0.0390
   0.1244   0.1516  -0.0595  -0.0695   0.0000  -0.1933  -0.1028  -0.1993  -0.1509
  -0.0287  -0.0466  -0.1163   0.2271  -0.1933   0.2500   0.0086  -0.2237   0.1178
  -0.1692   0.2187   0.2479   0.0548  -0.1028   0.0086   0.5000   0.0091  -0.1426
  -0.0427  -0.1013  -0.1902   0.1091  -0.1993  -0.2237   0.0091   0.7500  -0.1474
  -0.1855   0.0946  -0.0795  -0.0390  -0.1509   0.1178  -0.1426  -0.1474   1.0000

eigenval_p,eigenval_h=  1.000000 -1.090220
psi for p    =   0.9278  -0.1370  -0.2455   0.1362  -0.0797  -0.0542   0.1543  -0.0284   0.0876

eigenvalues of p=  0.955026  0.961663  0.965603  0.970181  0.980983  0.982016  0.992355  0.995933  1.000000
eigenvalues of h=  1.158502  0.826606  0.629632  0.400707 -0.139383 -0.191035 -0.707961 -0.886848 -1.090220
tau, tau_max= 0.020000 0.444697
p=
   0.9982  -0.0008  -0.0014   0.0016  -0.0025   0.0006   0.0034   0.0009   0.0037
  -0.0008   0.9932  -0.0002   0.0034  -0.0030   0.0009  -0.0044   0.0020  -0.0019
  -0.0014  -0.0002   0.9882  -0.0047   0.0012   0.0023  -0.0050   0.0038   0.0016
   0.0016   0.0034  -0.0047   0.9832   0.0014  -0.0045  -0.0011  -0.0022   0.0008
  -0.0025  -0.0030   0.0012   0.0014   0.9782   0.0039   0.0021   0.0040   0.0030
   0.0006   0.0009   0.0023  -0.0045   0.0039   0.9732  -0.0002   0.0045  -0.0024
   0.0034  -0.0044  -0.0050  -0.0011   0.0021  -0.0002   0.9682  -0.0002   0.0029
   0.0009   0.0020   0.0038  -0.0022   0.0040   0.0045  -0.0002   0.9632   0.0029
   0.0037  -0.0019   0.0016   0.0008   0.0030  -0.0024   0.0029   0.0029   0.9582

sum_p_eig,sum_abs_p_eig,sign_condition_number=  1.850582  1.861661  0.741959

p after making eigenvec +ve =
   0.9982   0.0008   0.0014   0.0016   0.0025  -0.0006   0.0034  -0.0009   0.0037
   0.0008   0.9932  -0.0002  -0.0034  -0.0030   0.0009   0.0044   0.0020   0.0019
   0.0014  -0.0002   0.9882   0.0047   0.0012   0.0023   0.0050   0.0038  -0.0016
   0.0016  -0.0034   0.0047   0.9832  -0.0014   0.0045  -0.0011   0.0022   0.0008
   0.0025  -0.0030   0.0012  -0.0014   0.9782   0.0039  -0.0021   0.0040  -0.0030
  -0.0006   0.0009   0.0023   0.0045   0.0039   0.9732   0.0002   0.0045   0.0024
   0.0034   0.0044   0.0050  -0.0011  -0.0021   0.0002   0.9682   0.0002   0.0029
  -0.0009   0.0020   0.0038   0.0022   0.0040   0.0045   0.0002   0.9632  -0.0029
   0.0037   0.0019  -0.0016   0.0008  -0.0030   0.0024   0.0029  -0.0029   0.9582

1+(E_0*1-H) (i.e. p with tau=1) after making eigenvec +ve =
   0.9098  -0.0404  -0.0718  -0.0811  -0.1244   0.0287  -0.1692   0.0427  -0.1855
  -0.0404   0.6598   0.0116   0.1719   0.1516  -0.0466  -0.2187  -0.1013  -0.0946
  -0.0718   0.0116   0.4098  -0.2356  -0.0595  -0.1163  -0.2479  -0.1902   0.0795
  -0.0811   0.1719  -0.2356   0.1598   0.0695  -0.2271   0.0548  -0.1091  -0.0390
  -0.1244   0.1516  -0.0595   0.0695  -0.0902  -0.1933   0.1028  -0.1993   0.1509
   0.0287  -0.0466  -0.1163  -0.2271  -0.1933  -0.3402  -0.0086  -0.2237  -0.1178
  -0.1692  -0.2187  -0.2479   0.0548   0.1028  -0.0086  -0.5902  -0.0091  -0.1426
   0.0427  -0.1013  -0.1902  -0.1091  -0.1993  -0.2237  -0.0091  -0.8402   0.1474
  -0.1855  -0.0946   0.0795  -0.0390   0.1509  -0.1178  -0.1426   0.1474  -1.0902
psi0         =   0.9278   0.1370   0.2455   0.1362   0.0797   0.0542   0.1543   0.0284   0.0876
psig         =   0.9066   0.0502   0.2931   0.1042   0.1544   0.0379   0.1688  -0.0249   0.1562

E_G= -1.059886

h_imp=
  -1.0000  -0.7303  -0.2222  -0.7058  -0.7304   0.6857  -0.9087  -1.5562  -1.0768
  -0.0022  -0.7500   0.0020   0.0828   0.0493  -0.0617  -0.0650   0.2043  -0.0304
  -0.0232   0.0680  -0.5000  -0.6626  -0.1130  -0.8996  -0.4305   2.2404   0.1491
  -0.0093   0.3571  -0.0838  -0.2500   0.0470  -0.6246   0.0338   0.4572  -0.0260
  -0.0212   0.4663  -0.0313   0.1030   0.0000  -0.7874   0.0940   1.2370   0.1492
   0.0012  -0.0352  -0.0150  -0.0825  -0.0474   0.2500  -0.0019   0.3407  -0.0286
  -0.0315  -0.7356  -0.1428   0.0887   0.1124  -0.0384   0.5000   0.0616  -0.1541
  -0.0012   0.0502   0.0161   0.0261   0.0321   0.1469   0.0013   0.7500  -0.0235
  -0.0319  -0.2945   0.0423  -0.0584   0.1526  -0.4855  -0.1319  -0.9253   1.0000

p_imp=
   0.9982   0.0146   0.0044   0.0141   0.0146  -0.0137   0.0182   0.0311   0.0215
   0.0000   0.9932  -0.0000  -0.0017  -0.0010   0.0012   0.0013  -0.0041   0.0006
   0.0005  -0.0014   0.9882   0.0133   0.0023   0.0180   0.0086  -0.0448  -0.0030
