Input hamiltonian
hamiltonian=random                                                                          
Input ndim, E_T, tau
ndim, E_T, tau=    9-20.000000 0.300000
Input fraction_positive, off_diag_mag, psig_noise
fraction_positive, off_diag_mag,psig_noise= 0.500000 0.500000 0.200000
psig_correct_sign
psig_correct_sign= F
Input irand_seed
irand_seed=1425565376542456

Data set    1

h=
  -1.0000   0.0800   0.1401  -0.1696   0.0630   0.1789  -0.0366  -0.0928  -0.2290
   0.0800  -0.7500   0.0859   0.2028  -0.0542   0.1379   0.1569  -0.0799  -0.2353
   0.1401   0.0859  -0.5000   0.1165  -0.2461  -0.0961  -0.2234  -0.1402   0.2370
  -0.1696   0.2028   0.1165  -0.2500  -0.0711  -0.2226   0.0454   0.1250  -0.0263
   0.0630  -0.0542  -0.2461  -0.0711   0.0000  -0.0210   0.1375  -0.2232  -0.0393
   0.1789   0.1379  -0.0961  -0.2226  -0.0210   0.2500  -0.2276  -0.1955  -0.0772
  -0.0366   0.1569  -0.2234   0.0454   0.1375  -0.2276   0.5000  -0.2075  -0.1275
  -0.0928  -0.0799  -0.1402   0.1250  -0.2232  -0.1955  -0.2075   0.7500  -0.0525
  -0.2290  -0.2353   0.2370  -0.0263  -0.0393  -0.0772  -0.1275  -0.0525   1.0000

eigenval_p,eigenval_h=  1.000000 -1.153737
psi for p    =   0.8957  -0.1375  -0.3155   0.2159  -0.1095  -0.0884  -0.0127  -0.0197   0.1112

eigenvalues of p=  0.307532  0.366468  0.447570  0.609001  0.647832  0.736600  0.836754  0.933155  1.000000
eigenvalues of h=  1.154489  0.958038  0.687698  0.149593  0.020158 -0.275736 -0.609584 -0.930919 -1.153737
tau, tau_max= 0.300000 0.433233
p=
   0.9539  -0.0240  -0.0420   0.0509  -0.0189  -0.0537   0.0110   0.0278   0.0687
  -0.0240   0.8789  -0.0258  -0.0608   0.0163  -0.0414  -0.0471   0.0240   0.0706
  -0.0420  -0.0258   0.8039  -0.0350   0.0738   0.0288   0.0670   0.0421  -0.0711
   0.0509  -0.0608  -0.0350   0.7289   0.0213   0.0668  -0.0136  -0.0375   0.0079
  -0.0189   0.0163   0.0738   0.0213   0.6539   0.0063  -0.0413   0.0670   0.0118
  -0.0537  -0.0414   0.0288   0.0668   0.0063   0.5789   0.0683   0.0587   0.0232
   0.0110  -0.0471   0.0670  -0.0136  -0.0413   0.0683   0.5039   0.0622   0.0383
   0.0278   0.0240   0.0421  -0.0375   0.0670   0.0587   0.0622   0.4289   0.0158
   0.0687   0.0706  -0.0711   0.0079   0.0118   0.0232   0.0383   0.0158   0.3539

sum_p_eig,sum_abs_p_eig,sign_condition_number=  1.905979  2.160793  0.658188

p after making eigenvec +ve =
   0.9539   0.0240   0.0420   0.0509   0.0189   0.0537  -0.0110  -0.0278   0.0687
   0.0240   0.8789  -0.0258   0.0608   0.0163  -0.0414  -0.0471   0.0240  -0.0706
   0.0420  -0.0258   0.8039   0.0350   0.0738   0.0288   0.0670   0.0421   0.0711
   0.0509   0.0608   0.0350   0.7289  -0.0213  -0.0668   0.0136   0.0375   0.0079
   0.0189   0.0163   0.0738  -0.0213   0.6539   0.0063  -0.0413   0.0670  -0.0118
   0.0537  -0.0414   0.0288  -0.0668   0.0063   0.5789   0.0683   0.0587  -0.0232
  -0.0110  -0.0471   0.0670   0.0136  -0.0413   0.0683   0.5039   0.0622  -0.0383
  -0.0278   0.0240   0.0421   0.0375   0.0670   0.0587   0.0622   0.4289  -0.0158
   0.0687  -0.0706   0.0711   0.0079  -0.0118  -0.0232  -0.0383  -0.0158   0.3539

1+(E_0*1-H) (i.e. p with tau=1) after making eigenvec +ve =
   0.8463  -0.0800  -0.1401  -0.1696  -0.0630  -0.1789   0.0366   0.0928  -0.2290
  -0.0800   0.5963   0.0859  -0.2028  -0.0542   0.1379   0.1569  -0.0799   0.2353
  -0.1401   0.0859   0.3463  -0.1165  -0.2461  -0.0961  -0.2234  -0.1402  -0.2370
  -0.1696  -0.2028  -0.1165   0.0963   0.0711   0.2226  -0.0454  -0.1250  -0.0263
  -0.0630  -0.0542  -0.2461   0.0711  -0.1537  -0.0210   0.1375  -0.2232   0.0393
  -0.1789   0.1379  -0.0961   0.2226  -0.0210  -0.4037  -0.2276  -0.1955   0.0772
   0.0366   0.1569  -0.2234  -0.0454   0.1375  -0.2276  -0.6537  -0.2075   0.1275
   0.0928  -0.0799  -0.1402  -0.1250  -0.2232  -0.1955  -0.2075  -0.9037   0.0525
  -0.2290   0.2353  -0.2370  -0.0263   0.0393   0.0772   0.1275   0.0525  -1.1537
psi0         =   0.8957   0.1375   0.3155   0.2159   0.1095   0.0884   0.0127   0.0197   0.1112
psig         =   0.8434   0.0429   0.4203   0.2014   0.2114   0.0611  -0.0703   0.1034   0.0743

E_G= -1.101429

h_imp=
  -1.0000  -1.5737  -0.2812  -0.7104  -0.2514  -2.4705  -0.4384   0.7568  -2.5993
  -0.0041  -0.7500   0.0088  -0.0432  -0.0110   0.0967  -0.0956  -0.0331   0.1357
  -0.0698   0.8423  -0.5000  -0.2432  -0.4893  -0.6612   1.3351  -0.5697  -1.3407
  -0.0405  -0.9529  -0.0558  -0.2500   0.0677   0.7340   0.1300  -0.2434  -0.0714
  -0.0158  -0.2675  -0.1238   0.0746   0.0000  -0.0728  -0.4134  -0.4562   0.1118
  -0.0130   0.1965  -0.0140   0.0675  -0.0061   0.2500   0.1977  -0.1155   0.0635
  -0.0030  -0.2574   0.0374   0.0159  -0.0457   0.2620   0.5000   0.1411  -0.1207
   0.0114  -0.1928  -0.0345  -0.0642  -0.1092  -0.3311   0.3051   0.7500   0.0732
  -0.0202   0.4078  -0.0419  -0.0097   0.0138   0.0939  -0.1347   0.0377   1.0000

p_imp=
   0.9539   0.4721   0.0844   0.2131   0.0754   0.7411   0.1315  -0.2270   0.7798
   0.0012   0.8789  -0.0026   0.0129   0.0033  -0.0290   0.0287   0.0099  -0.0407
   0.0209  -0.2527   0.8039   0.0730   0.1468   0.1984  -0.4005   0.1709   0.4022
   0.0122   0.2859   0.0168   0.7289  -0.0203  -0.2202  -0.0390   0.0730   0.0214
   0.0047   0.0802   0.0371  -0.0224   0.6539   0.0218   0.1240   0.1369  -0.0335
   0.0039  -0.0589   0.0042  -0.0203   0.0018   0.5789  -0.0593   0.0346  -0.0191
   0.0009   0.0772  -0.0112  -0.0048   0.0137  -0.0786   0.5039  -0.0423   0.0362
  -0.0034   0.0578   0.0104   0.0193   0.0328   0.0993  -0.0915   0.4289  -0.0219
   0.0061  -0.1224   0.0126   0.0029  -0.0041  -0.0282   0.0404  -0.0113   0.3539
tau_av_expon_proj    = 5.625419 0.213180 1.674004 0.813869 1.005927 0.211766 0.327860 0.424917 0.221416
tau_av_expon_proj_new= 6.504622 2.476861 1.529668 1.106517 0.866749 0.712384 0.604691 0.525283 0.464309
factor=                1.144727 2.494108 0.909957 1.302749 0.851653 2.019271 1.580601 1.210545 1.687299
factor2=                 1.1563  11.6186   0.9138   1.3596   0.8616   3.3640   1.8444   1.2362   2.0970

eigenvalues of p_imp=  0.307532  0.366468  0.447570  0.609001  0.647832  0.736600  0.836754  0.933155  1.000000
eigenvalues of h_imp=  1.154489  0.958038  0.687698  0.149593  0.020158 -0.275736 -0.609584 -0.930919 -1.153737

eigenval_p,eigenval_h=  1.000000 -1.153737
psi0_psig    =   0.7731   0.0060   0.1357   0.0445   0.0237   0.0055  -0.0009   0.0021   0.0085

imp-sampled: sum_p_eig,sum_abs_p_eig,sign_condition_number=  1.000000  1.026391  0.916834
Warning: for i=   7, p_FN1(i,i)= -8.6493E-02

p_FN1=
   0.9505   0.4721   0.0844   0.2131   0.0754   0.7411   0.1315   0.0000   0.7798
   0.0012   0.4449   0.0000   0.0129   0.0033   0.0000   0.0287   0.0099   0.0000
   0.0209   0.0000   0.7900   0.0730   0.1468   0.1984   0.0000   0.1709   0.4022
   0.0122   0.2859   0.0168   0.6815   0.0000   0.0000   0.0000   0.0730   0.0214
   0.0047   0.0802   0.0371   0.0000   0.6294   0.0218   0.1240   0.1369   0.0000
   0.0039   0.0000   0.0042   0.0000   0.0018   0.2229   0.0000   0.0346   0.0000
   0.0009   0.0772   0.0000   0.0000   0.0137   0.0000  -0.0865   0.0000   0.0362
   0.0000   0.0578   0.0104   0.0193   0.0328   0.0993   0.0000   0.1482   0.0000
   0.0061   0.0000   0.0126   0.0029   0.0000   0.0000   0.0404   0.0000   0.2386

eigenvalues of p_FN1= -0.097440  0.105988  0.224441  0.249806  0.431622  0.611378  0.683469  0.814881  0.995367
eigenvalues of h_FN1=  2.504396  1.826302  1.431461  1.346910  0.740857  0.141669 -0.098634 -0.536675 -1.138293

eigenval_p,eigenval_h=  0.995367 -1.138293
psiFN1_psig =    0.7705   0.0030   0.1383   0.0416   0.0271   0.0049   0.0015   0.0045   0.0087

E_0, E_G, E_FN1, E_G-E_0, E_FN1-E_0, rms fluctuation of E_L  -1.15374  -1.10143  -1.13829   0.05231   0.01544   0.23804
E_L     =  -1.1550  -2.5476  -1.0051  -1.1627  -0.8311  -2.0990   1.3857   0.2677  -2.7479
p_L     =   1.0050   1.4228   0.9600   1.0073   0.9078   1.2882   0.2428   0.5782   1.4829
p_abs_L =   1.0038   1.8522   0.9692   1.0501   0.9277   1.6396   0.8285   0.8542   1.5935

p_propos=
   0.9503   0.2549   0.0870   0.2030   0.0813   0.4520   0.1588   0.0000   0.4894
   0.0012   0.4745   0.0000   0.0123   0.0036   0.0000   0.0346   0.0116   0.0000
   0.0209   0.0000   0.8294   0.0695   0.1582   0.1210   0.0000   0.2001   0.2524
   0.0121   0.1543   0.0173   0.6941   0.0000   0.0000   0.0000   0.0855   0.0134
   0.0047   0.0433   0.0383   0.0000   0.7049   0.0133   0.1497   0.1602   0.0000
   0.0039   0.0000   0.0043   0.0000   0.0020   0.3531   0.0000   0.0406   0.0000
   0.0009   0.0417   0.0000   0.0000   0.0148   0.0000   0.6082   0.0000   0.0227
   0.0000   0.0312   0.0107   0.0183   0.0353   0.0606   0.0000   0.5021   0.0000
   0.0060   0.0000   0.0130   0.0028   0.0000   0.0000   0.0488   0.0000   0.2221
psig**2=         0.7113   0.0018   0.1767   0.0406   0.0447   0.0037   0.0049   0.0107   0.0055
psig**2 * P_L=   0.7149   0.0026   0.1696   0.0409   0.0406   0.0048   0.0012   0.0062   0.0082
psiFN_psig=      0.7705   0.0030   0.1383   0.0416   0.0271   0.0049   0.0015   0.0045   0.0087
p_L=             1.0050   1.4228   0.9600   1.0073   0.9078   1.2882   0.2428   0.5782   1.4829
W_prod=          1.0711   1.6180   0.7740   1.0137   0.6004   1.2965   0.3002   0.4125   1.5582

p_markov=
   0.9551   0.2549   0.0840   0.2030   0.0751   0.4520   0.1310   0.0000   0.4894
   0.0007   0.4745   0.0000   0.0070   0.0018   0.0000   0.0155   0.0054   0.0000
   0.0209   0.0000   0.8406   0.0695   0.1514   0.1210   0.0000   0.1763   0.2524
   0.0116   0.1543   0.0160   0.7004   0.0000   0.0000   0.0000   0.0695   0.0134
   0.0047   0.0433   0.0383   0.0000   0.7205   0.0133   0.1337   0.1475   0.0000
   0.0024   0.0000   0.0026   0.0000   0.0011   0.3531   0.0000   0.0211   0.0000
   0.0009   0.0417   0.0000   0.0000   0.0148   0.0000   0.6944   0.0000   0.0227
   0.0000   0.0312   0.0107   0.0183   0.0353   0.0606   0.0000   0.5801   0.0000
   0.0038   0.0000   0.0079   0.0018   0.0000   0.0000   0.0254   0.0000   0.2221

eigenvalues of p_markov=  0.215339  0.345286  0.466355  0.545508  0.663065  0.698018  0.734779  0.872364  1.000000
eigenvalues of h_markov=  1.461800  1.028644  0.625079  0.361238 -0.030619 -0.147130 -0.269667 -0.728283 -1.153737

eigenval_p,eigenval_h=  1.000000 -1.138293
psi for p_mar=   0.7113   0.0018   0.1767   0.0406   0.0447   0.0037   0.0049   0.0107   0.0055
psig**2      =   0.7113   0.0018   0.1767   0.0406   0.0447   0.0037   0.0049   0.0107   0.0055
Above 2 lines should be equal since Markov matrix has dominant state psig**2
The exception to this occurs when there is no sign problem, but some components of psig have the wrong sign, in which case one has 2 decoupled spaces with degenerate dominant eigenvalues

p_FN3=
   0.9599   0.3627   0.0807   0.2044   0.0682   0.5823   0.0318   0.0000   0.7257
   0.0007   0.6751   0.0000   0.0070   0.0016   0.0000   0.0038   0.0031   0.0000
   0.0210   0.0000   0.8070   0.0700   0.1375   0.1559   0.0000   0.1020   0.3743
   0.0116   0.2196   0.0153   0.7055   0.0000   0.0000   0.0000   0.0402   0.0199
   0.0047   0.0616   0.0368   0.0000   0.6541   0.0172   0.0325   0.0853   0.0000
   0.0024   0.0000   0.0025   0.0000   0.0010   0.4548   0.0000   0.0122   0.0000
   0.0009   0.0593   0.0000   0.0000   0.0134   0.0000   0.1686   0.0000   0.0337
   0.0000   0.0444   0.0103   0.0185   0.0321   0.0780   0.0000   0.3354   0.0000
   0.0038   0.0000   0.0076   0.0018   0.0000   0.0000   0.0062   0.0000   0.3293

eigenvalues of p_FN3=  0.165895  0.317373  0.321153  0.457922  0.623654  0.655906  0.721472  0.828503  0.997849
eigenvalues of h_FN3=  1.626613  1.121685  1.109085  0.653188  0.100751 -0.006757 -0.225311 -0.582081 -1.146568

eigenval_p,eigenval_h=  0.997849 -1.131124
psiFN3_psig  =   0.7730   0.0027   0.1382   0.0412   0.0276   0.0042   0.0017   0.0053   0.0061

p_FN4=
   0.9550   0.3627   0.0836   0.2044   0.0738   0.5823   0.0385   0.0000   0.7257
   0.0012   0.6751   0.0000   0.0124   0.0032   0.0000   0.0084   0.0067   0.0000
   0.0210   0.0000   0.7962   0.0700   0.1436   0.1559   0.0000   0.1157   0.3743
   0.0122   0.2196   0.0166   0.6992   0.0000   0.0000   0.0000   0.0494   0.0199
   0.0047   0.0616   0.0368   0.0000   0.6399   0.0172   0.0363   0.0926   0.0000
   0.0039   0.0000   0.0042   0.0000   0.0018   0.4548   0.0000   0.0234   0.0000
   0.0009   0.0593   0.0000   0.0000   0.0134   0.0000   0.1477   0.0000   0.0337
   0.0000   0.0444   0.0103   0.0185   0.0321   0.0780   0.0000   0.2903   0.0000
   0.0061   0.0000   0.0124   0.0028   0.0000   0.0000   0.0118   0.0000   0.3293

eigenvalues of p_FN4=  0.143394  0.269361  0.315404  0.458676  0.606121  0.644937  0.728528  0.820052  1.001129
eigenvalues of h_FN4=  1.701615  1.281727  1.128248  0.650678  0.159193  0.029806 -0.248829 -0.553910 -1.157500

eigenval_p,eigenval_h=  1.001129 -1.142056
psiFN4_psig  =   0.7634   0.0049   0.1376   0.0434   0.0268   0.0068   0.0020   0.0054   0.0096

E_G, E_FN1, E_FN3, E_FN4, E_0, recover_FN1, recover_FN3, recover_FN4, 1-ovlp_FN1, 1-ovlp_FN3, 1-ovlp_FN4, sign_cond_num= -1.101429 -1.138293 -1.131124 -1.142056 -1.153737 0.705 0.568 0.777 4.E-05 6.E-05 4.E-05 0.917

p_propos2=
   0.9503   0.3318   0.0879   0.2116   0.0831   0.5753   0.5418   0.0000   0.5259
   0.0012   0.3159   0.0000   0.0129   0.0036   0.0000   0.1181   0.0172   0.0000
   0.0208   0.0000   0.8277   0.0724   0.1617   0.1540   0.0000   0.2956   0.2712
   0.0121   0.2009   0.0174   0.6811   0.0000   0.0000   0.0000   0.1263   0.0144
   0.0047   0.0564   0.0387   0.0000   0.6984   0.0169   0.5108   0.2367   0.0000
   0.0039   0.0000   0.0044   0.0000   0.0020   0.1766   0.0000   0.0599   0.0000
   0.0009   0.0543   0.0000   0.0000   0.0151   0.0000  -0.3372   0.0000   0.0244
   0.0000   0.0406   0.0108   0.0191   0.0361   0.0771   0.0000   0.2643   0.0000
   0.0060   0.0000   0.0131   0.0029   0.0000   0.0000   0.1665   0.0000   0.1640

eigenvalues of p_FN1_propos= -0.361822  0.132548  0.162012  0.274727  0.320003  0.670771  0.685186  0.857999  1.000000
psi for p_FN1_propos=   0.7229   0.0026   0.1715   0.0413   0.0410   0.0049   0.0012   0.0063   0.0083
psig**2 * P_L       =   0.7229   0.0026   0.1715   0.0413   0.0410   0.0049   0.0012   0.0063   0.0083
Above 2 lines should be equal since proposal part of p_FN1 has dominant state psig**2 * P_L
The exception to this occurs when there is no sign problem, but some components of psig have the wrong sign, in which case one has 2 decoupled spaces with degenerate dominant eigenvalues

pp_FN1=
 823.10541237.9582 590.8538 775.2285 458.5044 993.3886 230.3579 315.23231193.1246
   3.1983   6.6855   2.3105   3.0954   1.8097   3.8693   0.9485   1.2619   4.6487
 146.6767 222.0116 111.0532 139.6784  84.2138 178.8001  41.4917  57.9636 215.7391
  44.2009  68.3134  32.0811  45.0011  24.8208  53.4950  12.4525  17.3494  64.3570
  28.7949  43.9919  21.3048  27.3393  19.1087  35.0867   8.4422  11.6923  42.1008
   5.2124   7.8584   3.7793   4.9230   2.9315   7.6044   1.4633   2.0635   7.5762
   1.5980   2.5472   1.1595   1.5151   0.9326   1.9345   1.3822   0.6241   2.3680
   4.7343   7.3360   3.5068   4.5701   2.7962   5.9065   1.3512   3.0611   6.9245
   9.2609  13.9666   6.7455   8.7612   5.2034  11.2072   2.6494   3.5787  14.8012
1st col normalized  0.982433  0.003817  0.175069  0.052757  0.034369  0.006221  0.001907  0.005651  0.011054
2nd col normalized  0.982137  0.005304  0.176134  0.054197  0.034901  0.006235  0.002021  0.005820  0.011080
3rd col normalized  0.980675  0.003835  0.184322  0.053247  0.035361  0.006273  0.001924  0.005820  0.011196
psiFN_psig          0.770463  0.003006  0.138260  0.041576  0.027141  0.004892  0.001501  0.004463  0.008697
W=       781.249772   3.047951 140.195544  42.158265  27.521168   4.960878   1.522391   4.525244   8.818788
W_der=   -17.137788  -0.115272  -3.134341  -0.930575  -0.613632  -0.112478  -0.033393  -0.102009  -0.201563
W_der/W=  -0.021936  -0.037820  -0.022357  -0.022073  -0.022297  -0.022673  -0.021935  -0.022542  -0.022856

gradient_vmc_FD, gradient_vmc= -0.123976 -0.123976
Warning: for i=   7, p_FN1(i,i)= -8.6493E-02
E_L_der =         -0.0948  41.9393   0.2044  -1.0070  -0.2564   2.2566  -2.2308  -0.7722   3.1670
E_L_der_increm =  -0.0948  41.9392   0.2044  -1.0070  -0.2564   2.2566  -2.2308  -0.7722   3.1670
The above 2 lines should be equal
psiFN1_psig  =   0.7705   0.0030   0.1383   0.0416   0.0271   0.0049   0.0015   0.0045   0.0087
psig_increm**2=                 0.7113    0.0018    0.1767    0.0406    0.0447    0.0037    0.0049    0.0107    0.0055
psig_increm**2 * P_L_increm=    0.7149    0.0026    0.1696    0.0409    0.0406    0.0048    0.0012    0.0062    0.0082
psiFN_psig_increm=              0.7705    0.0030    0.1383    0.0416    0.0271    0.0049    0.0015    0.0045    0.0087
W_prod_increm                   1.0711    1.6180    0.7740    1.0137    0.6004    1.2965    0.3002    0.4125    1.5582
W_prod                          1.0711    1.6180    0.7740    1.0137    0.6004    1.2965    0.3002    0.4125    1.5582
W_prod_increm                  1.071128693   1.618019166   0.774011952   1.013700493   0.600380251   1.296461128   0.300162096   0.412489018   1.558189536
W_prod                         1.071128693   1.618019900   0.774011987   1.013700385   0.600380236   1.296461251   0.300162022   0.412488984   1.558189750
W_prod_der=                    -0.0095   -7.3475   -0.3547    1.0851    0.1403   -1.2310    0.7341    0.3384   -2.1404

E_FN1, E_FN1_increm, gradient_FN1_FD, gradient_FN1= -1.138293 -1.138293 -0.083559 -0.133373

E_FN1, E_FN1_increm, gradient_FN1_FD, gradient_FN1= -1.138293 -1.138293 -0.083559 -0.083559

gradient_FN1_FD, gradient_FN1, 1st+2*2nd terms, gradient_FN1_1, gradient_FN1_2, gradient_FN1_3= -0.083559 -0.083559 -0.069217 -0.197668  0.049883  0.064226
------------------------------------------------------------

Data set    2

h=
  -1.0000   0.2078   0.2465  -0.1774   0.1550   0.0818   0.1172   0.0597   0.0351
   0.2078  -0.7500   0.0317   0.1078  -0.1529   0.2204  -0.0884   0.0460  -0.1722
   0.2465   0.0317  -0.5000  -0.0188   0.1205   0.0786   0.1065   0.0542  -0.2134
  -0.1774   0.1078  -0.0188  -0.2500   0.1196   0.2078   0.0252   0.1955   0.1204
   0.1550  -0.1529   0.1205   0.1196   0.0000  -0.1889   0.1373  -0.1491  -0.1836
   0.0818   0.2204   0.0786   0.2078  -0.1889   0.2500   0.0471   0.2473  -0.0761
   0.1172  -0.0884   0.1065   0.0252   0.1373   0.0471   0.5000  -0.0512   0.1073
   0.0597   0.0460   0.0542   0.1955  -0.1491   0.2473  -0.0512   0.7500  -0.1677
   0.0351  -0.1722  -0.2134   0.1204  -0.1836  -0.0761   0.1073  -0.1677   1.0000

eigenval_p,eigenval_h=  1.000000 -1.275242
psi for p    =   0.8174  -0.4330  -0.2248   0.2275  -0.1681  -0.0167  -0.0476  -0.0495  -0.0940

eigenvalues of p=  0.258397  0.352381  0.444487  0.544774  0.623958  0.705654  0.781598  0.845597  1.000000
eigenvalues of h=  1.196769  0.883489  0.576467  0.242178 -0.021770 -0.294090 -0.547235 -0.760567 -1.275242
tau, tau_max= 0.300000 0.404529
p=
   0.9174  -0.0623  -0.0740   0.0532  -0.0465  -0.0245  -0.0352  -0.0179  -0.0105
  -0.0623   0.8424  -0.0095  -0.0323   0.0459  -0.0661   0.0265  -0.0138   0.0516
  -0.0740  -0.0095   0.7674   0.0056  -0.0361  -0.0236  -0.0319  -0.0163   0.0640
   0.0532  -0.0323   0.0056   0.6924  -0.0359  -0.0623  -0.0076  -0.0587  -0.0361
  -0.0465   0.0459  -0.0361  -0.0359   0.6174   0.0567  -0.0412   0.0447   0.0551
  -0.0245  -0.0661  -0.0236  -0.0623   0.0567   0.5424  -0.0141  -0.0742   0.0228
  -0.0352   0.0265  -0.0319  -0.0076  -0.0412  -0.0141   0.4674   0.0154  -0.0322
  -0.0179  -0.0138  -0.0163  -0.0587   0.0447  -0.0742   0.0154   0.3924   0.0503
  -0.0105   0.0516   0.0640  -0.0361   0.0551   0.0228  -0.0322   0.0503   0.3174

sum_p_eig,sum_abs_p_eig,sign_condition_number=  2.078525  2.273544  0.741606

p after making eigenvec +ve =
   0.9174   0.0623   0.0740   0.0532   0.0465   0.0245   0.0352   0.0179   0.0105
   0.0623   0.8424  -0.0095   0.0323   0.0459  -0.0661   0.0265  -0.0138   0.0516
   0.0740  -0.0095   0.7674  -0.0056  -0.0361  -0.0236  -0.0319  -0.0163   0.0640
   0.0532   0.0323  -0.0056   0.6924   0.0359   0.0623   0.0076   0.0587   0.0361
   0.0465   0.0459  -0.0361   0.0359   0.6174   0.0567  -0.0412   0.0447   0.0551
   0.0245  -0.0661  -0.0236   0.0623   0.0567   0.5424  -0.0141  -0.0742   0.0228
   0.0352   0.0265  -0.0319   0.0076  -0.0412  -0.0141   0.4674   0.0154  -0.0322
   0.0179  -0.0138  -0.0163   0.0587   0.0447  -0.0742   0.0154   0.3924   0.0503
   0.0105   0.0516   0.0640   0.0361   0.0551   0.0228  -0.0322   0.0503   0.3174

1+(E_0*1-H) (i.e. p with tau=1) after making eigenvec +ve =
   0.7248  -0.2078  -0.2465  -0.1774  -0.1550  -0.0818  -0.1172  -0.0597  -0.0351
  -0.2078   0.4748   0.0317  -0.1078  -0.1529   0.2204  -0.0884   0.0460  -0.1722
  -0.2465   0.0317   0.2248   0.0188   0.1205   0.0786   0.1065   0.0542  -0.2134
  -0.1774  -0.1078   0.0188  -0.0252  -0.1196  -0.2078  -0.0252  -0.1955  -0.1204
  -0.1550  -0.1529   0.1205  -0.1196  -0.2752  -0.1889   0.1373  -0.1491  -0.1836
  -0.0818   0.2204   0.0786  -0.2078  -0.1889  -0.5252   0.0471   0.2473  -0.0761
  -0.1172  -0.0884   0.1065  -0.0252   0.1373   0.0471  -0.7752  -0.0512   0.1073
  -0.0597   0.0460   0.0542  -0.1955  -0.1491   0.2473  -0.0512  -1.0252  -0.1677
  -0.0351  -0.1722  -0.2134  -0.1204  -0.1836  -0.0761   0.1073  -0.1677  -1.2752
psi0         =   0.8174   0.4330   0.2248   0.2275   0.1681   0.0167   0.0476   0.0495   0.0940
psig         =   0.8159   0.4220   0.2863   0.2314   0.1125   0.0732   0.0278   0.0012   0.0426

E_G= -1.254143

h_imp=
  -1.0000  -0.4018  -0.7026  -0.6254  -1.1247  -0.9110  -3.4382 -41.9462  -0.6723
  -0.1075  -0.7500   0.0467  -0.1966  -0.5740   1.2703  -1.3414  16.7369  -1.7039
  -0.0865   0.0215  -0.5000   0.0232   0.3067   0.3072   1.0960  13.3785  -1.4328
  -0.0503  -0.0591   0.0152  -0.2500  -0.2461  -0.6567  -0.2097 -38.9877  -0.6534
  -0.0214  -0.0408   0.0473  -0.0581   0.0000  -0.2901   0.5551 -14.4501  -0.4843
  -0.0073   0.0382   0.0201  -0.0657  -0.1230   0.2500   0.1239  15.6027  -0.1307
  -0.0040  -0.0058   0.0103  -0.0030   0.0340   0.0179   0.5000  -1.2272   0.0700
  -0.0001   0.0001   0.0002  -0.0010  -0.0015   0.0039  -0.0021   0.7500  -0.0046
  -0.0018  -0.0174  -0.0318  -0.0222  -0.0696  -0.0443   0.1644  -6.1603   1.0000

p_imp=
   0.9174   0.1205   0.2108   0.1876   0.3374   0.2733   1.0315  12.5839   0.2017
   0.0322   0.8424  -0.0140   0.0590   0.1722  -0.3811   0.4024  -5.0211   0.5112
   0.0260  -0.0064   0.7674  -0.0070  -0.0920  -0.0922  -0.3288  -4.0135   0.4298
   0.0151   0.0177  -0.0046   0.6924   0.0738   0.1970   0.0629  11.6963   0.1960
   0.0064   0.0122  -0.0142   0.0174   0.6174   0.0870  -0.1665   4.3350   0.1453
   0.0022  -0.0115  -0.0060   0.0197   0.0369   0.5424  -0.0372  -4.6808   0.0392
   0.0012   0.0017  -0.0031   0.0009  -0.0102  -0.0054   0.4674   0.3681  -0.0210
   0.0000  -0.0000  -0.0001   0.0003   0.0005  -0.0012   0.0006   0.3924   0.0014
   0.0006   0.0052   0.0095   0.0067   0.0209   0.0133  -0.0493   1.8481   0.3174
tau_av_expon_proj    = 3.585317 1.710206 1.143912 1.004750 0.403276 0.285590 0.144281 0.006734 0.194102
tau_av_expon_proj_new= 3.633167 1.903884 1.289920 0.975379 0.784165 0.655634 0.563303 0.493768 0.439514
factor=                1.013257 1.107082 1.119846 0.970337 1.625353 1.758403 2.104056 2.681459 1.747821
factor2=                 1.0133   1.1132   1.1276   0.9708   1.9445   2.2957   3.9042  73.3194   2.2643

eigenvalues of p_imp=  0.258397  0.352381  0.444487  0.544774  0.623958  0.705654  0.781598  0.845597  1.000000
eigenvalues of h_imp=  1.196769  0.883489  0.576467  0.242178 -0.021770 -0.294090 -0.547235 -0.760567 -1.275242

eigenval_p,eigenval_h=  1.000000 -1.275242
psi0_psig    =   0.6722   0.1842   0.0649   0.0531   0.0190   0.0012   0.0013   0.0001   0.0040

imp-sampled: sum_p_eig,sum_abs_p_eig,sign_condition_number=  1.000000  1.021183  0.932513
Warning: for i=   7, p_FN1(i,i)= -1.1442E-01
Warning: for i=   8, p_FN1(i,i)= -1.3323E+01

p_FN1=
   0.9174   0.1205   0.2108   0.1876   0.3374   0.2733   1.0315  12.5839   0.2017
   0.0322   0.8245   0.0000   0.0590   0.1722   0.0000   0.4024   0.0000   0.5112
   0.0260   0.0000   0.7255   0.0000   0.0000   0.0000   0.0000   0.0000   0.4298
   0.0151   0.0177   0.0000   0.6855   0.0738   0.1970   0.0629  11.6963   0.1960
   0.0064   0.0122   0.0000   0.0174   0.5152   0.0870   0.0000   4.3350   0.1453
   0.0022   0.0000   0.0000   0.0197   0.0369   0.0626   0.0000   0.0000   0.0392
   0.0012   0.0017   0.0000   0.0009   0.0000   0.0000  -0.1144   0.3681   0.0000
   0.0000   0.0000   0.0000   0.0003   0.0005   0.0000   0.0006 -13.3230   0.0014
   0.0006   0.0052   0.0095   0.0067   0.0209   0.0133   0.0000   1.8481   0.2964

eigenvalues of p_FN1=-13.323585 -0.116295  0.049263  0.270137  0.512997  0.680137  0.710421  0.809040  0.997596
eigenvalues of h_FN1= 46.470042  2.445741  1.893883  1.157635  0.348101 -0.209031 -0.309977 -0.638709 -1.267230

eigenval_p,eigenval_h=  0.997596 -1.267230
psiFN1_psig =    0.6773   0.1747   0.0707   0.0517   0.0171   0.0035   0.0010   0.0000   0.0039

E_0, E_G, E_FN1, E_G-E_0, E_FN1-E_0, rms fluctuation of E_L  -1.27524  -1.25414  -1.26723   0.02110   0.00801   0.23158
E_L     =  -1.2789  -1.2150  -1.0945  -1.1988  -1.7983  -0.0528  -2.5520 -56.3035  -4.0119
p_L     =   1.0035   0.9843   0.9482   0.9795   1.1593   0.6357   1.3854  17.5109   1.8234
p_abs_L =   1.0011   0.9999   0.9877   0.9840   1.2591   1.1131   1.9649  31.2239   1.8420

p_propos=
   0.9164   0.1205   0.2134   0.1907   0.2680   0.2455   0.5250   0.4030   0.1095
   0.0322   0.8425   0.0000   0.0599   0.1368   0.0000   0.2048   0.0000   0.2775
   0.0259   0.0000   0.7770   0.0000   0.0000   0.0000   0.0000   0.0000   0.2334
   0.0151   0.0177   0.0000   0.7037   0.0586   0.1770   0.0320   0.3746   0.1064
   0.0064   0.0122   0.0000   0.0177   0.4904   0.0782   0.0000   0.1388   0.0789
   0.0022   0.0000   0.0000   0.0200   0.0293   0.4873   0.0000   0.0000   0.0213
   0.0012   0.0017   0.0000   0.0009   0.0000   0.0000   0.2379   0.0118   0.0000
   0.0000   0.0000   0.0000   0.0003   0.0004   0.0000   0.0003   0.0126   0.0007
   0.0006   0.0052   0.0097   0.0068   0.0166   0.0119   0.0000   0.0592   0.1723
psig**2=         0.6658   0.1781   0.0820   0.0536   0.0126   0.0054   0.0008   0.0000   0.0018
psig**2 * P_L=   0.6681   0.1753   0.0777   0.0525   0.0147   0.0034   0.0011   0.0000   0.0033
psiFN_psig=      0.6773   0.1747   0.0707   0.0517   0.0171   0.0035   0.0010   0.0000   0.0039
p_L=             1.0035   0.9843   0.9482   0.9795   1.1593   0.6357   1.3854  17.5109   1.8234
W_prod=          1.0134   0.9768   0.8592   0.9618   1.3490   0.6546   1.3493   2.3927   2.1200

p_markov=
   0.9188   0.1204   0.2105   0.1874   0.2680   0.2455   0.5250   0.4030   0.1095
   0.0322   0.8484   0.0000   0.0590   0.1368   0.0000   0.2048   0.0000   0.2775
   0.0259   0.0000   0.7843   0.0000   0.0000   0.0000   0.0000   0.0000   0.2334
   0.0151   0.0177   0.0000   0.7180   0.0586   0.1770   0.0320   0.3746   0.1064
   0.0051   0.0097   0.0000   0.0138   0.4960   0.0691   0.0000   0.1388   0.0789
   0.0020   0.0000   0.0000   0.0177   0.0293   0.5011   0.0000   0.0000   0.0213
   0.0006   0.0009   0.0000   0.0005   0.0000   0.0000   0.2382   0.0118   0.0000
   0.0000   0.0000   0.0000   0.0000   0.0000   0.0000   0.0000   0.0126   0.0000
   0.0003   0.0028   0.0052   0.0036   0.0113   0.0072   0.0000   0.0592   0.1730

eigenvalues of p_markov=  0.012544  0.166804  0.237473  0.450384  0.524471  0.711317  0.754230  0.833136  1.000000
eigenvalues of h_markov=  2.016279  1.502079  1.266514  0.556811  0.309853 -0.312965 -0.456010 -0.719028 -1.275242

eigenval_p,eigenval_h=  1.000000 -1.267230
psi for p_mar=   0.6658   0.1781   0.0820   0.0536   0.0126   0.0054   0.0008   0.0000   0.0018
psig**2      =   0.6658   0.1781   0.0820   0.0536   0.0126   0.0054   0.0008   0.0000   0.0018
Above 2 lines should be equal since Markov matrix has dominant state psig**2
The exception to this occurs when there is no sign problem, but some components of psig have the wrong sign, in which case one has 2 decoupled spaces with degenerate dominant eigenvalues

p_FN3=
   0.9220   0.1185   0.1996   0.1836   0.3107   0.1561   0.7273   7.0572   0.1996
   0.0323   0.8351   0.0000   0.0578   0.1585   0.0000   0.2838   0.0000   0.5060
   0.0260   0.0000   0.7436   0.0000   0.0000   0.0000   0.0000   0.0000   0.4255
   0.0151   0.0175   0.0000   0.7032   0.0680   0.1125   0.0444   6.5595   0.1940
   0.0051   0.0096   0.0000   0.0136   0.5750   0.0439   0.0000   2.4312   0.1438
   0.0020   0.0000   0.0000   0.0174   0.0340   0.3186   0.0000   0.0000   0.0388
   0.0006   0.0009   0.0000   0.0005   0.0000   0.0000   0.3300   0.2065   0.0000
   0.0000   0.0000   0.0000   0.0000   0.0000   0.0000   0.0000   0.2201   0.0001
   0.0003   0.0028   0.0049   0.0035   0.0131   0.0046   0.0000   1.0364   0.3155

eigenvalues of p_FN3=  0.218985  0.298644  0.311321  0.328915  0.570709  0.693442  0.724996  0.818365  0.997771
eigenvalues of h_FN3=  1.328141  1.062613  1.020353  0.961706  0.155730 -0.253383 -0.358561 -0.669792 -1.267813

eigenval_p,eigenval_h=  0.997771 -1.259801
psiFN3_psig  =   0.6773   0.1758   0.0729   0.0518   0.0150   0.0042   0.0009   0.0000   0.0021

p_FN4=
   0.9196   0.1187   0.2023   0.1867   0.3107   0.1561   0.7273   7.0572   0.1996
   0.0323   0.8293   0.0000   0.0587   0.1585   0.0000   0.2838   0.0000   0.5060
   0.0260   0.0000   0.7367   0.0000   0.0000   0.0000   0.0000   0.0000   0.4255
   0.0151   0.0175   0.0000   0.6892   0.0680   0.1125   0.0444   6.5595   0.1940
   0.0064   0.0120   0.0000   0.0174   0.5685   0.0497   0.0000   2.4312   0.1438
   0.0022   0.0000   0.0000   0.0196   0.0340   0.3098   0.0000   0.0000   0.0388
   0.0012   0.0017   0.0000   0.0009   0.0000   0.0000   0.3296   0.2065   0.0000
   0.0000   0.0000   0.0000   0.0003   0.0004   0.0000   0.0005   0.2201   0.0014
   0.0006   0.0051   0.0092   0.0066   0.0192   0.0076   0.0000   1.0364   0.3142

eigenvalues of p_FN4=  0.201648  0.295720  0.302761  0.328062  0.563217  0.689457  0.720852  0.814274  1.001028
eigenvalues of h_FN4=  1.385932  1.072358  1.048889  0.964552  0.180702 -0.240098 -0.344749 -0.656154 -1.278669

eigenval_p,eigenval_h=  1.001028 -1.270656
psiFN4_psig  =   0.6694   0.1762   0.0723   0.0523   0.0192   0.0048   0.0017   0.0001   0.0040

E_G, E_FN1, E_FN3, E_FN4, E_0, recover_FN1, recover_FN3, recover_FN4, 1-ovlp_FN1, 1-ovlp_FN3, 1-ovlp_FN4, sign_cond_num= -1.254143 -1.267230 -1.259801 -1.270656 -1.275242 0.620 0.268 0.783 2.E-04 2.E-04 1.E-04 0.933

p_propos2=
   0.9166   0.1224   0.2223   0.1915   0.2911   0.4299   0.7445   0.7186   0.1106
   0.0321   0.8400   0.0000   0.0602   0.1485   0.0000   0.2905   0.0000   0.2803
   0.0259   0.0000   0.7677   0.0000   0.0000   0.0000   0.0000   0.0000   0.2357
   0.0150   0.0180   0.0000   0.7023   0.0637   0.3099   0.0454   0.6679   0.1075
   0.0064   0.0124   0.0000   0.0178   0.4465   0.1369   0.0000   0.2476   0.0797
   0.0022   0.0000   0.0000   0.0201   0.0318   0.1023   0.0000   0.0000   0.0215
   0.0012   0.0018   0.0000   0.0009   0.0000   0.0000  -0.0809   0.0210   0.0000
   0.0000   0.0000   0.0000   0.0003   0.0004   0.0000   0.0005  -0.7607   0.0008
   0.0005   0.0053   0.0101   0.0068   0.0180   0.0209   0.0000   0.1055   0.1639

eigenvalues of p_FN1_propos= -0.761015 -0.082250  0.079309  0.154073  0.448302  0.694909  0.739762  0.824616  1.000000
psi for p_FN1_propos=   0.6707   0.1760   0.0780   0.0527   0.0147   0.0034   0.0011   0.0000   0.0033
psig**2 * P_L       =   0.6707   0.1760   0.0780   0.0527   0.0147   0.0034   0.0011   0.0000   0.0033
Above 2 lines should be equal since proposal part of p_FN1 has dominant state psig**2 * P_L
The exception to this occurs when there is no sign problem, but some components of psig have the wrong sign, in which case one has 2 decoupled spaces with degenerate dominant eigenvalues

pp_FN1=
      NaN      NaN      NaN      NaN      NaN      NaN      NaN      NaN      NaN
      NaN      NaN      NaN      NaN      NaN      NaN      NaN      NaN      NaN
      NaN      NaN      NaN      NaN      NaN      NaN      NaN      NaN      NaN
      NaN      NaN      NaN      NaN      NaN      NaN      NaN      NaN      NaN
      NaN      NaN      NaN      NaN      NaN      NaN      NaN      NaN      NaN
      NaN      NaN      NaN      NaN      NaN      NaN      NaN      NaN      NaN
      NaN      NaN      NaN      NaN      NaN      NaN      NaN      NaN      NaN
      NaN      NaN      NaN      NaN      NaN      NaN      NaN      NaN      NaN
      NaN      NaN      NaN      NaN      NaN      NaN      NaN      NaN      NaN
1st col normalized       NaN       NaN       NaN       NaN       NaN       NaN       NaN       NaN       NaN
2nd col normalized       NaN       NaN       NaN       NaN       NaN       NaN       NaN       NaN       NaN
3rd col normalized       NaN       NaN       NaN       NaN       NaN       NaN       NaN       NaN       NaN
psiFN_psig          0.677341  0.174660  0.070712  0.051715  0.017126  0.003524  0.001048  0.000003  0.003870
W=              NaN        NaN        NaN        NaN        NaN        NaN        NaN        NaN        NaN
W_der=          NaN        NaN        NaN        NaN        NaN        NaN        NaN        NaN        NaN
W_der/W=        NaN        NaN        NaN        NaN        NaN        NaN        NaN        NaN        NaN

gradient_vmc_FD, gradient_vmc=  0.033047  0.033047
Warning: for i=   7, p_FN1(i,i)= -1.1442E-01
Warning: for i=   8, p_FN1(i,i)= -1.3323E+01
E_L_der =         -0.2547   1.1018   0.1107  -0.4659  -1.3600   3.0101  -3.1786  39.6587  -4.0374
E_L_der_increm =  -0.2547   1.1018   0.1107  -0.4659  -1.3600   3.0101  -3.1786  39.6587  -4.0374
The above 2 lines should be equal
psiFN1_psig  =   0.6773   0.1747   0.0707   0.0517   0.0171   0.0035   0.0010   0.0000   0.0039
psig_increm**2=                 0.6658    0.1781    0.0820    0.0536    0.0126    0.0054    0.0008    0.0000    0.0018
psig_increm**2 * P_L_increm=    0.6681    0.1753    0.0777    0.0525    0.0147    0.0034    0.0011    0.0000    0.0033
psiFN_psig_increm=              0.6773    0.1747    0.0707    0.0517    0.0171    0.0035    0.0010    0.0000    0.0039
W_prod_increm                   1.0134    0.9768    0.8592    0.9618    1.3490    0.6546    1.3493    2.3927    2.1200
W_prod                          1.0134    0.9768    0.8592    0.9618    1.3490    0.6546    1.3493    2.3927    2.1200
W_prod_increm                  1.013403138   0.976821825   0.859187248   0.961785212   1.348953225   0.654618671   1.349284006   2.392663847   2.120008496
W_prod                         1.013403099   0.976821996   0.859187226   0.961785175   1.348953170   0.654618709   1.349283945   2.392663952   2.120008409
W_prod_der=                     0.3945   -1.7082    0.2217    0.3684    0.5483   -0.3780    0.6019   -1.0463    0.8757

E_FN1, E_FN1_increm, gradient_FN1_FD, gradient_FN1= -1.267230 -1.267230 -0.010203       NaN

E_FN1, E_FN1_increm, gradient_FN1_FD, gradient_FN1= -1.267230 -1.267230 -0.010203 -0.010203

gradient_FN1_FD, gradient_FN1, 1st+2*2nd terms, gradient_FN1_1, gradient_FN1_2, gradient_FN1_3= -0.010203 -0.010203 -0.012433  0.043240 -0.025606 -0.027836
------------------------------------------------------------

Data set    3

h=
  -1.0000   0.0404   0.0718  -0.0811   0.1244  -0.0287  -0.1692  -0.0427  -0.1855
   0.0404  -0.7500   0.0116  -0.1719   0.1516  -0.0466   0.2187  -0.1013   0.0946
   0.0718   0.0116  -0.5000   0.2356  -0.0595  -0.1163   0.2479  -0.1902  -0.0795
  -0.0811  -0.1719   0.2356  -0.2500  -0.0695   0.2271   0.0548   0.1091  -0.0390
   0.1244   0.1516  -0.0595  -0.0695   0.0000  -0.1933  -0.1028  -0.1993  -0.1509
  -0.0287  -0.0466  -0.1163   0.2271  -0.1933   0.2500   0.0086  -0.2237   0.1178
  -0.1692   0.2187   0.2479   0.0548  -0.1028   0.0086   0.5000   0.0091  -0.1426
  -0.0427  -0.1013  -0.1902   0.1091  -0.1993  -0.2237   0.0091   0.7500  -0.1474
  -0.1855   0.0946  -0.0795  -0.0390  -0.1509   0.1178  -0.1426  -0.1474   1.0000

eigenval_p,eigenval_h=  1.000000 -1.090220
psi for p    =   0.9278  -0.1370  -0.2455   0.1362  -0.0797  -0.0542   0.1543  -0.0284   0.0876

eigenvalues of p=  0.325383  0.424952  0.484044  0.552722  0.714749  0.730245  0.885322  0.938989  1.000000
eigenvalues of h=  1.158502  0.826606  0.629632  0.400707 -0.139383 -0.191035 -0.707961 -0.886848 -1.090220
tau, tau_max= 0.300000 0.444697
p=
   0.9729  -0.0121  -0.0216   0.0243  -0.0373   0.0086   0.0508   0.0128   0.0556
  -0.0121   0.8979  -0.0035   0.0516  -0.0455   0.0140  -0.0656   0.0304  -0.0284
  -0.0216  -0.0035   0.8229  -0.0707   0.0179   0.0349  -0.0744   0.0570   0.0238
   0.0243   0.0516  -0.0707   0.7479   0.0209  -0.0681  -0.0164  -0.0327   0.0117
  -0.0373  -0.0455   0.0179   0.0209   0.6729   0.0580   0.0308   0.0598   0.0453
   0.0086   0.0140   0.0349  -0.0681   0.0580   0.5979  -0.0026   0.0671  -0.0353
   0.0508  -0.0656  -0.0744  -0.0164   0.0308  -0.0026   0.5229  -0.0027   0.0428
   0.0128   0.0304   0.0570  -0.0327   0.0598   0.0671  -0.0027   0.4479   0.0442
   0.0556  -0.0284   0.0238   0.0117   0.0453  -0.0353   0.0428   0.0442   0.3729

sum_p_eig,sum_abs_p_eig,sign_condition_number=  1.850582  2.016775  0.750762

p after making eigenvec +ve =
   0.9729   0.0121   0.0216   0.0243   0.0373  -0.0086   0.0508  -0.0128   0.0556
   0.0121   0.8979  -0.0035  -0.0516  -0.0455   0.0140   0.0656   0.0304   0.0284
   0.0216  -0.0035   0.8229   0.0707   0.0179   0.0349   0.0744   0.0570  -0.0238
   0.0243  -0.0516   0.0707   0.7479  -0.0209   0.0681  -0.0164   0.0327   0.0117
   0.0373  -0.0455   0.0179  -0.0209   0.6729   0.0580  -0.0308   0.0598  -0.0453
  -0.0086   0.0140   0.0349   0.0681   0.0580   0.5979   0.0026   0.0671   0.0353
   0.0508   0.0656   0.0744  -0.0164  -0.0308   0.0026   0.5229   0.0027   0.0428
  -0.0128   0.0304   0.0570   0.0327   0.0598   0.0671   0.0027   0.4479  -0.0442
   0.0556   0.0284  -0.0238   0.0117  -0.0453   0.0353   0.0428  -0.0442   0.3729

1+(E_0*1-H) (i.e. p with tau=1) after making eigenvec +ve =
   0.9098  -0.0404  -0.0718  -0.0811  -0.1244   0.0287  -0.1692   0.0427  -0.1855
  -0.0404   0.6598   0.0116   0.1719   0.1516  -0.0466  -0.2187  -0.1013  -0.0946
  -0.0718   0.0116   0.4098  -0.2356  -0.0595  -0.1163  -0.2479  -0.1902   0.0795
  -0.0811   0.1719  -0.2356   0.1598   0.0695  -0.2271   0.0548  -0.1091  -0.0390
  -0.1244   0.1516  -0.0595   0.0695  -0.0902  -0.1933   0.1028  -0.1993   0.1509
   0.0287  -0.0466  -0.1163  -0.2271  -0.1933  -0.3402  -0.0086  -0.2237  -0.1178
  -0.1692  -0.2187  -0.2479   0.0548   0.1028  -0.0086  -0.5902  -0.0091  -0.1426
   0.0427  -0.1013  -0.1902  -0.1091  -0.1993  -0.2237  -0.0091  -0.8402   0.1474
  -0.1855  -0.0946   0.0795  -0.0390   0.1509  -0.1178  -0.1426   0.1474  -1.0902
psi0         =   0.9278   0.1370   0.2455   0.1362   0.0797   0.0542   0.1543   0.0284   0.0876
psig         =   0.9066   0.0502   0.2931   0.1042   0.1544   0.0379   0.1688  -0.0249   0.1562

E_G= -1.059886

h_imp=
  -1.0000  -0.7303  -0.2222  -0.7058  -0.7304   0.6857  -0.9087  -1.5562  -1.0768
  -0.0022  -0.7500   0.0020   0.0828   0.0493  -0.0617  -0.0650   0.2043  -0.0304
  -0.0232   0.0680  -0.5000  -0.6626  -0.1130  -0.8996  -0.4305   2.2404   0.1491
  -0.0093   0.3571  -0.0838  -0.2500   0.0470  -0.6246   0.0338   0.4572  -0.0260
  -0.0212   0.4663  -0.0313   0.1030   0.0000  -0.7874   0.0940   1.2370   0.1492
   0.0012  -0.0352  -0.0150  -0.0825  -0.0474   0.2500  -0.0019   0.3407  -0.0286
  -0.0315  -0.7356  -0.1428   0.0887   0.1124  -0.0384   0.5000   0.0616  -0.1541
  -0.0012   0.0502   0.0161   0.0261   0.0321   0.1469   0.0013   0.7500  -0.0235
  -0.0319  -0.2945   0.0423  -0.0584   0.1526  -0.4855  -0.1319  -0.9253   1.0000

p_imp=
