Input hamiltonian
hamiltonian=random                                                                          
Input ndim, E_T, tau_in
ndim, E_T, tau_in=    9-20.000000 0.020000
Input fraction_positive, off_diag_mag, psiG_noise
fraction_positive, off_diag_mag,psiG_noise= 0.500000 0.500000 0.010000
psiG_correct_sign
psiG_correct_sign= F
Input irand_seed
irand_seed=1425565376542456

Data set    1

H=
  -1.0000   0.0800   0.1401  -0.1696   0.0630   0.1789  -0.0366  -0.0928  -0.2290
   0.0800  -0.7500   0.0859   0.2028  -0.0542   0.1379   0.1569  -0.0799  -0.2353
   0.1401   0.0859  -0.5000   0.1165  -0.2461  -0.0961  -0.2234  -0.1402   0.2370
  -0.1696   0.2028   0.1165  -0.2500  -0.0711  -0.2226   0.0454   0.1250  -0.0263
   0.0630  -0.0542  -0.2461  -0.0711   0.0000  -0.0210   0.1375  -0.2232  -0.0393
   0.1789   0.1379  -0.0961  -0.2226  -0.0210   0.2500  -0.2276  -0.1955  -0.0772
  -0.0366   0.1569  -0.2234   0.0454   0.1375  -0.2276   0.5000  -0.2075  -0.1275
  -0.0928  -0.0799  -0.1402   0.1250  -0.2232  -0.1955  -0.2075   0.7500  -0.0525
  -0.2290  -0.2353   0.2370  -0.0263  -0.0393  -0.0772  -0.1275  -0.0525   1.0000

eigenval_p,eigenval_h=  1.000000 -1.153737
psi for P    =   0.8957  -0.1375  -0.3155   0.2159  -0.1095  -0.0884  -0.0127  -0.0197   0.1112

eigenvalues of P=  0.953835  0.957765  0.963171  0.973933  0.976522  0.982440  0.989117  0.995544  1.000000
eigenvalues of H=  1.154489  0.958038  0.687698  0.149593  0.020158 -0.275736 -0.609584 -0.930919 -1.153737
tau, tau_max= 0.020000 0.433233
P=
   0.9969  -0.0016  -0.0028   0.0034  -0.0013  -0.0036   0.0007   0.0019   0.0046
  -0.0016   0.9919  -0.0017  -0.0041   0.0011  -0.0028  -0.0031   0.0016   0.0047
  -0.0028  -0.0017   0.9869  -0.0023   0.0049   0.0019   0.0045   0.0028  -0.0047
   0.0034  -0.0041  -0.0023   0.9819   0.0014   0.0045  -0.0009  -0.0025   0.0005
  -0.0013   0.0011   0.0049   0.0014   0.9769   0.0004  -0.0028   0.0045   0.0008
  -0.0036  -0.0028   0.0019   0.0045   0.0004   0.9719   0.0046   0.0039   0.0015
   0.0007  -0.0031   0.0045  -0.0009  -0.0028   0.0046   0.9669   0.0041   0.0026
   0.0019   0.0016   0.0028  -0.0025   0.0045   0.0039   0.0041   0.9619   0.0011
   0.0046   0.0047  -0.0047   0.0005   0.0008   0.0015   0.0026   0.0011   0.9569

sum_P_eig,sum_abs_P_eig,sign_condition_number=  1.905979  1.922966  0.641680

P after making eigenvec +ve =
   0.9969   0.0016   0.0028   0.0034   0.0013   0.0036  -0.0007  -0.0019   0.0046
   0.0016   0.9919  -0.0017   0.0041   0.0011  -0.0028  -0.0031   0.0016  -0.0047
   0.0028  -0.0017   0.9869   0.0023   0.0049   0.0019   0.0045   0.0028   0.0047
   0.0034   0.0041   0.0023   0.9819  -0.0014  -0.0045   0.0009   0.0025   0.0005
   0.0013   0.0011   0.0049  -0.0014   0.9769   0.0004  -0.0028   0.0045  -0.0008
   0.0036  -0.0028   0.0019  -0.0045   0.0004   0.9719   0.0046   0.0039  -0.0015
  -0.0007  -0.0031   0.0045   0.0009  -0.0028   0.0046   0.9669   0.0041  -0.0026
  -0.0019   0.0016   0.0028   0.0025   0.0045   0.0039   0.0041   0.9619  -0.0011
   0.0046  -0.0047   0.0047   0.0005  -0.0008  -0.0015  -0.0026  -0.0011   0.9569

1+(E_0*1-H) (i.e. P with tau=1) after making eigenvec +ve =
   0.8463  -0.0800  -0.1401  -0.1696  -0.0630  -0.1789   0.0366   0.0928  -0.2290
  -0.0800   0.5963   0.0859  -0.2028  -0.0542   0.1379   0.1569  -0.0799   0.2353
  -0.1401   0.0859   0.3463  -0.1165  -0.2461  -0.0961  -0.2234  -0.1402  -0.2370
  -0.1696  -0.2028  -0.1165   0.0963   0.0711   0.2226  -0.0454  -0.1250  -0.0263
  -0.0630  -0.0542  -0.2461   0.0711  -0.1537  -0.0210   0.1375  -0.2232   0.0393
  -0.1789   0.1379  -0.0961   0.2226  -0.0210  -0.4037  -0.2276  -0.1955   0.0772
   0.0366   0.1569  -0.2234  -0.0454   0.1375  -0.2276  -0.6537  -0.2075   0.1275
   0.0928  -0.0799  -0.1402  -0.1250  -0.2232  -0.1955  -0.2075  -0.9037   0.0525
  -0.2290   0.2353  -0.2370  -0.0263   0.0393   0.0772   0.1275   0.0525  -1.1537
psi0         =   0.8957   0.1375   0.3155   0.2159   0.1095   0.0884   0.0127   0.0197   0.1112
psiG         =   0.8942   0.1331   0.3209   0.2154   0.1146   0.0871   0.0087   0.0238   0.1095
1-overlap_G  =   0.0001

E_G= -1.153615

H_imp=
  -1.0000  -0.5374  -0.3905  -0.7041  -0.4919  -1.8360   3.7674   3.4883  -1.8696
  -0.0119  -0.7500   0.0356  -0.1253  -0.0630   0.2105   2.4060  -0.4468   0.2859
  -0.0503   0.2071  -0.5000  -0.1736  -0.6895  -0.3539  -8.2615  -1.8911  -0.6944
  -0.0409  -0.3283  -0.0782  -0.2500   0.1337   0.5503  -1.1273  -1.1318  -0.0518
  -0.0081  -0.0467  -0.0879   0.0378   0.0000  -0.0276   1.8152  -1.0746   0.0411
  -0.0174   0.0903  -0.0261   0.0901  -0.0160   0.2500  -2.2854  -0.7163   0.0615
   0.0004   0.0102  -0.0060  -0.0018   0.0104  -0.0227   0.5000  -0.0757   0.0101
   0.0025  -0.0143  -0.0104  -0.0138  -0.0464  -0.0534  -0.5688   0.7500   0.0114
  -0.0280   0.1936  -0.0809  -0.0134   0.0376   0.0971   1.6093   0.2419   1.0000

P_imp=
   0.9969   0.0107   0.0078   0.0141   0.0098   0.0367  -0.0753  -0.0698   0.0374
   0.0002   0.9919  -0.0007   0.0025   0.0013  -0.0042  -0.0481   0.0089  -0.0057
   0.0010  -0.0041   0.9869   0.0035   0.0138   0.0071   0.1652   0.0378   0.0139
   0.0008   0.0066   0.0016   0.9819  -0.0027  -0.0110   0.0225   0.0226   0.0010
   0.0002   0.0009   0.0018  -0.0008   0.9769   0.0006  -0.0363   0.0215  -0.0008
   0.0003  -0.0018   0.0005  -0.0018   0.0003   0.9719   0.0457   0.0143  -0.0012
  -0.0000  -0.0002   0.0001   0.0000  -0.0002   0.0005   0.9669   0.0015  -0.0002
  -0.0000   0.0003   0.0002   0.0003   0.0009   0.0011   0.0114   0.9619  -0.0002
   0.0006  -0.0039   0.0016   0.0003  -0.0008  -0.0019  -0.0322  -0.0048   0.9569
tau_av_expon_proj    = 6.271850 0.700321 1.397422 0.862175 0.671876 0.317315 0.045786 0.110297 0.330488
tau_av_expon_proj_new= 6.504622 2.476861 1.529668 1.106517 0.866749 0.712384 0.604691 0.525283 0.464309
factor=                1.036434 2.048801 1.090301 1.247100 1.252112 1.741198 2.520060 2.203448 1.334044
factor2=                 1.0371   3.5368   1.0946   1.2834   1.2900   2.2450  13.2070   4.7624   1.4049

eigenvalues of P_imp=  0.953835  0.957765  0.963171  0.973933  0.976522  0.982440  0.989117  0.995544  1.000000
eigenvalues of H_imp=  1.154489  0.958038  0.687698  0.149593  0.020158 -0.275736 -0.609584 -0.930919 -1.153737

eigenval_p,eigenval_h=  1.000000 -1.153737
psi0_psiG    =   0.8009   0.0183   0.1012   0.0465   0.0125   0.0077   0.0001   0.0005   0.0122

imp-sampled: sum_P_eig,sum_abs_P_eig,sign_condition_number=  1.000000  1.001507  0.927480

P_FN1=
   0.9969   0.0107   0.0078   0.0141   0.0098   0.0367   0.0000   0.0000   0.0374
   0.0002   0.9819   0.0000   0.0025   0.0013   0.0000   0.0000   0.0089   0.0000
   0.0010   0.0000   0.9862   0.0035   0.0138   0.0071   0.1652   0.0378   0.0139
   0.0008   0.0066   0.0016   0.9794   0.0000   0.0000   0.0225   0.0226   0.0010
   0.0002   0.0009   0.0018   0.0000   0.9733   0.0006   0.0000   0.0215   0.0000
   0.0003   0.0000   0.0005   0.0000   0.0003   0.9548   0.0457   0.0143   0.0000
   0.0000   0.0000   0.0001   0.0000   0.0000   0.0005   0.7750   0.0015   0.0000
   0.0000   0.0003   0.0002   0.0003   0.0009   0.0011   0.0114   0.8873   0.0000
   0.0006   0.0000   0.0016   0.0003   0.0000   0.0000   0.0000   0.0000   0.9487

eigenvalues of P_FN1=  0.774614  0.886846  0.947714  0.954748  0.971552  0.976372  0.984054  0.987522  0.999999
eigenvalues of H_FN1= 10.115564  4.503973  1.460539  1.108858  0.268649  0.027653 -0.356461 -0.529832 -1.153678

eigenval_p,eigenval_h=  0.999999 -1.153678
psiFN1_psiG =    0.8006   0.0181   0.1015   0.0465   0.0127   0.0077   0.0001   0.0005   0.0122
psiFN1      =    0.8954   0.1361   0.3164   0.2157   0.1112   0.0882   0.0094   0.0224   0.1114

E_0, E_G, E_FN1, E_G-E_0, E_FN1-E_0, rms fluctuation of E_L  -1.15374  -1.15362  -1.15368   0.00012   0.00006   0.01399
E_L     =  -1.1538  -1.1754  -1.1444  -1.1541  -1.1251  -1.1857  -2.1451  -0.8561  -1.2058
P_L     =   1.0000   1.0004   0.9998   1.0000   0.9994   1.0006   1.0198   0.9940   1.0010
P_abs_L =   1.0001   1.0105   1.0005   1.0026   1.0031   1.0178   1.2118   1.0687   1.0092

P_propos=
   0.9969   0.0106   0.0078   0.0140   0.0098   0.0361   0.0000   0.0000   0.0370
   0.0002   0.9817   0.0000   0.0025   0.0013   0.0000   0.0000   0.0084   0.0000
   0.0010   0.0000   0.9864   0.0035   0.0137   0.0070   0.1364   0.0354   0.0138
   0.0008   0.0065   0.0016   0.9794   0.0000   0.0000   0.0186   0.0212   0.0010
   0.0002   0.0009   0.0018   0.0000   0.9739   0.0005   0.0000   0.0201   0.0000
   0.0003   0.0000   0.0005   0.0000   0.0003   0.9549   0.0377   0.0134   0.0000
   0.0000   0.0000   0.0001   0.0000   0.0000   0.0004   0.7979   0.0014   0.0000
   0.0000   0.0003   0.0002   0.0003   0.0009   0.0010   0.0094   0.9001   0.0000
   0.0006   0.0000   0.0016   0.0003   0.0000   0.0000   0.0000   0.0000   0.9482
sum P_propos  1.000000  1.000000  1.000000  1.000000  1.000000  1.000000  1.000000  1.000000  1.000000
E_FN1= -1.153678 -1.153678
psiG**2=         0.7996   0.0177   0.1030   0.0464   0.0131   0.0076   0.0001   0.0006   0.0120
psiG**2 * P_L=   0.7996   0.0177   0.1030   0.0464   0.0131   0.0076   0.0001   0.0006   0.0120
psiG_psiFN=      0.8006   0.0181   0.1015   0.0465   0.0127   0.0077   0.0001   0.0005   0.0122
P_L=             1.0000   1.0004   0.9998   1.0000   0.9994   1.0006   1.0198   0.9940   1.0010
psiFN1_by_psiG=          1.0013   1.0228   0.9860   1.0014   0.9710   1.0121   1.0775   0.9416   1.0176

P_markov=
   0.9969   0.0106   0.0078   0.0140   0.0098   0.0361   0.0000   0.0000   0.0370
   0.0002   0.9817   0.0000   0.0025   0.0012   0.0000   0.0000   0.0084   0.0000
   0.0010   0.0000   0.9865   0.0035   0.0137   0.0070   0.1364   0.0354   0.0138
   0.0008   0.0065   0.0016   0.9795   0.0000   0.0000   0.0186   0.0212   0.0010
   0.0002   0.0009   0.0018   0.0000   0.9740   0.0005   0.0000   0.0201   0.0000
   0.0003   0.0000   0.0005   0.0000   0.0003   0.9551   0.0377   0.0134   0.0000
   0.0000   0.0000   0.0001   0.0000   0.0000   0.0004   0.7979   0.0012   0.0000
   0.0000   0.0003   0.0002   0.0003   0.0009   0.0010   0.0094   0.9003   0.0000
   0.0006   0.0000   0.0016   0.0003   0.0000   0.0000   0.0000   0.0000   0.9482

eigenvalues of P_markov=  0.797666  0.899770  0.947193  0.955029  0.972184  0.976458  0.983905  0.987748  1.000000
eigenvalues of H_markov=  8.962955  3.857788  1.486633  1.094811  0.237071  0.023361 -0.348999 -0.541118 -1.153737

eigenval_p,eigenval_h=  1.000000 -1.153678
psi for P_mar=   0.7996   0.0177   0.1030   0.0464   0.0131   0.0076   0.0001   0.0006   0.0120
psiG**2      =   0.7996   0.0177   0.1030   0.0464   0.0131   0.0076   0.0001   0.0006   0.0120
Above 2 lines should be equal since Markov matrix has dominant state psiG**2
The exception to this occurs when there is no sign problem, but some components of psiG have the wrong sign, in which case one has 2 decoupled spaces with degenerate dominant eigenvalues

P_FN3=
   0.9969   0.0106   0.0078   0.0140   0.0098   0.0361   0.0000   0.0000   0.0371
   0.0002   0.9821   0.0000   0.0025   0.0012   0.0000   0.0000   0.0083   0.0000
   0.0010   0.0000   0.9863   0.0035   0.0137   0.0070   0.1391   0.0352   0.0138
   0.0008   0.0065   0.0016   0.9795   0.0000   0.0000   0.0190   0.0211   0.0010
   0.0002   0.0009   0.0018   0.0000   0.9735   0.0005   0.0000   0.0200   0.0000
   0.0003   0.0000   0.0005   0.0000   0.0003   0.9557   0.0385   0.0133   0.0000
   0.0000   0.0000   0.0001   0.0000   0.0000   0.0004   0.8138   0.0012   0.0000
   0.0000   0.0003   0.0002   0.0003   0.0009   0.0010   0.0096   0.8949   0.0000
   0.0006   0.0000   0.0016   0.0003   0.0000   0.0000   0.0000   0.0000   0.9492
E_FN3= -1.153677 -1.153677

eigenvalues of P_FN3=  0.813440  0.894486  0.948153  0.955625  0.971717  0.976533  0.984190  0.987566  1.000000
eigenvalues of H_FN3=  8.174328  4.122021  1.438670  1.065077  0.260462  0.019671 -0.363180 -0.531967 -1.153677

eigenval_p,eigenval_h=  1.000000 -1.153677
psiFN3_psiG  =   0.8006   0.0181   0.1015   0.0465   0.0127   0.0077   0.0001   0.0005   0.0122
psiFN3      =    0.8954   0.1361   0.3164   0.2157   0.1113   0.0882   0.0093   0.0224   0.1113

P_FN4=
   0.9969   0.0106   0.0078   0.0140   0.0098   0.0361   0.0000   0.0000   0.0371
   0.0002   0.9821   0.0000   0.0025   0.0013   0.0000   0.0000   0.0083   0.0000
   0.0010   0.0000   0.9862   0.0035   0.0137   0.0070   0.1391   0.0352   0.0138
   0.0008   0.0065   0.0016   0.9794   0.0000   0.0000   0.0190   0.0211   0.0010
   0.0002   0.0009   0.0018   0.0000   0.9734   0.0005   0.0000   0.0200   0.0000
   0.0003   0.0000   0.0005   0.0000   0.0003   0.9555   0.0385   0.0133   0.0000
   0.0000   0.0000   0.0001   0.0000   0.0000   0.0004   0.8138   0.0014   0.0000
   0.0000   0.0003   0.0002   0.0003   0.0009   0.0010   0.0096   0.8948   0.0000
   0.0006   0.0000   0.0016   0.0003   0.0000   0.0000   0.0000   0.0000   0.9492
E_FN4= -1.153695 -1.153695

eigenvalues of P_FN4=  0.813386  0.894301  0.948142  0.955528  0.971654  0.976483  0.984178  0.987538  1.000000
eigenvalues of H_FN4=  8.177017  4.131271  1.439227  1.069913  0.263620  0.022182 -0.362590 -0.530568 -1.153695

eigenval_p,eigenval_h=  1.000000 -1.153695
psiFN4_psiG  =   0.8001   0.0183   0.1015   0.0466   0.0128   0.0078   0.0001   0.0006   0.0123
psiFN4      =    0.8947   0.1374   0.3164   0.2161   0.1115   0.0897   0.0113   0.0240   0.1123
FN5: sum_pos  0.002824
FN5: sum_pos  0.501278
FN5: sum_pos  0.035622
FN5: sum_pos  0.127859
FN5: sum_pos  0.181659
FN5: sum_pos  0.857897
FN5: sum_pos  9.597946
FN5: sum_pos  3.730181
FN5: sum_pos  0.409998

P_FN5=
   0.9969   0.0107   0.0078   0.0141   0.0098   0.0367   0.0000   0.0000   0.0374
   0.0002   0.9819   0.0000   0.0025   0.0013   0.0000   0.0000   0.0089   0.0000
   0.0010   0.0000   0.9862   0.0035   0.0138   0.0071   0.1652   0.0378   0.0139
   0.0008   0.0066   0.0016   0.9794   0.0000   0.0000   0.0225   0.0226   0.0010
   0.0002   0.0009   0.0018   0.0000   0.9733   0.0006   0.0000   0.0215   0.0000
   0.0003   0.0000   0.0005   0.0000   0.0003   0.9548   0.0457   0.0143   0.0000
   0.0000   0.0000   0.0001   0.0000   0.0000   0.0005   0.7770   0.0015   0.0000
   0.0000   0.0003   0.0002   0.0003   0.0009   0.0011   0.0114   0.8875   0.0000
   0.0006   0.0000   0.0016   0.0003   0.0000   0.0000   0.0000   0.0000   0.9487
E_FN5= -1.153697 -1.153679

eigenvalues of P_FN5=  0.776602  0.886990  0.947721  0.954754  0.971553  0.976372  0.984055  0.987523  0.999999
eigenvalues of H_FN5= 10.016162  4.496768  1.460220  1.108573  0.268612  0.027643 -0.356471 -0.529889 -1.153697

eigenval_p,eigenval_h=  0.999999 -1.153697
psiFN5_psiG  =   0.8006   0.0181   0.1015   0.0465   0.0127   0.0077   0.0001   0.0005   0.0122
psiFN5      =    0.8953   0.1361   0.3164   0.2157   0.1112   0.0882   0.0094   0.0224   0.1114

E_G, E_FN1, E_FN3, E_FN4, E_0, recover_FN1, recover_FN3, recover_FN4, 1-ovlp_FN1, 1-ovlp_FN3, 1-ovlp_FN4, sign_cond_num= -1.153615 -1.153678 -1.153677 -1.153695 -1.153737 0.517 0.504 0.658 1.E-05 1.E-05 1.E-05 0.927

P_propos2=
   0.9969   0.0107   0.0078   0.0141   0.0098   0.0367   0.0000   0.0000   0.0374
   0.0002   0.9815   0.0000   0.0025   0.0013   0.0000   0.0000   0.0090   0.0000
   0.0010   0.0000   0.9864   0.0035   0.0138   0.0071   0.1620   0.0380   0.0139
   0.0008   0.0066   0.0016   0.9794   0.0000   0.0000   0.0221   0.0228   0.0010
   0.0002   0.0009   0.0018   0.0000   0.9739   0.0006   0.0000   0.0216   0.0000
   0.0003   0.0000   0.0005   0.0000   0.0003   0.9542   0.0448   0.0144   0.0000
   0.0000   0.0000   0.0001   0.0000   0.0000   0.0005   0.7599   0.0015   0.0000
   0.0000   0.0003   0.0002   0.0003   0.0009   0.0011   0.0112   0.8926   0.0000
   0.0006   0.0000   0.0016   0.0003   0.0000   0.0000   0.0000   0.0000   0.9477

eigenvalues of P_FN1_propos=  0.759589  0.892093  0.946756  0.954153  0.972019  0.976296  0.983774  0.987705  1.000000
psi for P_FN1_propos=   0.7996   0.0177   0.1030   0.0464   0.0131   0.0076   0.0001   0.0006   0.0120
psiG**2 * P_L       =   0.7996   0.0177   0.1030   0.0464   0.0131   0.0076   0.0001   0.0006   0.0120
Above 2 lines should be equal since proposal part of P_FN1 has dominant state psiG**2 * P_L
The exception to this occurs when there is no sign problem, but some components of psiG have the wrong sign, in which case one has 2 decoupled spaces with degenerate dominant eigenvalues

P_L=              1.0000   1.0004   0.9998   1.0000   0.9994   1.0006   1.0198   0.9940   1.0010
P_L_der=          0.0018  -0.0639  -0.0054   0.0188   0.0095  -0.0316  -0.3616   0.0671  -0.0430
P_L_der_by_P_L=   0.0018  -0.0639  -0.0054   0.0188   0.0095  -0.0316  -0.3546   0.0675  -0.0429

P_L_der_by_P_L=   0.0018  -0.0639  -0.0054   0.0188   0.0095  -0.0316  -0.3546   0.0675  -0.0429
psiG_psiFN    =   0.8006   0.0181   0.1015   0.0465   0.0127   0.0077   0.0001   0.0005   0.0122
tmp_vec1      =   0.0014  -0.0012  -0.0005   0.0009   0.0001  -0.0002  -0.0000   0.0000  -0.0005

PP_FN1=
   1.9969   0.0107   0.0078   0.0141   0.0098   0.0367   0.0000   0.0000   0.0374
   0.0002   1.9819   0.0000   0.0025   0.0013   0.0000   0.0000   0.0089   0.0000
   0.0010   0.0000   1.9862   0.0035   0.0138   0.0071   0.1652   0.0378   0.0139
   0.0008   0.0066   0.0016   1.9794   0.0000   0.0000   0.0225   0.0226   0.0010
   0.0002   0.0009   0.0018   0.0000   1.9733   0.0006   0.0000   0.0215   0.0000
   0.0003   0.0000   0.0005   0.0000   0.0003   1.9548   0.0457   0.0143   0.0000
   0.0000   0.0000   0.0001   0.0000   0.0000   0.0005   1.7750   0.0015   0.0000
   0.0000   0.0003   0.0002   0.0003   0.0009   0.0011   0.0114   1.8873   0.0000
   0.0006   0.0000   0.0016   0.0003   0.0000   0.0000   0.0000   0.0000   1.9487
iter, W_der_by_W, change=    1  0.000184  1.8E-04

PP_FN1=
   2.9907   0.0321   0.0234   0.0420   0.0294   0.1084   0.0033   0.0014   0.1103
   0.0007   2.9461   0.0000   0.0074   0.0037   0.0000   0.0002   0.0257   0.0000
   0.0030   0.0001   2.9589   0.0103   0.0409   0.0210   0.4571   0.1094   0.0408
   0.0024   0.0195   0.0047   2.9386   0.0001   0.0001   0.0626   0.0650   0.0031
   0.0005   0.0028   0.0052   0.0000   2.9206   0.0017   0.0006   0.0616   0.0000
   0.0010   0.0000   0.0015   0.0000   0.0010   2.8664   0.1250   0.0408   0.0000
   0.0000   0.0000   0.0003   0.0001   0.0000   0.0012   2.3756   0.0040   0.0000
   0.0000   0.0008   0.0006   0.0008   0.0027   0.0030   0.0304   2.6747   0.0000
   0.0017   0.0000   0.0048   0.0008   0.0000   0.0000   0.0003   0.0001   2.8489
iter, W_der_by_W, change=    2  0.000263  7.9E-05
iter, W_der_by_W, change=    3  0.000335  7.2E-05
iter, W_der_by_W, change=    4  0.000401  6.6E-05
iter, W_der_by_W, change=    5  0.000461  6.1E-05
iter, W_der_by_W, change=    6  0.000518  5.6E-05
iter, W_der_by_W, change=    7  0.000570  5.3E-05
iter, W_der_by_W, change=    8  0.000620  4.9E-05
iter, W_der_by_W, change=    9  0.000666  4.6E-05
iter, W_der_by_W, change=   10  0.000710  4.4E-05
iter, W_der_by_W, change=   20  0.001044  2.7E-05
iter, W_der_by_W, change=   30  0.001261  1.8E-05
iter, W_der_by_W, change=   40  0.001409  1.3E-05
iter, W_der_by_W, change=   50  0.001513  8.9E-06
iter, W_der_by_W, change=   60  0.001588  6.4E-06
iter, W_der_by_W, change=   70  0.001642  4.7E-06
iter, W_der_by_W, change=   80  0.001681  3.4E-06
iter, W_der_by_W, change=   90  0.001711  2.6E-06
iter, W_der_by_W, change=  100  0.001733  1.9E-06
iter, W_der_by_W, change=  200  0.001791  5.0E-08
iter, W_der_by_W, change=  300  0.001789 -4.3E-08
iter, W_der_by_W, change=  400  0.001786 -2.2E-08
iter, W_der_by_W, change=  500  0.001784 -7.9E-09
iter, W_der_by_W, change=  600  0.001784 -2.6E-09
iter, W_der_by_W, change=  700  0.001784 -8.1E-10
iter, W_der_by_W, change=  800  0.001784 -2.4E-10
iter, W_der_by_W, change=  900  0.001784 -7.2E-11
iter, W_der_by_W, change= 1000  0.001784 -2.1E-11
Final iter, W_der_by_W, change= 1614  0.001784 -1.0E-14

PP_FN1=
1309.09791263.85271206.96821245.91821191.56711288.89131327.54821157.95071290.8981
  27.9923  85.2018  27.2567  34.0115  29.1963  28.0066  30.6470  32.1285  28.1247
 155.4462 158.4945 227.5109 163.8227 186.8207 168.3469 226.3255 181.0770 176.2834
  72.3192  89.1347  73.8335 121.0105  70.9165  72.8222  84.9345  79.7001  74.2626
  19.5554  21.6338  23.8061  20.0508  58.7132  20.9410  25.0877  27.8262  20.8617
  12.2432  12.0115  12.4165  11.9173  12.1208  34.4868  18.0064  14.3885  12.3801
   0.1250   0.1303   0.1655   0.1378   0.1440   0.1785   4.6254   0.2052   0.1372
   0.8197   1.0269   0.9953   0.9720   1.2003   1.0723   1.5422   9.8672   0.8765
  19.3631  19.0470  20.5309  19.1906  19.0671  19.5491  21.8487  18.5711  39.3309

gradient_vmc_FD, gradient_vmc= -0.005788 -0.005788
E_L_der =         -0.0894   3.1964   0.2677  -0.9414  -0.4733   1.5818  18.0804  -3.3574   2.1485
E_L_der_increm =  -0.0894   3.1964   0.2677  -0.9414  -0.4733   1.5818  18.0804  -3.3574   2.1485
The above 2 lines should be equal
psiFN1_psiG  =   0.8006   0.0181   0.1015   0.0465   0.0127   0.0077   0.0001   0.0005   0.0122
psiG_increm**2=                 0.7996    0.0177    0.1030    0.0464    0.0131    0.0076    0.0001    0.0006    0.0120
psiG_increm**2 * P_L_increm=    0.7996    0.0177    0.1030    0.0464    0.0131    0.0076    0.0001    0.0006    0.0120
psiG_psiFN1_increm=              0.8006    0.0181    0.1015    0.0465    0.0127    0.0077    0.0001    0.0005    0.0122
psiFN1_by_psiG_increm                   1.0013    1.0228    0.9860    1.0014    0.9710    1.0121    1.0775    0.9416    1.0176
psiFN1_by_psiG                          1.0013    1.0228    0.9860    1.0014    0.9710    1.0121    1.0775    0.9416    1.0176
psiFN1_by_psiG_increm                  1.001345590   1.022842027   0.986023325   1.001371788   0.971036733   1.012087014   1.077491036   0.941621785   1.017565465
psiFN1_by_psiG                         1.001345580   1.022842344   0.986023365   1.001371734   0.971036729   1.012087085   1.077491247   0.941621763   1.017565552
psiFN1_by_psiG_der=                     0.1032   -3.1703   -0.4071    0.5358    0.0382   -0.7044   -2.1089    0.2181   -0.8779

gradient_FN1_1= -0.000000 -0.005903  0.000000 -0.000000  0.000000 -0.000000 -0.000000  0.000000 -0.000000

gradient_FN1_2= -0.000010  0.001217 -0.000391 -0.000011  0.000014  0.000171  0.000157  0.000037  0.000549

gradient_FN1_3= -0.071607  0.057898  0.027180 -0.043750 -0.006031  0.012159  0.001467 -0.001789  0.026220

E_FN1, E_FN1_increm, gradient_FN1_FD, gradient_FN1= -1.153678 -1.153678 -0.002423 -0.002423

gradient_FN1_FD, gradient_FN1, 1st+2*2nd terms, gradient_FU2000, gradient_FN1_1, gradient_FN1_2, gradient_FN1_3, W_der_by_W= -0.002423 -0.002423 -0.002411 -0.002373 -0.005903  0.001734  0.001746  0.001784

 1 gradient_vmc, gradient_vmc_eval_in_dmc, gradient_FN1, gradient_FN1_1+2*gradient_FN1_3, gradient_FN1_1+W_der_by_W+gradient_FN1_3= -0.005788 -0.005920 -0.002423 -0.002411 -0.002373

 1 Ratio: Error replace 2nd by 3rd term  to  Error replace 2nd by W_der_by_W=  0.230953
------------------------------------------------------------

Data set    2

H=
  -1.0000   0.2078   0.2465  -0.1774   0.1550   0.0818   0.1172   0.0597   0.0351
   0.2078  -0.7500   0.0317   0.1078  -0.1529   0.2204  -0.0884   0.0460  -0.1722
   0.2465   0.0317  -0.5000  -0.0188   0.1205   0.0786   0.1065   0.0542  -0.2134
  -0.1774   0.1078  -0.0188  -0.2500   0.1196   0.2078   0.0252   0.1955   0.1204
   0.1550  -0.1529   0.1205   0.1196   0.0000  -0.1889   0.1373  -0.1491  -0.1836
   0.0818   0.2204   0.0786   0.2078  -0.1889   0.2500   0.0471   0.2473  -0.0761
   0.1172  -0.0884   0.1065   0.0252   0.1373   0.0471   0.5000  -0.0512   0.1073
   0.0597   0.0460   0.0542   0.1955  -0.1491   0.2473  -0.0512   0.7500  -0.1677
   0.0351  -0.1722  -0.2134   0.1204  -0.1836  -0.0761   0.1073  -0.1677   1.0000

eigenval_p,eigenval_h=  1.000000 -1.275242
psi for P    =   0.8174  -0.4330  -0.2248   0.2275  -0.1681  -0.0167  -0.0476  -0.0495  -0.0940

eigenvalues of P=  0.950560  0.956825  0.962966  0.969652  0.974931  0.980377  0.985440  0.989706  1.000000
eigenvalues of H=  1.196769  0.883489  0.576467  0.242178 -0.021770 -0.294090 -0.547235 -0.760567 -1.275242
tau, tau_max= 0.020000 0.404529
P=
   0.9945  -0.0042  -0.0049   0.0035  -0.0031  -0.0016  -0.0023  -0.0012  -0.0007
  -0.0042   0.9895  -0.0006  -0.0022   0.0031  -0.0044   0.0018  -0.0009   0.0034
  -0.0049  -0.0006   0.9845   0.0004  -0.0024  -0.0016  -0.0021  -0.0011   0.0043
   0.0035  -0.0022   0.0004   0.9795  -0.0024  -0.0042  -0.0005  -0.0039  -0.0024
  -0.0031   0.0031  -0.0024  -0.0024   0.9745   0.0038  -0.0027   0.0030   0.0037
  -0.0016  -0.0044  -0.0016  -0.0042   0.0038   0.9695  -0.0009  -0.0049   0.0015
  -0.0023   0.0018  -0.0021  -0.0005  -0.0027  -0.0009   0.9645   0.0010  -0.0021
  -0.0012  -0.0009  -0.0011  -0.0039   0.0030  -0.0049   0.0010   0.9595   0.0034
  -0.0007   0.0034   0.0043  -0.0024   0.0037   0.0015  -0.0021   0.0034   0.9545

sum_P_eig,sum_abs_P_eig,sign_condition_number=  2.078525  2.091526  0.732144

P after making eigenvec +ve =
   0.9945   0.0042   0.0049   0.0035   0.0031   0.0016   0.0023   0.0012   0.0007
   0.0042   0.9895  -0.0006   0.0022   0.0031  -0.0044   0.0018  -0.0009   0.0034
   0.0049  -0.0006   0.9845  -0.0004  -0.0024  -0.0016  -0.0021  -0.0011   0.0043
   0.0035   0.0022  -0.0004   0.9795   0.0024   0.0042   0.0005   0.0039   0.0024
   0.0031   0.0031  -0.0024   0.0024   0.9745   0.0038  -0.0027   0.0030   0.0037
   0.0016  -0.0044  -0.0016   0.0042   0.0038   0.9695  -0.0009  -0.0049   0.0015
   0.0023   0.0018  -0.0021   0.0005  -0.0027  -0.0009   0.9645   0.0010  -0.0021
   0.0012  -0.0009  -0.0011   0.0039   0.0030  -0.0049   0.0010   0.9595   0.0034
   0.0007   0.0034   0.0043   0.0024   0.0037   0.0015  -0.0021   0.0034   0.9545

1+(E_0*1-H) (i.e. P with tau=1) after making eigenvec +ve =
   0.7248  -0.2078  -0.2465  -0.1774  -0.1550  -0.0818  -0.1172  -0.0597  -0.0351
  -0.2078   0.4748   0.0317  -0.1078  -0.1529   0.2204  -0.0884   0.0460  -0.1722
  -0.2465   0.0317   0.2248   0.0188   0.1205   0.0786   0.1065   0.0542  -0.2134
  -0.1774  -0.1078   0.0188  -0.0252  -0.1196  -0.2078  -0.0252  -0.1955  -0.1204
  -0.1550  -0.1529   0.1205  -0.1196  -0.2752  -0.1889   0.1373  -0.1491  -0.1836
  -0.0818   0.2204   0.0786  -0.2078  -0.1889  -0.5252   0.0471   0.2473  -0.0761
  -0.1172  -0.0884   0.1065  -0.0252   0.1373   0.0471  -0.7752  -0.0512   0.1073
  -0.0597   0.0460   0.0542  -0.1955  -0.1491   0.2473  -0.0512  -1.0252  -0.1677
  -0.0351  -0.1722  -0.2134  -0.1204  -0.1836  -0.0761   0.1073  -0.1677  -1.2752
psi0         =   0.8174   0.4330   0.2248   0.2275   0.1681   0.0167   0.0476   0.0495   0.0940
psiG         =   0.8177   0.4325   0.2283   0.2278   0.1650   0.0198   0.0465   0.0468   0.0912
1-overlap_G  =   0.0000

E_G= -1.275177

H_imp=
  -1.0000  -0.3928  -0.8828  -0.6367  -0.7680  -3.3726  -2.0609  -1.0415  -0.3150
  -0.1099  -0.7500   0.0600  -0.2047  -0.4008   4.8096  -0.8223   0.4250  -0.8164
  -0.0688   0.0167  -0.5000   0.0188   0.1667   0.9050   0.5228   0.2644  -0.5342
  -0.0494  -0.0568   0.0187  -0.2500  -0.1651  -2.3879  -0.1234  -0.9508  -0.3007
  -0.0313  -0.0584   0.0871  -0.0866   0.0000  -1.5727   0.4873  -0.5254  -0.3323
  -0.0020   0.0101   0.0068  -0.0181  -0.0227   0.2500   0.0201   0.1047  -0.0165
  -0.0067  -0.0095   0.0217  -0.0051   0.0387   0.1105   0.5000  -0.0508   0.0547
  -0.0034   0.0050   0.0111  -0.0402  -0.0423   0.5844  -0.0516   0.7500  -0.0861
  -0.0039  -0.0363  -0.0852  -0.0482  -0.1015  -0.3502   0.2104  -0.3265   1.0000

P_imp=
   0.9945   0.0079   0.0177   0.0127   0.0154   0.0675   0.0412   0.0208   0.0063
   0.0022   0.9895  -0.0012   0.0041   0.0080  -0.0962   0.0164  -0.0085   0.0163
   0.0014  -0.0003   0.9845  -0.0004  -0.0033  -0.0181  -0.0105  -0.0053   0.0107
   0.0010   0.0011  -0.0004   0.9795   0.0033   0.0478   0.0025   0.0190   0.0060
   0.0006   0.0012  -0.0017   0.0017   0.9745   0.0315  -0.0097   0.0105   0.0066
   0.0000  -0.0002  -0.0001   0.0004   0.0005   0.9695  -0.0004  -0.0021   0.0003
   0.0001   0.0002  -0.0004   0.0001  -0.0008  -0.0022   0.9645   0.0010  -0.0011
   0.0001  -0.0001  -0.0002   0.0008   0.0008  -0.0117   0.0010   0.9595   0.0017
   0.0001   0.0007   0.0017   0.0010   0.0020   0.0070  -0.0042   0.0065   0.9545
tau_av_expon_proj    = 3.630477 1.707663 0.852130 0.944672 0.586224 0.070958 0.232622 0.271064 0.407195
tau_av_expon_proj_new= 3.633167 1.903884 1.289920 0.975379 0.784165 0.655634 0.563303 0.493768 0.439514
factor=                1.000741 1.108562 1.404095 1.031983 1.287139 2.439447 1.798655 1.569928 1.076305
factor2=                 1.0007   1.1149   1.5138   1.0325   1.3377   9.2397   2.4215   1.8216   1.0794

eigenvalues of P_imp=  0.950560  0.956825  0.962966  0.969652  0.974931  0.980377  0.985440  0.989706  1.000000
eigenvalues of H_imp=  1.196769  0.883489  0.576467  0.242178 -0.021770 -0.294090 -0.547235 -0.760567 -1.275242

eigenval_p,eigenval_h=  1.000000 -1.275242
psi0_psiG    =   0.6684   0.1873   0.0513   0.0518   0.0277   0.0003   0.0022   0.0023   0.0086

imp-sampled: sum_P_eig,sum_abs_P_eig,sign_condition_number=  1.000000  1.001214  0.941140

P_FN1=
   0.9945   0.0079   0.0177   0.0127   0.0154   0.0675   0.0412   0.0208   0.0063
   0.0022   0.9889   0.0000   0.0041   0.0080   0.0000   0.0164   0.0000   0.0163
   0.0014   0.0000   0.9804   0.0000   0.0000   0.0000   0.0000   0.0000   0.0107
   0.0010   0.0011   0.0000   0.9791   0.0033   0.0478   0.0025   0.0190   0.0060
   0.0006   0.0012   0.0000   0.0017   0.9704   0.0315   0.0000   0.0105   0.0066
   0.0000   0.0000   0.0000   0.0004   0.0005   0.8413   0.0000   0.0000   0.0003
   0.0001   0.0002   0.0000   0.0001   0.0000   0.0000   0.9397   0.0010   0.0000
   0.0001   0.0000   0.0000   0.0008   0.0008   0.0000   0.0010   0.9436   0.0017
   0.0001   0.0007   0.0017   0.0010   0.0020   0.0070   0.0000   0.0065   0.9534

eigenvalues of P_FN1=  0.841045  0.939215  0.942461  0.952310  0.969979  0.978721  0.979912  0.987610  1.000000
eigenvalues of H_FN1=  6.672495  1.764028  1.601689  1.109264  0.225798 -0.211309 -0.270840 -0.655764 -1.275221

eigenval_p,eigenval_h=  1.000000 -1.275221
psiFN1_psiG =    0.6687   0.1867   0.0516   0.0518   0.0277   0.0004   0.0022   0.0023   0.0086
psiFN1      =    0.8178   0.4317   0.2261   0.2276   0.1676   0.0193   0.0472   0.0484   0.0940

E_0, E_G, E_FN1, E_G-E_0, E_FN1-E_0, rms fluctuation of E_L  -1.27524  -1.27518  -1.27522   0.00007   0.00002   0.01033
E_L     =  -1.2754  -1.2720  -1.2626  -1.2709  -1.2951  -1.0240  -1.3177  -1.3511  -1.3464
P_L     =   1.0000   0.9999   0.9997   0.9999   1.0004   0.9950   1.0009   1.0015   1.0014
P_abs_L =   1.0000   1.0006   1.0039   1.0003   1.0045   1.1232   1.0257   1.0174   1.0025

P_propos=
   0.9945   0.0079   0.0176   0.0127   0.0153   0.0601   0.0402   0.0205   0.0063
   0.0022   0.9889   0.0000   0.0041   0.0080   0.0000   0.0160   0.0000   0.0163
   0.0014   0.0000   0.9807   0.0000   0.0000   0.0000   0.0000   0.0000   0.0107
   0.0010   0.0011   0.0000   0.9792   0.0033   0.0425   0.0024   0.0187   0.0060
   0.0006   0.0012   0.0000   0.0017   0.9701   0.0280   0.0000   0.0103   0.0066
   0.0000   0.0000   0.0000   0.0004   0.0005   0.8632   0.0000   0.0000   0.0003
   0.0001   0.0002   0.0000   0.0001   0.0000   0.0000   0.9404   0.0010   0.0000
   0.0001   0.0000   0.0000   0.0008   0.0008   0.0000   0.0010   0.9431   0.0017
   0.0001   0.0007   0.0017   0.0010   0.0020   0.0062   0.0000   0.0064   0.9521
sum P_propos  1.000000  1.000000  1.000000  1.000000  1.000000  1.000000  1.000000  1.000000  1.000000
E_FN1= -1.275221 -1.275221
psiG**2=         0.6686   0.1871   0.0521   0.0519   0.0272   0.0004   0.0022   0.0022   0.0083
psiG**2 * P_L=   0.6686   0.1871   0.0521   0.0519   0.0272   0.0004   0.0022   0.0022   0.0083
psiG_psiFN=      0.6687   0.1867   0.0516   0.0518   0.0277   0.0004   0.0022   0.0023   0.0086
P_L=             1.0000   0.9999   0.9997   0.9999   1.0004   0.9950   1.0009   1.0015   1.0014
psiFN1_by_psiG=          1.0002   0.9981   0.9900   0.9992   1.0156   0.9726   1.0143   1.0335   1.0308

P_markov=
   0.9945   0.0079   0.0176   0.0127   0.0153   0.0601   0.0402   0.0205   0.0063
   0.0022   0.9889   0.0000   0.0041   0.0080   0.0000   0.0160   0.0000   0.0163
   0.0014   0.0000   0.9807   0.0000   0.0000   0.0000   0.0000   0.0000   0.0106
   0.0010   0.0011   0.0000   0.9793   0.0033   0.0425   0.0024   0.0187   0.0060
   0.0006   0.0012   0.0000   0.0017   0.9702   0.0280   0.0000   0.0103   0.0066
   0.0000   0.0000   0.0000   0.0003   0.0004   0.8632   0.0000   0.0000   0.0003
   0.0001   0.0002   0.0000   0.0001   0.0000   0.0000   0.9404   0.0010   0.0000
   0.0001   0.0000   0.0000   0.0008   0.0008   0.0000   0.0010   0.9431   0.0017
   0.0001   0.0007   0.0017   0.0010   0.0020   0.0062   0.0000   0.0064   0.9522

eigenvalues of P_markov=  0.862936  0.939751  0.942092  0.951226  0.969783  0.978854  0.980128  0.987685  1.000000
eigenvalues of H_markov=  5.577968  1.737219  1.620145  1.163465  0.235631 -0.217923 -0.281650 -0.659499 -1.275242

eigenval_p,eigenval_h=  1.000000 -1.275221
psi for P_mar=   0.6686   0.1871   0.0521   0.0519   0.0272   0.0004   0.0022   0.0022   0.0083
psiG**2      =   0.6686   0.1871   0.0521   0.0519   0.0272   0.0004   0.0022   0.0022   0.0083
Above 2 lines should be equal since Markov matrix has dominant state psiG**2
The exception to this occurs when there is no sign problem, but some components of psiG have the wrong sign, in which case one has 2 decoupled spaces with degenerate dominant eigenvalues

P_FN3=
   0.9945   0.0079   0.0176   0.0127   0.0153   0.0598   0.0402   0.0205   0.0063
   0.0022   0.9889   0.0000   0.0041   0.0080   0.0000   0.0160   0.0000   0.0163
   0.0014   0.0000   0.9805   0.0000   0.0000   0.0000   0.0000   0.0000   0.0107
   0.0010   0.0011   0.0000   0.9792   0.0033   0.0423   0.0024   0.0187   0.0060
   0.0006   0.0012   0.0000   0.0017   0.9706   0.0279   0.0000   0.0103   0.0066
   0.0000   0.0000   0.0000   0.0003   0.0004   0.8588   0.0000   0.0000   0.0003
   0.0001   0.0002   0.0000   0.0001   0.0000   0.0000   0.9412   0.0010   0.0000
   0.0001   0.0000   0.0000   0.0008   0.0008   0.0000   0.0010   0.9445   0.0017
   0.0001   0.0007   0.0017   0.0010   0.0020   0.0062   0.0000   0.0064   0.9535
E_FN3= -1.275219 -1.275219

eigenvalues of P_FN3=  0.858609  0.940646  0.943400  0.952493  0.970150  0.978790  0.979979  0.987631  1.000000
eigenvalues of H_FN3=  5.794313  1.692473  1.554793  1.100128  0.217272 -0.214707 -0.274184 -0.656767 -1.275219

eigenval_p,eigenval_h=  1.000000 -1.275219
psiFN3_psiG  =   0.6687   0.1867   0.0516   0.0519   0.0276   0.0004   0.0022   0.0023   0.0086
psiFN3      =    0.8178   0.4317   0.2261   0.2276   0.1675   0.0193   0.0471   0.0484   0.0939

P_FN4=
   0.9945   0.0079   0.0176   0.0127   0.0153   0.0598   0.0402   0.0205   0.0063
   0.0022   0.9889   0.0000   0.0041   0.0080   0.0000   0.0160   0.0000   0.0163
   0.0014   0.0000   0.9805   0.0000   0.0000   0.0000   0.0000   0.0000   0.0107
   0.0010   0.0011   0.0000   0.9791   0.0033   0.0423   0.0024   0.0187   0.0060
   0.0006   0.0012   0.0000   0.0017   0.9705   0.0279   0.0000   0.0103   0.0066
   0.0000   0.0000   0.0000   0.0004   0.0005   0.8588   0.0000   0.0000   0.0003
   0.0001   0.0002   0.0000   0.0001   0.0000   0.0000   0.9412   0.0010   0.0000
   0.0001   0.0000   0.0000   0.0008   0.0008   0.0000   0.0010   0.9445   0.0017
   0.0001   0.0007   0.0017   0.0010   0.0020   0.0062   0.0000   0.0064   0.9535
E_FN4= -1.275214 -1.275214

eigenvalues of P_FN4=  0.858581  0.940636  0.943371  0.952420  0.970095  0.978763  0.979962  0.987621  1.000000
eigenvalues of H_FN4=  5.795744  1.692962  1.556216  1.103792  0.220024 -0.213352 -0.273323 -0.656249 -1.275214

eigenval_p,eigenval_h=  1.000000 -1.275214
psiFN4_psiG  =   0.6683   0.1867   0.0518   0.0518   0.0278   0.0004   0.0022   0.0023   0.0086
psiFN4      =    0.8173   0.4317   0.2268   0.2275   0.1682   0.0217   0.0483   0.0492   0.0941
FN5: sum_pos  0.000000
FN5: sum_pos  0.031812
FN5: sum_pos  0.205449
FN5: sum_pos  0.018824
FN5: sum_pos  0.205380
FN5: sum_pos  6.409399
FN5: sum_pos  1.240543
FN5: sum_pos  0.794033
FN5: sum_pos  0.054701

P_FN5=
   0.9945   0.0079   0.0177   0.0127   0.0154   0.0675   0.0412   0.0208   0.0063
   0.0022   0.9889   0.0000   0.0041   0.0080   0.0000   0.0164   0.0000   0.0163
   0.0014   0.0000   0.9804   0.0000   0.0000   0.0000   0.0000   0.0000   0.0107
   0.0010   0.0011   0.0000   0.9791   0.0033   0.0478   0.0025   0.0190   0.0060
   0.0006   0.0012   0.0000   0.0017   0.9704   0.0315   0.0000   0.0105   0.0066
   0.0000   0.0000   0.0000   0.0004   0.0005   0.8418   0.0000   0.0000   0.0003
   0.0001   0.0002   0.0000   0.0001   0.0000   0.0000   0.9397   0.0010   0.0000
   0.0001   0.0000   0.0000   0.0008   0.0008   0.0000   0.0010   0.9436   0.0017
   0.0001   0.0007   0.0017   0.0010   0.0020   0.0070   0.0000   0.0065   0.9534
E_FN5= -1.275237 -1.275221

eigenvalues of P_FN5=  0.841578  0.939227  0.942471  0.952314  0.969980  0.978722  0.979912  0.987610  1.000000
eigenvalues of H_FN5=  6.645851  1.763424  1.601218  1.109040  0.225746 -0.211340 -0.270867 -0.655767 -1.275237

eigenval_p,eigenval_h=  1.000000 -1.275237
psiFN5_psiG  =   0.6687   0.1867   0.0516   0.0518   0.0277   0.0004   0.0022   0.0023   0.0086
psiFN5      =    0.8178   0.4317   0.2261   0.2276   0.1676   0.0193   0.0472   0.0484   0.0940

E_G, E_FN1, E_FN3, E_FN4, E_0, recover_FN1, recover_FN3, recover_FN4, 1-ovlp_FN1, 1-ovlp_FN3, 1-ovlp_FN4, sign_cond_num= -1.275177 -1.275221 -1.275219 -1.275214 -1.275242 0.676 0.653 0.569 6.E-06 6.E-06 2.E-05 0.941

P_propos2=
   0.9945   0.0079   0.0177   0.0127   0.0154   0.0678   0.0412   0.0208   0.0063
   0.0022   0.9889   0.0000   0.0041   0.0080   0.0000   0.0164   0.0000   0.0163
   0.0014   0.0000   0.9806   0.0000   0.0000   0.0000   0.0000   0.0000   0.0107
   0.0010   0.0011   0.0000   0.9792   0.0033   0.0480   0.0025   0.0190   0.0060
   0.0006   0.0012   0.0000   0.0017   0.9700   0.0316   0.0000   0.0105   0.0066
   0.0000   0.0000   0.0000   0.0004   0.0005   0.8456   0.0000   0.0000   0.0003
   0.0001   0.0002   0.0000   0.0001   0.0000   0.0000   0.9389   0.0010   0.0000
   0.0001   0.0000   0.0000   0.0008   0.0008   0.0000   0.0010   0.9422   0.0017
   0.0001   0.0007   0.0017   0.0010   0.0020   0.0070   0.0000   0.0065   0.9520

eigenvalues of P_FN1_propos=  0.845284  0.938349  0.941127  0.951044  0.969612  0.978787  0.980060  0.987665  1.000000
psi for P_FN1_propos=   0.6686   0.1871   0.0521   0.0519   0.0272   0.0004   0.0022   0.0022   0.0083
psiG**2 * P_L       =   0.6686   0.1871   0.0521   0.0519   0.0272   0.0004   0.0022   0.0022   0.0083
Above 2 lines should be equal since proposal part of P_FN1 has dominant state psiG**2 * P_L
The exception to this occurs when there is no sign problem, but some components of psiG have the wrong sign, in which case one has 2 decoupled spaces with degenerate dominant eigenvalues

P_L=              1.0000   0.9999   0.9997   0.9999   1.0004   0.9950   1.0009   1.0015   1.0014
P_L_der=          0.0051  -0.0241  -0.0028   0.0095   0.0185  -0.2224   0.0380  -0.0197   0.0378
P_L_der_by_P_L=   0.0051  -0.0241  -0.0028   0.0095   0.0185  -0.2235   0.0380  -0.0196   0.0377

P_L_der_by_P_L=   0.0051  -0.0241  -0.0028   0.0095   0.0185  -0.2235   0.0380  -0.0196   0.0377
psiG_psiFN    =   0.6687   0.1867   0.0516   0.0518   0.0277   0.0004   0.0022   0.0023   0.0086
tmp_vec1      =   0.0034  -0.0045  -0.0001   0.0005   0.0005  -0.0001   0.0001  -0.0000   0.0003

PP_FN1=
   1.9945   0.0079   0.0177   0.0127   0.0154   0.0675   0.0412   0.0208   0.0063
   0.0022   1.9889   0.0000   0.0041   0.0080   0.0000   0.0164   0.0000   0.0163
