Input hamiltonian
hamiltonian=random                                                                          
Input ndim, E_T, tau_in
ndim, E_T, tau_in=    9-20.000000 0.020000
Input fraction_positive, off_diag_mag, psiG_noise
fraction_positive, off_diag_mag,psiG_noise= 0.500000 0.500000 0.020000
psiG_correct_sign
psiG_correct_sign= F
Input irand_seed
irand_seed=1425565376542456

Data set    1

H=
  -1.0000   0.0800   0.1401  -0.1696   0.0630   0.1789  -0.0366  -0.0928  -0.2290
   0.0800  -0.7500   0.0859   0.2028  -0.0542   0.1379   0.1569  -0.0799  -0.2353
   0.1401   0.0859  -0.5000   0.1165  -0.2461  -0.0961  -0.2234  -0.1402   0.2370
  -0.1696   0.2028   0.1165  -0.2500  -0.0711  -0.2226   0.0454   0.1250  -0.0263
   0.0630  -0.0542  -0.2461  -0.0711   0.0000  -0.0210   0.1375  -0.2232  -0.0393
   0.1789   0.1379  -0.0961  -0.2226  -0.0210   0.2500  -0.2276  -0.1955  -0.0772
  -0.0366   0.1569  -0.2234   0.0454   0.1375  -0.2276   0.5000  -0.2075  -0.1275
  -0.0928  -0.0799  -0.1402   0.1250  -0.2232  -0.1955  -0.2075   0.7500  -0.0525
  -0.2290  -0.2353   0.2370  -0.0263  -0.0393  -0.0772  -0.1275  -0.0525   1.0000

eigenval_p,eigenval_h=  1.000000 -1.153737
psi for P    =   0.8957  -0.1375  -0.3155   0.2159  -0.1095  -0.0884  -0.0127  -0.0197   0.1112

eigenvalues of P=  0.953835  0.957765  0.963171  0.973933  0.976522  0.982440  0.989117  0.995544  1.000000
eigenvalues of H=  1.154489  0.958038  0.687698  0.149593  0.020158 -0.275736 -0.609584 -0.930919 -1.153737
tau, tau_max= 0.020000 0.433233
P=
   0.9969  -0.0016  -0.0028   0.0034  -0.0013  -0.0036   0.0007   0.0019   0.0046
  -0.0016   0.9919  -0.0017  -0.0041   0.0011  -0.0028  -0.0031   0.0016   0.0047
  -0.0028  -0.0017   0.9869  -0.0023   0.0049   0.0019   0.0045   0.0028  -0.0047
   0.0034  -0.0041  -0.0023   0.9819   0.0014   0.0045  -0.0009  -0.0025   0.0005
  -0.0013   0.0011   0.0049   0.0014   0.9769   0.0004  -0.0028   0.0045   0.0008
  -0.0036  -0.0028   0.0019   0.0045   0.0004   0.9719   0.0046   0.0039   0.0015
   0.0007  -0.0031   0.0045  -0.0009  -0.0028   0.0046   0.9669   0.0041   0.0026
   0.0019   0.0016   0.0028  -0.0025   0.0045   0.0039   0.0041   0.9619   0.0011
   0.0046   0.0047  -0.0047   0.0005   0.0008   0.0015   0.0026   0.0011   0.9569

sum_P_eig,sum_abs_P_eig,sign_condition_number=  1.905979  1.922966  0.641680

P after making eigenvec +ve =
   0.9969   0.0016   0.0028   0.0034   0.0013   0.0036  -0.0007  -0.0019   0.0046
   0.0016   0.9919  -0.0017   0.0041   0.0011  -0.0028  -0.0031   0.0016  -0.0047
   0.0028  -0.0017   0.9869   0.0023   0.0049   0.0019   0.0045   0.0028   0.0047
   0.0034   0.0041   0.0023   0.9819  -0.0014  -0.0045   0.0009   0.0025   0.0005
   0.0013   0.0011   0.0049  -0.0014   0.9769   0.0004  -0.0028   0.0045  -0.0008
   0.0036  -0.0028   0.0019  -0.0045   0.0004   0.9719   0.0046   0.0039  -0.0015
  -0.0007  -0.0031   0.0045   0.0009  -0.0028   0.0046   0.9669   0.0041  -0.0026
  -0.0019   0.0016   0.0028   0.0025   0.0045   0.0039   0.0041   0.9619  -0.0011
   0.0046  -0.0047   0.0047   0.0005  -0.0008  -0.0015  -0.0026  -0.0011   0.9569

1+(E_0*1-H) (i.e. P with tau=1) after making eigenvec +ve =
   0.8463  -0.0800  -0.1401  -0.1696  -0.0630  -0.1789   0.0366   0.0928  -0.2290
  -0.0800   0.5963   0.0859  -0.2028  -0.0542   0.1379   0.1569  -0.0799   0.2353
  -0.1401   0.0859   0.3463  -0.1165  -0.2461  -0.0961  -0.2234  -0.1402  -0.2370
  -0.1696  -0.2028  -0.1165   0.0963   0.0711   0.2226  -0.0454  -0.1250  -0.0263
  -0.0630  -0.0542  -0.2461   0.0711  -0.1537  -0.0210   0.1375  -0.2232   0.0393
  -0.1789   0.1379  -0.0961   0.2226  -0.0210  -0.4037  -0.2276  -0.1955   0.0772
   0.0366   0.1569  -0.2234  -0.0454   0.1375  -0.2276  -0.6537  -0.2075   0.1275
   0.0928  -0.0799  -0.1402  -0.1250  -0.2232  -0.1955  -0.2075  -0.9037   0.0525
  -0.2290   0.2353  -0.2370  -0.0263   0.0393   0.0772   0.1275   0.0525  -1.1537
psi0         =   0.8957   0.1375   0.3155   0.2159   0.1095   0.0884   0.0127   0.0197   0.1112
psiG         =   0.8926   0.1286   0.3263   0.2149   0.1196   0.0859   0.0047   0.0279   0.1078
1-overlap_G  =   0.0002

E_G= -1.153249

H_imp=
  -1.0000  -0.5549  -0.3833  -0.7044  -0.4702  -1.8589   6.9891   2.9727  -1.8951
  -0.0115  -0.7500   0.0339  -0.1214  -0.0583   0.2064   4.3223  -0.3687   0.2807
  -0.0512   0.2179  -0.5000  -0.1769  -0.6715  -0.3650 -15.6125  -1.6417  -0.7171
  -0.0409  -0.3389  -0.0768  -0.2500   0.1278   0.5570  -2.0904  -0.9641  -0.0525
  -0.0084  -0.0504  -0.0902   0.0396   0.0000  -0.0293   3.5223  -0.9578   0.0436
  -0.0172   0.0921  -0.0253   0.0890  -0.0151   0.2500  -4.1875  -0.6028   0.0615
   0.0002   0.0057  -0.0032  -0.0010   0.0054  -0.0124   0.5000  -0.0348   0.0055
   0.0029  -0.0173  -0.0120  -0.0162  -0.0520  -0.0634  -1.2382   0.7500   0.0136
  -0.0277   0.1973  -0.0783  -0.0132   0.0354   0.0970   2.9453   0.2033   1.0000

P_imp=
   0.9969   0.0111   0.0077   0.0141   0.0094   0.0372  -0.1398  -0.0595   0.0379
   0.0002   0.9919  -0.0007   0.0024   0.0012  -0.0041  -0.0864   0.0074  -0.0056
   0.0010  -0.0044   0.9869   0.0035   0.0134   0.0073   0.3123   0.0328   0.0143
   0.0008   0.0068   0.0015   0.9819  -0.0026  -0.0111   0.0418   0.0193   0.0011
   0.0002   0.0010   0.0018  -0.0008   0.9769   0.0006  -0.0704   0.0192  -0.0009
   0.0003  -0.0018   0.0005  -0.0018   0.0003   0.9719   0.0837   0.0121  -0.0012
  -0.0000  -0.0001   0.0001   0.0000  -0.0001   0.0002   0.9669   0.0007  -0.0001
  -0.0001   0.0003   0.0002   0.0003   0.0010   0.0013   0.0248   0.9619  -0.0003
   0.0006  -0.0039   0.0016   0.0003  -0.0007  -0.0019  -0.0589  -0.0041   0.9569
tau_av_expon_proj    = 6.248828 0.678203 1.422555 0.860862 0.696520 0.313549 0.024445 0.129099 0.325776
tau_av_expon_proj_new= 6.504622 2.476861 1.529668 1.106517 0.866749 0.712384 0.604691 0.525283 0.464309
factor=                1.040108 2.067178 1.072534 1.248580 1.217013 1.750427 2.610584 2.125973 1.347651
factor2=                 1.0409   3.6521   1.0753   1.2854   1.2444   2.2720  24.7365   4.0688   1.4252

eigenvalues of P_imp=  0.953835  0.957765  0.963171  0.973933  0.976522  0.982440  0.989117  0.995544  1.000000
eigenvalues of H_imp=  1.154489  0.958038  0.687698  0.149593  0.020158 -0.275736 -0.609584 -0.930919 -1.153737

eigenval_p,eigenval_h=  1.000000 -1.153737
psi0_psiG    =   0.7996   0.0177   0.1030   0.0464   0.0131   0.0076   0.0001   0.0006   0.0120

imp-sampled: sum_P_eig,sum_abs_P_eig,sign_condition_number=  1.000000  1.001496  0.928000

P_FN1=
   0.9969   0.0111   0.0077   0.0141   0.0094   0.0372   0.0000   0.0000   0.0379
   0.0002   0.9817   0.0000   0.0024   0.0012   0.0000   0.0000   0.0074   0.0000
   0.0010   0.0000   0.9862   0.0035   0.0134   0.0073   0.3123   0.0328   0.0143
   0.0008   0.0068   0.0015   0.9794   0.0000   0.0000   0.0418   0.0193   0.0011
   0.0002   0.0010   0.0018   0.0000   0.9736   0.0006   0.0000   0.0192   0.0000
   0.0003   0.0000   0.0005   0.0000   0.0003   0.9547   0.0837   0.0121   0.0000
   0.0000   0.0000   0.0001   0.0000   0.0000   0.0002   0.6113   0.0007   0.0000
   0.0000   0.0003   0.0002   0.0003   0.0010   0.0013   0.0248   0.8984   0.0000
   0.0006   0.0000   0.0016   0.0003   0.0000   0.0000   0.0000   0.0000   0.9488

eigenvalues of P_FN1=  0.611174  0.897760  0.947814  0.954688  0.971782  0.976319  0.983899  0.987553  0.999995
eigenvalues of H_FN1= 18.287583  3.958265  1.455546  1.111871  0.257180  0.030294 -0.348696 -0.531405 -1.153498

eigenval_p,eigenval_h=  0.999995 -1.153498
psiFN1_psiG =    0.7991   0.0173   0.1035   0.0463   0.0135   0.0076   0.0000   0.0007   0.0120
psiFN1      =    0.8952   0.1346   0.3170   0.2155   0.1128   0.0879   0.0054   0.0247   0.1117

E_0, E_G, E_FN1, E_G-E_0, E_FN1-E_0, rms fluctuation of E_L  -1.15374  -1.15325  -1.15350   0.00049   0.00024   0.02837
E_L     =  -1.1539  -1.1986  -1.1352  -1.1545  -1.0986  -1.2187  -4.8497  -0.6439  -1.2599
P_L     =   1.0000   1.0009   0.9996   1.0000   0.9989   1.0013   1.0739   0.9898   1.0021
P_abs_L =   1.0001   1.0112   1.0003   1.0026   1.0023   1.0185   1.4295   1.0533   1.0102

P_propos=
   0.9969   0.0110   0.0077   0.0141   0.0094   0.0365   0.0000   0.0000   0.0375
   0.0002   0.9810   0.0000   0.0024   0.0012   0.0000   0.0000   0.0070   0.0000
   0.0010   0.0000   0.9866   0.0035   0.0134   0.0072   0.2184   0.0312   0.0142
   0.0008   0.0067   0.0015   0.9794   0.0000   0.0000   0.0292   0.0183   0.0010
   0.0002   0.0010   0.0018   0.0000   0.9747   0.0006   0.0000   0.0182   0.0000
   0.0003   0.0000   0.0005   0.0000   0.0003   0.9543   0.0586   0.0114   0.0000
   0.0000   0.0000   0.0001   0.0000   0.0000   0.0002   0.6764   0.0007   0.0000
   0.0000   0.0003   0.0002   0.0003   0.0010   0.0012   0.0173   0.9132   0.0000
   0.0006   0.0000   0.0016   0.0003   0.0000   0.0000   0.0000   0.0000   0.9472
sum P_propos  1.000000  1.000000  1.000000  1.000000  1.000000  1.000000  1.000000  1.000000  1.000000
E_FN1= -1.153498 -1.153498
psiG**2=         0.7967   0.0165   0.1065   0.0462   0.0143   0.0074   0.0000   0.0008   0.0116
psiG**2 * P_L=   0.7967   0.0166   0.1064   0.0462   0.0143   0.0074   0.0000   0.0008   0.0117
psiG_psiFN=      0.7991   0.0173   0.1035   0.0463   0.0135   0.0076   0.0000   0.0007   0.0120
P_L=             1.0000   1.0009   0.9996   1.0000   0.9989   1.0013   1.0739   0.9898   1.0021
psiFN_by_psi=          1.0030   1.0468   0.9717   1.0026   0.9431   1.0237   1.1657   0.8877   1.0360

P_markov=
   0.9969   0.0110   0.0077   0.0141   0.0094   0.0365   0.0000   0.0000   0.0375
   0.0002   0.9810   0.0000   0.0024   0.0012   0.0000   0.0000   0.0070   0.0000
   0.0010   0.0000   0.9867   0.0035   0.0134   0.0072   0.2184   0.0312   0.0142
   0.0008   0.0067   0.0015   0.9794   0.0000   0.0000   0.0292   0.0183   0.0010
   0.0002   0.0010   0.0018   0.0000   0.9748   0.0006   0.0000   0.0182   0.0000
   0.0003   0.0000   0.0005   0.0000   0.0003   0.9544   0.0586   0.0114   0.0000
   0.0000   0.0000   0.0000   0.0000   0.0000   0.0002   0.6764   0.0005   0.0000
   0.0000   0.0003   0.0002   0.0003   0.0010   0.0012   0.0173   0.9134   0.0000
   0.0005   0.0000   0.0016   0.0003   0.0000   0.0000   0.0000   0.0000   0.9472

eigenvalues of P_markov=  0.676306  0.912641  0.946301  0.954388  0.972794  0.976339  0.983469  0.987968  1.000000
eigenvalues of H_markov= 15.030954  3.214230  1.531224  1.126868  0.206571  0.029302 -0.327203 -0.552117 -1.153737

eigenval_p,eigenval_h=  1.000000 -1.153498
psi for P_mar=   0.7967   0.0165   0.1065   0.0462   0.0143   0.0074   0.0000   0.0008   0.0116
psiG**2      =   0.7967   0.0165   0.1065   0.0462   0.0143   0.0074   0.0000   0.0008   0.0116
Above 2 lines should be equal since Markov matrix has dominant state psiG**2
The exception to this occurs when there is no sign problem, but some components of psiG have the wrong sign, in which case one has 2 decoupled spaces with degenerate dominant eigenvalues

P_FN3=
   0.9969   0.0110   0.0077   0.0141   0.0094   0.0366   0.0000   0.0000   0.0376
   0.0002   0.9819   0.0000   0.0024   0.0012   0.0000   0.0000   0.0069   0.0000
   0.0010   0.0000   0.9863   0.0035   0.0134   0.0072   0.2346   0.0309   0.0142
   0.0008   0.0067   0.0015   0.9795   0.0000   0.0000   0.0314   0.0181   0.0010
   0.0002   0.0010   0.0018   0.0000   0.9737   0.0006   0.0000   0.0180   0.0000
   0.0003   0.0000   0.0005   0.0000   0.0003   0.9556   0.0629   0.0113   0.0000
   0.0000   0.0000   0.0000   0.0000   0.0000   0.0002   0.7264   0.0005   0.0000
   0.0000   0.0003   0.0002   0.0003   0.0010   0.0012   0.0186   0.9041   0.0000
   0.0005   0.0000   0.0016   0.0003   0.0000   0.0000   0.0000   0.0000   0.9493
E_FN3= -1.153492 -1.153492

eigenvalues of P_FN3=  0.726275  0.903466  0.948259  0.955573  0.971938  0.976487  0.984042  0.987600  1.000000
eigenvalues of H_FN3= 12.532733  3.673196  1.433533  1.067848  0.249596  0.022135 -0.355592 -0.533498 -1.153492

eigenval_p,eigenval_h=  1.000000 -1.153492
psiFN3_psiG  =   0.7991   0.0173   0.1035   0.0463   0.0135   0.0076   0.0000   0.0007   0.0120
psiFN3      =    0.8952   0.1346   0.3171   0.2155   0.1129   0.0879   0.0054   0.0248   0.1115

P_FN4=
   0.9969   0.0110   0.0077   0.0141   0.0094   0.0366   0.0000   0.0000   0.0376
   0.0002   0.9819   0.0000   0.0024   0.0012   0.0000   0.0000   0.0069   0.0000
   0.0010   0.0000   0.9863   0.0035   0.0134   0.0072   0.2346   0.0309   0.0142
   0.0008   0.0067   0.0015   0.9794   0.0000   0.0000   0.0314   0.0181   0.0010
   0.0002   0.0010   0.0018   0.0000   0.9736   0.0006   0.0000   0.0180   0.0000
   0.0003   0.0000   0.0005   0.0000   0.0003   0.9555   0.0629   0.0113   0.0000
   0.0000   0.0000   0.0001   0.0000   0.0000   0.0002   0.7264   0.0007   0.0000
   0.0000   0.0003   0.0002   0.0003   0.0010   0.0012   0.0186   0.9039   0.0000
   0.0006   0.0000   0.0016   0.0003   0.0000   0.0000   0.0000   0.0000   0.9493
E_FN4= -1.153541 -1.153541

eigenvalues of P_FN4=  0.726222  0.903280  0.948247  0.955485  0.971879  0.976438  0.984032  0.987573  1.000001
eigenvalues of H_FN4= 12.535419  3.682522  1.434143  1.072277  0.252542  0.024622 -0.355095 -0.532149 -1.153541

eigenval_p,eigenval_h=  1.000001 -1.153541
psiFN4_psiG  =   0.7985   0.0175   0.1035   0.0464   0.0135   0.0077   0.0000   0.0007   0.0121
psiFN4      =    0.8945   0.1360   0.3171   0.2159   0.1131   0.0895   0.0077   0.0262   0.1126
FN5: sum_pos  0.003089
FN5: sum_pos  0.512935
FN5: sum_pos  0.033863
FN5: sum_pos  0.128540
FN5: sum_pos  0.168543
FN5: sum_pos  0.860310
FN5: sum_pos 17.778959
FN5: sum_pos  3.176035
FN5: sum_pos  0.404866

P_FN5=
   0.9969   0.0111   0.0077   0.0141   0.0094   0.0372   0.0000   0.0000   0.0379
   0.0002   0.9817   0.0000   0.0024   0.0012   0.0000   0.0000   0.0074   0.0000
   0.0010   0.0000   0.9862   0.0035   0.0134   0.0073   0.3123   0.0328   0.0143
   0.0008   0.0068   0.0015   0.9794   0.0000   0.0000   0.0418   0.0193   0.0011
   0.0002   0.0010   0.0018   0.0000   0.9736   0.0006   0.0000   0.0192   0.0000
   0.0003   0.0000   0.0005   0.0000   0.0003   0.9547   0.0837   0.0121   0.0000
   0.0000   0.0000   0.0001   0.0000   0.0000   0.0002   0.6256   0.0007   0.0000
   0.0000   0.0003   0.0002   0.0003   0.0010   0.0013   0.0248   0.8985   0.0000
   0.0006   0.0000   0.0016   0.0003   0.0000   0.0000   0.0000   0.0000   0.9488
E_FN5= -1.153529 -1.153501

eigenvalues of P_FN5=  0.625441  0.897857  0.947821  0.954695  0.971782  0.976320  0.983899  0.987556  0.999996
eigenvalues of H_FN5= 17.574235  3.953402  1.455230  1.111518  0.257142  0.030283 -0.348706 -0.531515 -1.153529

eigenval_p,eigenval_h=  0.999996 -1.153529
psiFN5_psiG  =   0.7991   0.0173   0.1035   0.0463   0.0135   0.0076   0.0000   0.0007   0.0120
psiFN5      =    0.8951   0.1346   0.3171   0.2155   0.1128   0.0880   0.0057   0.0248   0.1117

E_G, E_FN1, E_FN3, E_FN4, E_0, recover_FN1, recover_FN3, recover_FN4, 1-ovlp_FN1, 1-ovlp_FN3, 1-ovlp_FN4, sign_cond_num= -1.153249 -1.153498 -1.153492 -1.153541 -1.153737 0.510 0.498 0.599 5.E-05 5.E-05 4.E-05 0.928

P_propos2=
   0.9969   0.0111   0.0077   0.0141   0.0094   0.0371   0.0000   0.0000   0.0378
   0.0002   0.9808   0.0000   0.0024   0.0012   0.0000   0.0000   0.0074   0.0000
   0.0010   0.0000   0.9866   0.0035   0.0134   0.0073   0.2908   0.0332   0.0143
   0.0008   0.0068   0.0015   0.9793   0.0000   0.0000   0.0389   0.0195   0.0010
   0.0002   0.0010   0.0018   0.0000   0.9746   0.0006   0.0000   0.0194   0.0000
   0.0003   0.0000   0.0005   0.0000   0.0003   0.9535   0.0780   0.0122   0.0000
   0.0000   0.0000   0.0001   0.0000   0.0000   0.0002   0.5693   0.0007   0.0000
   0.0000   0.0003   0.0002   0.0003   0.0010   0.0013   0.0231   0.9077   0.0000
   0.0006   0.0000   0.0016   0.0003   0.0000   0.0000   0.0000   0.0000   0.9468

eigenvalues of P_FN1_propos=  0.569126  0.906890  0.945862  0.953503  0.972637  0.976173  0.983338  0.987925  1.000000
psi for P_FN1_propos=   0.7967   0.0166   0.1064   0.0462   0.0143   0.0074   0.0000   0.0008   0.0117
psiG**2 * P_L       =   0.7967   0.0166   0.1064   0.0462   0.0143   0.0074   0.0000   0.0008   0.0117
Above 2 lines should be equal since proposal part of P_FN1 has dominant state psiG**2 * P_L
The exception to this occurs when there is no sign problem, but some components of psiG have the wrong sign, in which case one has 2 decoupled spaces with degenerate dominant eigenvalues

P_L=              1.0000   1.0009   0.9996   1.0000   0.9989   1.0013   1.0739   0.9898   1.0021
P_L_der=          0.0018  -0.0698  -0.0053   0.0189   0.0091  -0.0321  -0.6721   0.0573  -0.0436
P_L_der_by_P_L=   0.0018  -0.0697  -0.0053   0.0189   0.0091  -0.0320  -0.6258   0.0579  -0.0435

P_L_der_by_P_L=   0.0018  -0.0697  -0.0053   0.0189   0.0091  -0.0320  -0.6258   0.0579  -0.0435
psiG_psiFN    =   0.7991   0.0173   0.1035   0.0463   0.0135   0.0076   0.0000   0.0007   0.0120
tmp_vec1      =   0.0014  -0.0012  -0.0005   0.0009   0.0001  -0.0002  -0.0000   0.0000  -0.0005

PP_FN1=
   1.9969   0.0111   0.0077   0.0141   0.0094   0.0372   0.0000   0.0000   0.0379
   0.0002   1.9817   0.0000   0.0024   0.0012   0.0000   0.0000   0.0074   0.0000
   0.0010   0.0000   1.9863   0.0035   0.0134   0.0073   0.3123   0.0328   0.0143
   0.0008   0.0068   0.0015   1.9794   0.0000   0.0000   0.0418   0.0193   0.0011
   0.0002   0.0010   0.0018   0.0000   1.9736   0.0006   0.0000   0.0192   0.0000
   0.0003   0.0000   0.0005   0.0000   0.0003   1.9547   0.0837   0.0121   0.0000
   0.0000   0.0000   0.0001   0.0000   0.0000   0.0002   1.6114   0.0007   0.0000
   0.0000   0.0003   0.0002   0.0003   0.0010   0.0013   0.0248   1.8984   0.0000
   0.0006   0.0000   0.0016   0.0003   0.0000   0.0000   0.0000   0.0000   1.9488
iter, W_der_by_W, change=    1  0.000371  3.7E-04

PP_FN1=
   2.9907   0.0332   0.0230   0.0420   0.0281   0.1098   0.0061   0.0012   0.1118
   0.0007   2.9454   0.0000   0.0072   0.0035   0.0000   0.0003   0.0213   0.0000
   0.0031   0.0001   2.9590   0.0105   0.0398   0.0216   0.8127   0.0953   0.0421
   0.0024   0.0201   0.0046   2.9385   0.0001   0.0001   0.1093   0.0556   0.0031
   0.0005   0.0030   0.0053   0.0000   2.9214   0.0018   0.0011   0.0551   0.0000
   0.0010   0.0000   0.0015   0.0000   0.0009   2.8663   0.2154   0.0345   0.0000
   0.0000   0.0000   0.0002   0.0001   0.0000   0.0006   1.9852   0.0018   0.0000
   0.0000   0.0010   0.0007   0.0009   0.0030   0.0036   0.0623   2.7056   0.0000
   0.0016   0.0000   0.0046   0.0008   0.0000   0.0000   0.0005   0.0001   2.8492
iter, W_der_by_W, change=    2  0.000521  1.5E-04
iter, W_der_by_W, change=    3  0.000656  1.4E-04
iter, W_der_by_W, change=    4  0.000780  1.2E-04
iter, W_der_by_W, change=    5  0.000895  1.2E-04
iter, W_der_by_W, change=    6  0.001003  1.1E-04
iter, W_der_by_W, change=    7  0.001105  1.0E-04
iter, W_der_by_W, change=    8  0.001202  9.7E-05
iter, W_der_by_W, change=    9  0.001294  9.2E-05
iter, W_der_by_W, change=   10  0.001381  8.8E-05
iter, W_der_by_W, change=   20  0.002072  5.7E-05
iter, W_der_by_W, change=   30  0.002531  3.8E-05
iter, W_der_by_W, change=   40  0.002846  2.7E-05
iter, W_der_by_W, change=   50  0.003069  1.9E-05
iter, W_der_by_W, change=   60  0.003228  1.4E-05
iter, W_der_by_W, change=   70  0.003344  1.0E-05
iter, W_der_by_W, change=   80  0.003430  7.5E-06
iter, W_der_by_W, change=   90  0.003494  5.6E-06
iter, W_der_by_W, change=  100  0.003542  4.2E-06
iter, W_der_by_W, change=  200  0.003672  1.2E-07
iter, W_der_by_W, change=  300  0.003667 -9.1E-08
iter, W_der_by_W, change=  400  0.003660 -4.6E-08
iter, W_der_by_W, change=  500  0.003657 -1.7E-08
iter, W_der_by_W, change=  600  0.003656 -5.6E-09
iter, W_der_by_W, change=  700  0.003656 -1.7E-09
iter, W_der_by_W, change=  800  0.003656 -5.2E-10
iter, W_der_by_W, change=  900  0.003656 -1.6E-10
iter, W_der_by_W, change= 1000  0.003656 -4.6E-11
Final iter, W_der_by_W, change= 1677  0.003656 -9.9E-15

PP_FN1=
1359.11201343.91871235.73871295.39141201.90811352.65871493.46981133.22641363.5517
  27.9117  85.0350  26.7600  33.6635  28.1538  28.2262  33.0595  29.9443  28.5167
 165.1509 172.1981 234.5204 173.6372 190.8840 179.9868 257.0087 179.4637 189.5403
  75.1268  94.0026  75.3498 123.7562  71.4081  76.4045  95.1111  77.4450  78.3730
  21.5808  24.3400  25.6456  22.1081  60.5027  23.2947  29.7785  28.5110  23.3551
  12.5338  12.5931  12.4790  12.2073  12.0213  34.8679  19.7055  13.7381  12.8798
   0.0409   0.0436   0.0526   0.0449   0.0454   0.0582   2.6365   0.0620   0.0454
   1.1046   1.4054   1.3090   1.3017   1.5478   1.4452   2.2075  11.0880   1.1979
  19.9047  20.0434  20.7029  19.7268  18.9875  20.2908  24.2347  17.9394  40.2521

gradient_vmc_FD, gradient_vmc= -0.011671 -0.011671
E_L_der =         -0.0896   3.4876   0.2633  -0.9435  -0.4534   1.6045  33.6026  -2.8663   2.1818
E_L_der_increm =  -0.0896   3.4876   0.2633  -0.9435  -0.4534   1.6045  33.6026  -2.8663   2.1818
The above 2 lines should be equal
psiFN1_psiG  =   0.7991   0.0173   0.1035   0.0463   0.0135   0.0076   0.0000   0.0007   0.0120
psiG_increm**2=                 0.7967    0.0165    0.1065    0.0462    0.0143    0.0074    0.0000    0.0008    0.0116
psiG_increm**2 * P_L_increm=    0.7967    0.0166    0.1064    0.0462    0.0143    0.0074    0.0000    0.0008    0.0117
psiG_psiFN_increm=              0.7991    0.0173    0.1035    0.0463    0.0135    0.0076    0.0000    0.0007    0.0120
psiFN_by_psi_increm                   1.0030    1.0468    0.9717    1.0026    0.9431    1.0237    1.1657    0.8877    1.0360
psiFN_by_psi                          1.0030    1.0468    0.9717    1.0026    0.9431    1.0237    1.1657    0.8877    1.0360
psiFN_by_psi_increm                  1.003036127   1.046781877   0.971735976   1.002599569   0.943132701   1.023749676   1.165739306   0.887665763   1.035953760
psiFN_by_psi                         1.003036118   1.046782210   0.971736016   1.002599514   0.943132697   1.023749748   1.165739548   0.887665740   1.035953851
psiFN_by_psi_der=                     0.0946   -3.3228   -0.3985    0.5470    0.0407   -0.7208   -2.4181    0.2292   -0.9160

gradient_FN1_1= -0.000000 -0.012150  0.000000 -0.000000  0.000000 -0.000000 -0.000000  0.000000 -0.000000

gradient_FN1_2= -0.000027  0.002481 -0.000775 -0.000026  0.000032  0.000347  0.000195  0.000091  0.001133

gradient_FN1_3= -0.071598  0.060405  0.027237 -0.043706 -0.006116  0.012125  0.000854 -0.001976  0.026286

E_FN1, E_FN1_increm, gradient_FN1_FD, gradient_FN1= -1.153498 -1.153498 -0.005189 -0.005189

gradient_FN1_FD, gradient_FN1, 1st+2*2nd terms, gradient_FU2000, gradient_FN1_1, gradient_FN1_2, gradient_FN1_3, W_der_by_W= -0.005189 -0.005189 -0.005128 -0.004983 -0.012150  0.003450  0.003511  0.003656

 1 gradient_vmc, gradient_vmc_eval_in_dmc, gradient_FN1, gradient_FN1_1+2*gradient_FN1_3, gradient_FN1_1+W_der_by_W+gradient_FN1_3= -0.011671 -0.012216 -0.005189 -0.005128 -0.004983

 1 Ratio: Error replace 2nd by 3rd term  to  Error replace 2nd by W_der_by_W=  0.297906
------------------------------------------------------------

Data set    2

H=
  -1.0000   0.2078   0.2465  -0.1774   0.1550   0.0818   0.1172   0.0597   0.0351
   0.2078  -0.7500   0.0317   0.1078  -0.1529   0.2204  -0.0884   0.0460  -0.1722
   0.2465   0.0317  -0.5000  -0.0188   0.1205   0.0786   0.1065   0.0542  -0.2134
  -0.1774   0.1078  -0.0188  -0.2500   0.1196   0.2078   0.0252   0.1955   0.1204
   0.1550  -0.1529   0.1205   0.1196   0.0000  -0.1889   0.1373  -0.1491  -0.1836
   0.0818   0.2204   0.0786   0.2078  -0.1889   0.2500   0.0471   0.2473  -0.0761
   0.1172  -0.0884   0.1065   0.0252   0.1373   0.0471   0.5000  -0.0512   0.1073
   0.0597   0.0460   0.0542   0.1955  -0.1491   0.2473  -0.0512   0.7500  -0.1677
   0.0351  -0.1722  -0.2134   0.1204  -0.1836  -0.0761   0.1073  -0.1677   1.0000

eigenval_p,eigenval_h=  1.000000 -1.275242
psi for P    =   0.8174  -0.4330  -0.2248   0.2275  -0.1681  -0.0167  -0.0476  -0.0495  -0.0940

eigenvalues of P=  0.950560  0.956825  0.962966  0.969652  0.974931  0.980377  0.985440  0.989706  1.000000
eigenvalues of H=  1.196769  0.883489  0.576467  0.242178 -0.021770 -0.294090 -0.547235 -0.760567 -1.275242
tau, tau_max= 0.020000 0.404529
P=
   0.9945  -0.0042  -0.0049   0.0035  -0.0031  -0.0016  -0.0023  -0.0012  -0.0007
  -0.0042   0.9895  -0.0006  -0.0022   0.0031  -0.0044   0.0018  -0.0009   0.0034
  -0.0049  -0.0006   0.9845   0.0004  -0.0024  -0.0016  -0.0021  -0.0011   0.0043
   0.0035  -0.0022   0.0004   0.9795  -0.0024  -0.0042  -0.0005  -0.0039  -0.0024
  -0.0031   0.0031  -0.0024  -0.0024   0.9745   0.0038  -0.0027   0.0030   0.0037
  -0.0016  -0.0044  -0.0016  -0.0042   0.0038   0.9695  -0.0009  -0.0049   0.0015
  -0.0023   0.0018  -0.0021  -0.0005  -0.0027  -0.0009   0.9645   0.0010  -0.0021
  -0.0012  -0.0009  -0.0011  -0.0039   0.0030  -0.0049   0.0010   0.9595   0.0034
  -0.0007   0.0034   0.0043  -0.0024   0.0037   0.0015  -0.0021   0.0034   0.9545

sum_P_eig,sum_abs_P_eig,sign_condition_number=  2.078525  2.091526  0.732144

P after making eigenvec +ve =
   0.9945   0.0042   0.0049   0.0035   0.0031   0.0016   0.0023   0.0012   0.0007
   0.0042   0.9895  -0.0006   0.0022   0.0031  -0.0044   0.0018  -0.0009   0.0034
   0.0049  -0.0006   0.9845  -0.0004  -0.0024  -0.0016  -0.0021  -0.0011   0.0043
   0.0035   0.0022  -0.0004   0.9795   0.0024   0.0042   0.0005   0.0039   0.0024
   0.0031   0.0031  -0.0024   0.0024   0.9745   0.0038  -0.0027   0.0030   0.0037
   0.0016  -0.0044  -0.0016   0.0042   0.0038   0.9695  -0.0009  -0.0049   0.0015
   0.0023   0.0018  -0.0021   0.0005  -0.0027  -0.0009   0.9645   0.0010  -0.0021
   0.0012  -0.0009  -0.0011   0.0039   0.0030  -0.0049   0.0010   0.9595   0.0034
   0.0007   0.0034   0.0043   0.0024   0.0037   0.0015  -0.0021   0.0034   0.9545

1+(E_0*1-H) (i.e. P with tau=1) after making eigenvec +ve =
   0.7248  -0.2078  -0.2465  -0.1774  -0.1550  -0.0818  -0.1172  -0.0597  -0.0351
  -0.2078   0.4748   0.0317  -0.1078  -0.1529   0.2204  -0.0884   0.0460  -0.1722
  -0.2465   0.0317   0.2248   0.0188   0.1205   0.0786   0.1065   0.0542  -0.2134
  -0.1774  -0.1078   0.0188  -0.0252  -0.1196  -0.2078  -0.0252  -0.1955  -0.1204
  -0.1550  -0.1529   0.1205  -0.1196  -0.2752  -0.1889   0.1373  -0.1491  -0.1836
  -0.0818   0.2204   0.0786  -0.2078  -0.1889  -0.5252   0.0471   0.2473  -0.0761
  -0.1172  -0.0884   0.1065  -0.0252   0.1373   0.0471  -0.7752  -0.0512   0.1073
  -0.0597   0.0460   0.0542  -0.1955  -0.1491   0.2473  -0.0512  -1.0252  -0.1677
  -0.0351  -0.1722  -0.2134  -0.1204  -0.1836  -0.0761   0.1073  -0.1677  -1.2752
psi0         =   0.8174   0.4330   0.2248   0.2275   0.1681   0.0167   0.0476   0.0495   0.0940
psiG         =   0.8179   0.4321   0.2318   0.2281   0.1620   0.0229   0.0454   0.0442   0.0884
1-overlap_G  =   0.0001

E_G= -1.274984

H_imp=
  -1.0000  -0.3933  -0.8699  -0.6361  -0.7825  -2.9149  -2.1100  -1.1041  -0.3250
  -0.1098  -0.7500   0.0591  -0.2043  -0.4078   4.1516  -0.8409   0.4500  -0.8413
  -0.0699   0.0170  -0.5000   0.0191   0.1723   0.7939   0.5433   0.2844  -0.5594
  -0.0495  -0.0569   0.0185  -0.2500  -0.1683  -2.0660  -0.1265  -1.0090  -0.3106
  -0.0307  -0.0574   0.0842  -0.0850   0.0000  -1.3343   0.4897  -0.5467  -0.3365
  -0.0023   0.0117   0.0078  -0.0209  -0.0267   0.2500   0.0238   0.1284  -0.0198
  -0.0065  -0.0093   0.0209  -0.0050   0.0385   0.0932   0.5000  -0.0526   0.0551
  -0.0032   0.0047   0.0103  -0.0379  -0.0407   0.4764  -0.0498   0.7500  -0.0838
  -0.0038  -0.0352  -0.0814  -0.0467  -0.1002  -0.2934   0.2087  -0.3354   1.0000

P_imp=
   0.9945   0.0079   0.0174   0.0127   0.0156   0.0583   0.0422   0.0221   0.0065
   0.0022   0.9895  -0.0012   0.0041   0.0082  -0.0830   0.0168  -0.0090   0.0168
   0.0014  -0.0003   0.9845  -0.0004  -0.0034  -0.0159  -0.0109  -0.0057   0.0112
   0.0010   0.0011  -0.0004   0.9795   0.0034   0.0413   0.0025   0.0202   0.0062
   0.0006   0.0011  -0.0017   0.0017   0.9745   0.0267  -0.0098   0.0109   0.0067
   0.0000  -0.0002  -0.0002   0.0004   0.0005   0.9695  -0.0005  -0.0026   0.0004
   0.0001   0.0002  -0.0004   0.0001  -0.0008  -0.0019   0.9645   0.0011  -0.0011
   0.0001  -0.0001  -0.0002   0.0008   0.0008  -0.0095   0.0010   0.9595   0.0017
   0.0001   0.0007   0.0016   0.0009   0.0020   0.0059  -0.0042   0.0067   0.9545
tau_av_expon_proj    = 3.627822 1.707808 0.868059 0.948022 0.575668 0.082483 0.227652 0.255714 0.395013
tau_av_expon_proj_new= 3.633167 1.903884 1.289920 0.975379 0.784165 0.655634 0.563303 0.493768 0.439514
factor=                1.001472 1.108478 1.386863 1.028445 1.304584 2.396942 1.814596 1.619501 1.106552
factor2=                 1.0015   1.1148   1.4860   1.0289   1.3622   7.9487   2.4744   1.9309   1.1127

eigenvalues of P_imp=  0.950560  0.956825  0.962966  0.969652  0.974931  0.980377  0.985440  0.989706  1.000000
eigenvalues of H_imp=  1.196769  0.883489  0.576467  0.242178 -0.021770 -0.294090 -0.547235 -0.760567 -1.275242

eigenval_p,eigenval_h=  1.000000 -1.275242
psi0_psiG    =   0.6686   0.1871   0.0521   0.0519   0.0272   0.0004   0.0022   0.0022   0.0083

imp-sampled: sum_P_eig,sum_abs_P_eig,sign_condition_number=  1.000000  1.001225  0.940602

P_FN1=
   0.9945   0.0079   0.0174   0.0127   0.0156   0.0583   0.0422   0.0221   0.0065
   0.0022   0.9888   0.0000   0.0041   0.0082   0.0000   0.0168   0.0000   0.0168
   0.0014   0.0000   0.9805   0.0000   0.0000   0.0000   0.0000   0.0000   0.0112
   0.0010   0.0011   0.0000   0.9791   0.0034   0.0413   0.0025   0.0202   0.0062
   0.0006   0.0011   0.0000   0.0017   0.9703   0.0267   0.0000   0.0109   0.0067
   0.0000   0.0000   0.0000   0.0004   0.0005   0.8592   0.0000   0.0000   0.0004
   0.0001   0.0002   0.0000   0.0001   0.0000   0.0000   0.9392   0.0011   0.0000
   0.0001   0.0000   0.0000   0.0008   0.0008   0.0000   0.0010   0.9422   0.0017
   0.0001   0.0007   0.0016   0.0009   0.0020   0.0059   0.0000   0.0067   0.9534

eigenvalues of P_FN1=  0.858891  0.938621  0.941289  0.952226  0.969882  0.978748  0.979958  0.987592  0.999998
eigenvalues of H_FN1=  5.780203  1.793691  1.660286  1.113475  0.230671 -0.212620 -0.273129 -0.654857 -1.275159

eigenval_p,eigenval_h=  0.999998 -1.275159
psiFN1_psiG =    0.6693   0.1860   0.0527   0.0519   0.0271   0.0005   0.0021   0.0021   0.0083
psiFN1      =    0.8183   0.4305   0.2273   0.2277   0.1671   0.0217   0.0467   0.0472   0.0940

E_0, E_G, E_FN1, E_G-E_0, E_FN1-E_0, rms fluctuation of E_L  -1.27524  -1.27498  -1.27516   0.00026   0.00008   0.02067
E_L     =  -1.2756  -1.2687  -1.2505  -1.2667  -1.3154  -0.8434  -1.3617  -1.4351  -1.4213
P_L     =   1.0000   0.9999   0.9995   0.9998   1.0008   0.9914   1.0017   1.0032   1.0029
P_abs_L =   1.0000   1.0005   1.0035   1.0002   1.0050   1.1017   1.0270   1.0205   1.0040

P_propos=
   0.9945   0.0079   0.0173   0.0127   0.0156   0.0529   0.0411   0.0216   0.0065
   0.0022   0.9890   0.0000   0.0041   0.0081   0.0000   0.0164   0.0000   0.0168
   0.0014   0.0000   0.9810   0.0000   0.0000   0.0000   0.0000   0.0000   0.0111
   0.0010   0.0011   0.0000   0.9793   0.0034   0.0375   0.0025   0.0198   0.0062
   0.0006   0.0011   0.0000   0.0017   0.9696   0.0242   0.0000   0.0107   0.0067
   0.0000   0.0000   0.0000   0.0004   0.0005   0.8800   0.0000   0.0000   0.0004
   0.0001   0.0002   0.0000   0.0001   0.0000   0.0000   0.9391   0.0010   0.0000
   0.0001   0.0000   0.0000   0.0008   0.0008   0.0000   0.0010   0.9403   0.0017
   0.0001   0.0007   0.0016   0.0009   0.0020   0.0053   0.0000   0.0066   0.9507
sum P_propos  1.000000  1.000000  1.000000  1.000000  1.000000  1.000000  1.000000  1.000000  1.000000
E_FN1= -1.275159 -1.275159
psiG**2=         0.6689   0.1867   0.0537   0.0520   0.0263   0.0005   0.0021   0.0020   0.0078
psiG**2 * P_L=   0.6689   0.1867   0.0537   0.0520   0.0263   0.0005   0.0021   0.0020   0.0078
psiG_psiFN=      0.6693   0.1860   0.0527   0.0519   0.0271   0.0005   0.0021   0.0021   0.0083
P_L=             1.0000   0.9999   0.9995   0.9998   1.0008   0.9914   1.0017   1.0032   1.0029
psiFN_by_psi=          1.0005   0.9964   0.9805   0.9984   1.0314   0.9470   1.0289   1.0688   1.0631

P_markov=
   0.9945   0.0079   0.0173   0.0127   0.0156   0.0529   0.0411   0.0216   0.0065
   0.0022   0.9890   0.0000   0.0041   0.0081   0.0000   0.0164   0.0000   0.0168
   0.0014   0.0000   0.9810   0.0000   0.0000   0.0000   0.0000   0.0000   0.0111
   0.0010   0.0011   0.0000   0.9794   0.0034   0.0375   0.0025   0.0198   0.0062
   0.0006   0.0011   0.0000   0.0017   0.9697   0.0242   0.0000   0.0107   0.0067
   0.0000   0.0000   0.0000   0.0004   0.0005   0.8800   0.0000   0.0000   0.0004
   0.0001   0.0002   0.0000   0.0001   0.0000   0.0000   0.9391   0.0010   0.0000
   0.0001   0.0000   0.0000   0.0007   0.0008   0.0000   0.0010   0.9403   0.0016
   0.0001   0.0007   0.0016   0.0009   0.0020   0.0053   0.0000   0.0066   0.9507

eigenvalues of P_markov=  0.879724  0.938013  0.939884  0.949781  0.969313  0.978934  0.980333  0.987724  1.000000
eigenvalues of H_markov=  4.738565  1.824120  1.730550  1.235708  0.259123 -0.221924 -0.291894 -0.661440 -1.275242

eigenval_p,eigenval_h=  1.000000 -1.275159
psi for P_mar=   0.6689   0.1867   0.0537   0.0520   0.0263   0.0005   0.0021   0.0020   0.0078
psiG**2      =   0.6689   0.1867   0.0537   0.0520   0.0263   0.0005   0.0021   0.0020   0.0078
Above 2 lines should be equal since Markov matrix has dominant state psiG**2
The exception to this occurs when there is no sign problem, but some components of psiG have the wrong sign, in which case one has 2 decoupled spaces with degenerate dominant eigenvalues

P_FN3=
   0.9945   0.0079   0.0173   0.0127   0.0156   0.0525   0.0412   0.0217   0.0065
   0.0022   0.9888   0.0000   0.0041   0.0081   0.0000   0.0164   0.0000   0.0168
   0.0014   0.0000   0.9806   0.0000   0.0000   0.0000   0.0000   0.0000   0.0112
   0.0010   0.0011   0.0000   0.9792   0.0034   0.0372   0.0025   0.0198   0.0062
   0.0006   0.0011   0.0000   0.0017   0.9705   0.0240   0.0000   0.0107   0.0067
   0.0000   0.0000   0.0000   0.0004   0.0005   0.8724   0.0000   0.0000   0.0004
   0.0001   0.0002   0.0000   0.0001   0.0000   0.0000   0.9407   0.0010   0.0000
   0.0001   0.0000   0.0000   0.0007   0.0008   0.0000   0.0010   0.9433   0.0016
   0.0001   0.0007   0.0016   0.0009   0.0020   0.0053   0.0000   0.0066   0.9535
E_FN3= -1.275153 -1.275153

eigenvalues of P_FN3=  0.872151  0.940091  0.942383  0.952391  0.970061  0.978816  0.980027  0.987615  1.000000
eigenvalues of H_FN3=  5.117299  1.720311  1.605688  1.105293  0.221810 -0.215956 -0.276510 -0.655916 -1.275153

eigenval_p,eigenval_h=  1.000000 -1.275153
psiFN3_psiG  =   0.6693   0.1860   0.0527   0.0519   0.0271   0.0005   0.0021   0.0021   0.0083
psiFN3      =    0.8182   0.4305   0.2274   0.2277   0.1670   0.0218   0.0467   0.0471   0.0937

P_FN4=
   0.9945   0.0079   0.0173   0.0127   0.0156   0.0525   0.0412   0.0217   0.0065
   0.0022   0.9888   0.0000   0.0041   0.0081   0.0000   0.0164   0.0000   0.0168
   0.0014   0.0000   0.9806   0.0000   0.0000   0.0000   0.0000   0.0000   0.0112
   0.0010   0.0011   0.0000   0.9791   0.0034   0.0372   0.0025   0.0198   0.0062
   0.0006   0.0011   0.0000   0.0017   0.9704   0.0240   0.0000   0.0107   0.0067
   0.0000   0.0000   0.0000   0.0004   0.0005   0.8724   0.0000   0.0000   0.0004
   0.0001   0.0002   0.0000   0.0001   0.0000   0.0000   0.9407   0.0010   0.0000
   0.0001   0.0000   0.0000   0.0008   0.0008   0.0000   0.0010   0.9433   0.0017
   0.0001   0.0007   0.0016   0.0009   0.0020   0.0053   0.0000   0.0066   0.9534
E_FN4= -1.275147 -1.275147

eigenvalues of P_FN4=  0.872123  0.940079  0.942359  0.952334  0.970004  0.978787  0.980009  0.987604  1.000000
eigenvalues of H_FN4=  5.118671  1.720891  1.606910  1.108157  0.224643 -0.214528 -0.275622 -0.655352 -1.275147

eigenval_p,eigenval_h=  1.000000 -1.275147
psiFN4_psiG  =   0.6689   0.1860   0.0529   0.0519   0.0272   0.0005   0.0022   0.0021   0.0083
psiFN4      =    0.8177   0.4305   0.2280   0.2276   0.1677   0.0240   0.0479   0.0481   0.0940
FN5: sum_pos  0.000000
FN5: sum_pos  0.033408
FN5: sum_pos  0.200730
FN5: sum_pos  0.019084
FN5: sum_pos  0.210849
FN5: sum_pos  5.515155
FN5: sum_pos  1.265466
FN5: sum_pos  0.862739
FN5: sum_pos  0.055131

P_FN5=
   0.9945   0.0079   0.0174   0.0127   0.0156   0.0583   0.0422   0.0221   0.0065
   0.0022   0.9888   0.0000   0.0041   0.0082   0.0000   0.0168   0.0000   0.0168
   0.0014   0.0000   0.9805   0.0000   0.0000   0.0000   0.0000   0.0000   0.0112
   0.0010   0.0011   0.0000   0.9791   0.0034   0.0413   0.0025   0.0202   0.0062
   0.0006   0.0011   0.0000   0.0017   0.9703   0.0267   0.0000   0.0109   0.0067
   0.0000   0.0000   0.0000   0.0004   0.0005   0.8595   0.0000   0.0000   0.0004
   0.0001   0.0002   0.0000   0.0001   0.0000   0.0000   0.9392   0.0011   0.0000
   0.0001   0.0000   0.0000   0.0008   0.0008   0.0000   0.0010   0.9423   0.0017
   0.0001   0.0007   0.0016   0.0009   0.0020   0.0059   0.0000   0.0067   0.9534
E_FN5= -1.275173 -1.275158

eigenvalues of P_FN5=  0.859228  0.938634  0.941300  0.952230  0.969883  0.978748  0.979958  0.987592  0.999999
eigenvalues of H_FN5=  5.763351  1.793071  1.659762  1.113251  0.230620 -0.212650 -0.273152 -0.654859 -1.275173

eigenval_p,eigenval_h=  0.999999 -1.275173
psiFN5_psiG  =   0.6693   0.1860   0.0527   0.0519   0.0271   0.0005   0.0021   0.0021   0.0083
psiFN5      =    0.8182   0.4305   0.2273   0.2277   0.1671   0.0218   0.0468   0.0472   0.0940

E_G, E_FN1, E_FN3, E_FN4, E_0, recover_FN1, recover_FN3, recover_FN4, 1-ovlp_FN1, 1-ovlp_FN3, 1-ovlp_FN4, sign_cond_num= -1.274984 -1.275159 -1.275153 -1.275147 -1.275242 0.677 0.654 0.633 2.E-05 2.E-05 4.E-05 0.941

P_propos2=
   0.9945   0.0079   0.0174   0.0127   0.0156   0.0588   0.0421   0.0220   0.0065
   0.0022   0.9890   0.0000   0.0041   0.0082   0.0000   0.0168   0.0000   0.0168
   0.0014   0.0000   0.9810   0.0000   0.0000   0.0000   0.0000   0.0000   0.0112
   0.0010   0.0011   0.0000   0.9793   0.0034   0.0417   0.0025   0.0201   0.0062
   0.0006   0.0011   0.0000   0.0017   0.9695   0.0269   0.0000   0.0109   0.0067
   0.0000   0.0000   0.0000   0.0004   0.0005   0.8667   0.0000   0.0000   0.0004
   0.0001   0.0002   0.0000   0.0001   0.0000   0.0000   0.9376   0.0010   0.0000
   0.0001   0.0000   0.0000   0.0008   0.0008   0.0000   0.0010   0.9392   0.0017
   0.0001   0.0007   0.0016   0.0009   0.0020   0.0059   0.0000   0.0067   0.9506

eigenvalues of P_FN1_propos=  0.866352  0.936677  0.938665  0.949619  0.969135  0.978869  0.980264  0.987703  1.000000
psi for P_FN1_propos=   0.6690   0.1867   0.0537   0.0520   0.0263   0.0005   0.0021   0.0020   0.0078
psiG**2 * P_L       =   0.6690   0.1867   0.0537   0.0520   0.0263   0.0005   0.0021   0.0020   0.0078
Above 2 lines should be equal since proposal part of P_FN1 has dominant state psiG**2 * P_L
The exception to this occurs when there is no sign problem, but some components of psiG have the wrong sign, in which case one has 2 decoupled spaces with degenerate dominant eigenvalues

P_L=              1.0000   0.9999   0.9995   0.9998   1.0008   0.9914   1.0017   1.0032   1.0029
P_L_der=          0.0051  -0.0240  -0.0027   0.0095   0.0189  -0.1922   0.0389  -0.0208   0.0389
P_L_der_by_P_L=   0.0051  -0.0240  -0.0027   0.0095   0.0189  -0.1938   0.0389  -0.0208   0.0388

P_L_der_by_P_L=   0.0051  -0.0240  -0.0027   0.0095   0.0189  -0.1938   0.0389  -0.0208   0.0388
psiG_psiFN    =   0.6693   0.1860   0.0527   0.0519   0.0271   0.0005   0.0021   0.0021   0.0083
tmp_vec1      =   0.0034  -0.0045  -0.0001   0.0005   0.0005  -0.0001   0.0001  -0.0000   0.0003

PP_FN1=
   1.9945   0.0079   0.0174   0.0127   0.0156   0.0583   0.0422   0.0221   0.0065
   0.0022   1.9888   0.0000   0.0041   0.0082   0.0000   0.0168   0.0000   0.0168
   0.0014   0.0000   1.9805   0.0000   0.0000   0.0000   0.0000   0.0000   0.0112
