Input hamiltonian
hamiltonian=random                                                                          
Input ndim, E_T, tau_in
ndim, E_T, tau_in=    9-20.000000 0.020000
Input fraction_positive, off_diag_mag, psiG_noise
fraction_positive, off_diag_mag,psiG_noise= 0.500000 0.500000 0.200000
psiG_correct_sign
psiG_correct_sign= F
plot_deriv= F
Input irand_seed
irand_seed=1425565376542456

Data set    1

H=
  -1.0000   0.0800   0.1401  -0.1696   0.0630   0.1789  -0.0366  -0.0928  -0.2290
   0.0800  -0.7500   0.0859   0.2028  -0.0542   0.1379   0.1569  -0.0799  -0.2353
   0.1401   0.0859  -0.5000   0.1165  -0.2461  -0.0961  -0.2234  -0.1402   0.2370
  -0.1696   0.2028   0.1165  -0.2500  -0.0711  -0.2226   0.0454   0.1250  -0.0263
   0.0630  -0.0542  -0.2461  -0.0711   0.0000  -0.0210   0.1375  -0.2232  -0.0393
   0.1789   0.1379  -0.0961  -0.2226  -0.0210   0.2500  -0.2276  -0.1955  -0.0772
  -0.0366   0.1569  -0.2234   0.0454   0.1375  -0.2276   0.5000  -0.2075  -0.1275
  -0.0928  -0.0799  -0.1402   0.1250  -0.2232  -0.1955  -0.2075   0.7500  -0.0525
  -0.2290  -0.2353   0.2370  -0.0263  -0.0393  -0.0772  -0.1275  -0.0525   1.0000

eigenval_p,eigenval_h=  1.000000 -1.153737
psi for P    =   0.8957  -0.1375  -0.3155   0.2159  -0.1095  -0.0884  -0.0127  -0.0197   0.1112

eigenvalues of P=  0.953835  0.957765  0.963171  0.973933  0.976522  0.982440  0.989117  0.995544  1.000000
eigenvalues of H=  1.154489  0.958038  0.687698  0.149593  0.020158 -0.275736 -0.609584 -0.930919 -1.153737
tau, tau_max= 0.020000 0.433233
P=
   0.9969  -0.0016  -0.0028   0.0034  -0.0013  -0.0036   0.0007   0.0019   0.0046
  -0.0016   0.9919  -0.0017  -0.0041   0.0011  -0.0028  -0.0031   0.0016   0.0047
  -0.0028  -0.0017   0.9869  -0.0023   0.0049   0.0019   0.0045   0.0028  -0.0047
   0.0034  -0.0041  -0.0023   0.9819   0.0014   0.0045  -0.0009  -0.0025   0.0005
  -0.0013   0.0011   0.0049   0.0014   0.9769   0.0004  -0.0028   0.0045   0.0008
  -0.0036  -0.0028   0.0019   0.0045   0.0004   0.9719   0.0046   0.0039   0.0015
   0.0007  -0.0031   0.0045  -0.0009  -0.0028   0.0046   0.9669   0.0041   0.0026
   0.0019   0.0016   0.0028  -0.0025   0.0045   0.0039   0.0041   0.9619   0.0011
   0.0046   0.0047  -0.0047   0.0005   0.0008   0.0015   0.0026   0.0011   0.9569

sum_P_eig,sum_abs_P_eig,sign_condition_number=  1.905979  1.922966  0.641680

P after making eigenvec +ve =
   0.9969   0.0016   0.0028   0.0034   0.0013   0.0036  -0.0007  -0.0019   0.0046
   0.0016   0.9919  -0.0017   0.0041   0.0011  -0.0028  -0.0031   0.0016  -0.0047
   0.0028  -0.0017   0.9869   0.0023   0.0049   0.0019   0.0045   0.0028   0.0047
   0.0034   0.0041   0.0023   0.9819  -0.0014  -0.0045   0.0009   0.0025   0.0005
   0.0013   0.0011   0.0049  -0.0014   0.9769   0.0004  -0.0028   0.0045  -0.0008
   0.0036  -0.0028   0.0019  -0.0045   0.0004   0.9719   0.0046   0.0039  -0.0015
  -0.0007  -0.0031   0.0045   0.0009  -0.0028   0.0046   0.9669   0.0041  -0.0026
  -0.0019   0.0016   0.0028   0.0025   0.0045   0.0039   0.0041   0.9619  -0.0011
   0.0046  -0.0047   0.0047   0.0005  -0.0008  -0.0015  -0.0026  -0.0011   0.9569

1+(E_0*1-H) (i.e. P with tau=1) after making eigenvec +ve =
   0.8463  -0.0800  -0.1401  -0.1696  -0.0630  -0.1789   0.0366   0.0928  -0.2290
  -0.0800   0.5963   0.0859  -0.2028  -0.0542   0.1379   0.1569  -0.0799   0.2353
  -0.1401   0.0859   0.3463  -0.1165  -0.2461  -0.0961  -0.2234  -0.1402  -0.2370
  -0.1696  -0.2028  -0.1165   0.0963   0.0711   0.2226  -0.0454  -0.1250  -0.0263
  -0.0630  -0.0542  -0.2461   0.0711  -0.1537  -0.0210   0.1375  -0.2232   0.0393
  -0.1789   0.1379  -0.0961   0.2226  -0.0210  -0.4037  -0.2276  -0.1955   0.0772
   0.0366   0.1569  -0.2234  -0.0454   0.1375  -0.2276  -0.6537  -0.2075   0.1275
   0.0928  -0.0799  -0.1402  -0.1250  -0.2232  -0.1955  -0.2075  -0.9037   0.0525
  -0.2290   0.2353  -0.2370  -0.0263   0.0393   0.0772   0.1275   0.0525  -1.1537
psi0         =   0.8957   0.1375   0.3155   0.2159   0.1095   0.0884   0.0127   0.0197   0.1112
psiG         =   0.8434   0.0429   0.4203   0.2014   0.2114   0.0611  -0.0703   0.1034   0.0743
1-overlap_G  =   0.0246

E_G= -1.101429

H_imp=
  -1.0000  -1.5737  -0.2812  -0.7104  -0.2514  -2.4705  -0.4384   0.7568  -2.5993
  -0.0041  -0.7500   0.0088  -0.0432  -0.0110   0.0967  -0.0956  -0.0331   0.1357
  -0.0698   0.8423  -0.5000  -0.2432  -0.4893  -0.6612   1.3351  -0.5697  -1.3407
  -0.0405  -0.9529  -0.0558  -0.2500   0.0677   0.7340   0.1300  -0.2434  -0.0714
  -0.0158  -0.2675  -0.1238   0.0746   0.0000  -0.0728  -0.4134  -0.4562   0.1118
  -0.0130   0.1965  -0.0140   0.0675  -0.0061   0.2500   0.1977  -0.1155   0.0635
  -0.0030  -0.2574   0.0374   0.0159  -0.0457   0.2620   0.5000   0.1411  -0.1207
   0.0114  -0.1928  -0.0345  -0.0642  -0.1092  -0.3311   0.3051   0.7500   0.0732
  -0.0202   0.4078  -0.0419  -0.0097   0.0138   0.0939  -0.1347   0.0377   1.0000

P_imp=
   0.9969   0.0315   0.0056   0.0142   0.0050   0.0494   0.0088  -0.0151   0.0520
   0.0001   0.9919  -0.0002   0.0009   0.0002  -0.0019   0.0019   0.0007  -0.0027
   0.0014  -0.0168   0.9869   0.0049   0.0098   0.0132  -0.0267   0.0114   0.0268
   0.0008   0.0191   0.0011   0.9819  -0.0014  -0.0147  -0.0026   0.0049   0.0014
   0.0003   0.0053   0.0025  -0.0015   0.9769   0.0015   0.0083   0.0091  -0.0022
   0.0003  -0.0039   0.0003  -0.0014   0.0001   0.9719  -0.0040   0.0023  -0.0013
   0.0001   0.0051  -0.0007  -0.0003   0.0009  -0.0052   0.9669  -0.0028   0.0024
  -0.0002   0.0039   0.0007   0.0013   0.0022   0.0066  -0.0061   0.9619  -0.0015
   0.0004  -0.0082   0.0008   0.0002  -0.0003  -0.0019   0.0027  -0.0008   0.9569
tau_av_expon_proj    = 5.625419 0.213180 1.674004 0.813869 1.005927 0.211766 0.327860 0.424917 0.221416
tau_av_expon_proj_new= 6.504622 2.476861 1.529668 1.106517 0.866749 0.712384 0.604691 0.525283 0.464309
factor=                1.144727 2.494108 0.909957 1.302749 0.851653 2.019271 1.580601 1.210545 1.687299
factor2=                 1.1563  11.6186   0.9138   1.3596   0.8616   3.3640   1.8444   1.2362   2.0970

eigenvalues of P_imp=  0.953835  0.957765  0.963171  0.973933  0.976522  0.982440  0.989117  0.995544  1.000000
eigenvalues of H_imp=  1.154489  0.958038  0.687698  0.149593  0.020158 -0.275736 -0.609584 -0.930919 -1.153737

eigenval_p,eigenval_h=  1.000000 -1.153737
psi0_psiG    =   0.7731   0.0060   0.1357   0.0445   0.0237   0.0055  -0.0009   0.0021   0.0085

imp-sampled: sum_P_eig,sum_abs_P_eig,sign_condition_number=  1.000000  1.001759  0.915860

P_FN1=
   0.9967   0.0315   0.0056   0.0142   0.0050   0.0494   0.0088   0.0000   0.0520
   0.0001   0.9630   0.0000   0.0009   0.0002   0.0000   0.0019   0.0007   0.0000
   0.0014   0.0000   0.9860   0.0049   0.0098   0.0132   0.0000   0.0114   0.0268
   0.0008   0.0191   0.0011   0.9788   0.0000   0.0000   0.0000   0.0049   0.0014
   0.0003   0.0053   0.0025   0.0000   0.9753   0.0015   0.0083   0.0091   0.0000
   0.0003   0.0000   0.0003   0.0000   0.0001   0.9482   0.0000   0.0023   0.0000
   0.0001   0.0051   0.0000   0.0000   0.0009   0.0000   0.9276   0.0000   0.0024
   0.0000   0.0039   0.0007   0.0013   0.0022   0.0066   0.0000   0.9432   0.0000
   0.0004   0.0000   0.0008   0.0002   0.0000   0.0000   0.0027   0.0000   0.9492

eigenvalues of P_FN1=  0.926837  0.940399  0.948296  0.949987  0.962108  0.974092  0.978898  0.987659  0.999691
eigenvalues of H_FN1=  2.504396  1.826302  1.431461  1.346910  0.740857  0.141669 -0.098634 -0.536675 -1.138293

eigenval_p,eigenval_h=  0.999691 -1.138293
psiFN1_psiG =    0.7705   0.0030   0.1383   0.0416   0.0271   0.0049   0.0015   0.0045   0.0087
psiFN1      =    0.9005   0.0691   0.3243   0.2035   0.1265   0.0789  -0.0210   0.0425   0.1154
overlap_G_FN1=    0.9857

E_0, E_G, E_FN1, E_G-E_0, E_FN1-E_0, rms fluctuation of E_L  -1.15374  -1.10143  -1.13829   0.05231   0.01544   0.23804
E_L     =  -1.1550  -2.5476  -1.0051  -1.1627  -0.8311  -2.0990   1.3857   0.2677  -2.7479
P_L     =   1.0003   1.0282   0.9973   1.0005   0.9939   1.0192   0.9495   0.9719   1.0322
P_abs_L =   1.0003   1.0568   0.9979   1.0033   0.9952   1.0426   0.9886   0.9903   1.0396

P_propos=
   0.9967   0.0298   0.0056   0.0142   0.0051   0.0474   0.0089   0.0000   0.0500
   0.0001   0.9386   0.0000   0.0009   0.0002   0.0000   0.0019   0.0007   0.0000
   0.0014   0.0000   0.9890   0.0048   0.0098   0.0127   0.0000   0.0115   0.0258
   0.0008   0.0180   0.0011   0.9787   0.0000   0.0000   0.0000   0.0049   0.0014
   0.0003   0.0051   0.0025   0.0000   0.9817   0.0014   0.0084   0.0092   0.0000
   0.0003   0.0000   0.0003   0.0000   0.0001   0.9322   0.0000   0.0023   0.0000
   0.0001   0.0049   0.0000   0.0000   0.0009   0.0000   0.9781   0.0000   0.0023
   0.0000   0.0036   0.0007   0.0013   0.0022   0.0064   0.0000   0.9714   0.0000
   0.0004   0.0000   0.0008   0.0002   0.0000   0.0000   0.0027   0.0000   0.9205
sum P_propos  1.000000  1.000000  1.000000  1.000000  1.000000  1.000000  1.000000  1.000000  1.000000
E_FN1= -1.138293 -1.138293
psiG**2=         0.7113   0.0018   0.1767   0.0406   0.0447   0.0037   0.0049   0.0107   0.0055
psiG**2 * P_L=   0.7116   0.0019   0.1762   0.0406   0.0444   0.0038   0.0047   0.0104   0.0057
psiG_psiFN=      0.7705   0.0030   0.1383   0.0416   0.0271   0.0049   0.0015   0.0045   0.0087
P_L=             1.0003   1.0282   0.9973   1.0005   0.9939   1.0192   0.9495   0.9719   1.0322
psiFN1_by_psiG=          1.0831   1.6361   0.7827   1.0250   0.6071   1.3110   0.3035   0.4171   1.5756

P_markov=
   0.9967   0.0298   0.0056   0.0142   0.0050   0.0474   0.0088   0.0000   0.0500
   0.0001   0.9386   0.0000   0.0008   0.0002   0.0000   0.0018   0.0006   0.0000
   0.0014   0.0000   0.9890   0.0048   0.0098   0.0127   0.0000   0.0114   0.0258
   0.0008   0.0180   0.0011   0.9787   0.0000   0.0000   0.0000   0.0049   0.0014
   0.0003   0.0051   0.0025   0.0000   0.9817   0.0014   0.0083   0.0092   0.0000
   0.0002   0.0000   0.0003   0.0000   0.0001   0.9322   0.0000   0.0022   0.0000
   0.0001   0.0049   0.0000   0.0000   0.0009   0.0000   0.9785   0.0000   0.0023
   0.0000   0.0036   0.0007   0.0013   0.0022   0.0064   0.0000   0.9717   0.0000
   0.0004   0.0000   0.0008   0.0002   0.0000   0.0000   0.0026   0.0000   0.9205

eigenvalues of P_markov=  0.919856  0.931612  0.937950  0.969565  0.977102  0.978694  0.981819  0.991095  1.000000
eigenvalues of H_markov=  2.853472  2.265646  1.948774  0.367997 -0.008831 -0.088458 -0.244707 -0.708464 -1.153737

eigenval_p,eigenval_h=  1.000000 -1.138293
psi for P_mar=   0.7113   0.0018   0.1767   0.0406   0.0447   0.0037   0.0049   0.0107   0.0055
psiG**2      =   0.7113   0.0018   0.1767   0.0406   0.0447   0.0037   0.0049   0.0107   0.0055
Above 2 lines should be equal since Markov matrix has dominant state psiG**2
The exception to this occurs when there is no sign problem, but some components of psiG have the wrong sign, in which case one has 2 decoupled spaces with degenerate dominant eigenvalues

P_FN3=
   0.9970   0.0306   0.0056   0.0142   0.0050   0.0483   0.0083   0.0000   0.0516
   0.0001   0.9651   0.0000   0.0008   0.0002   0.0000   0.0017   0.0006   0.0000
   0.0014   0.0000   0.9864   0.0048   0.0097   0.0129   0.0000   0.0111   0.0266
   0.0008   0.0185   0.0011   0.9792   0.0000   0.0000   0.0000   0.0047   0.0014
   0.0003   0.0052   0.0025   0.0000   0.9757   0.0014   0.0079   0.0089   0.0000
   0.0002   0.0000   0.0003   0.0000   0.0001   0.9501   0.0000   0.0022   0.0000
   0.0001   0.0050   0.0000   0.0000   0.0009   0.0000   0.9291   0.0000   0.0024
   0.0000   0.0038   0.0007   0.0013   0.0022   0.0065   0.0000   0.9444   0.0000
   0.0004   0.0000   0.0008   0.0002   0.0000   0.0000   0.0025   0.0000   0.9501
E_FN3= -1.137750 -1.137750

eigenvalues of P_FN3=  0.928457  0.941862  0.949301  0.951535  0.964101  0.974509  0.979339  0.988023  0.999989
eigenvalues of H_FN3=  2.438857  1.768597  1.396668  1.284940  0.656677  0.136281 -0.105228 -0.539432 -1.137750

eigenval_p,eigenval_h=  0.999989 -1.137750
psiFN3_psiG  =   0.7708   0.0030   0.1382   0.0416   0.0272   0.0048   0.0015   0.0045   0.0085
psiFN3      =    0.9010   0.0686   0.3242   0.2034   0.1267   0.0781  -0.0212   0.0429   0.1123

P_FN4=
   0.9970   0.0306   0.0056   0.0142   0.0050   0.0483   0.0084   0.0000   0.0516
   0.0001   0.9651   0.0000   0.0009   0.0002   0.0000   0.0018   0.0006   0.0000
   0.0014   0.0000   0.9863   0.0048   0.0098   0.0129   0.0000   0.0112   0.0266
   0.0008   0.0185   0.0011   0.9791   0.0000   0.0000   0.0000   0.0048   0.0014
   0.0003   0.0052   0.0025   0.0000   0.9756   0.0014   0.0079   0.0090   0.0000
   0.0003   0.0000   0.0003   0.0000   0.0001   0.9501   0.0000   0.0023   0.0000
   0.0001   0.0050   0.0000   0.0000   0.0009   0.0000   0.9287   0.0000   0.0024
   0.0000   0.0038   0.0007   0.0013   0.0022   0.0065   0.0000   0.9440   0.0000
   0.0004   0.0000   0.0008   0.0002   0.0000   0.0000   0.0026   0.0000   0.9501
E_FN4= -1.138671 -1.138671

eigenvalues of P_FN4=  0.928038  0.941499  0.949261  0.951544  0.964049  0.974450  0.979332  0.987972  1.000008
eigenvalues of H_FN4=  2.459797  1.786747  1.398644  1.284507  0.659252  0.139210 -0.104915 -0.536868 -1.138671

eigenval_p,eigenval_h=  1.000008 -1.138671
psiFN4_psiG  =   0.7699   0.0032   0.1382   0.0417   0.0271   0.0050   0.0015   0.0045   0.0088
psiFN4      =    0.8997   0.0725   0.3242   0.2041   0.1265   0.0814  -0.0214   0.0430   0.1166
FN5: sum_pos  0.011383
FN5: sum_pos  1.446619
FN5: sum_pos  0.046145
FN5: sum_pos  0.158016
FN5: sum_pos  0.081512
FN5: sum_pos  1.186622
FN5: sum_pos  1.967905
FN5: sum_pos  0.935567
FN5: sum_pos  0.384226

P_FN5=
   0.9967   0.0315   0.0056   0.0142   0.0050   0.0494   0.0088   0.0000   0.0520
   0.0001   0.9630   0.0000   0.0009   0.0002   0.0000   0.0019   0.0007   0.0000
   0.0014   0.0000   0.9860   0.0049   0.0098   0.0132   0.0000   0.0114   0.0268
   0.0008   0.0191   0.0011   0.9788   0.0000   0.0000   0.0000   0.0049   0.0014
   0.0003   0.0053   0.0025   0.0000   0.9753   0.0015   0.0083   0.0091   0.0000
   0.0003   0.0000   0.0003   0.0000   0.0001   0.9482   0.0000   0.0023   0.0000
   0.0001   0.0051   0.0000   0.0000   0.0009   0.0000   0.9276   0.0000   0.0024
   0.0000   0.0039   0.0007   0.0013   0.0022   0.0066   0.0000   0.9432   0.0000
   0.0004   0.0000   0.0008   0.0002   0.0000   0.0000   0.0027   0.0000   0.9492
E_FN5= -1.138302 -1.138292

eigenvalues of P_FN5=  0.926862  0.940408  0.948303  0.949994  0.962110  0.974092  0.978898  0.987659  0.999691
eigenvalues of H_FN5=  2.503146  1.825849  1.431137  1.346547  0.740765  0.141641 -0.098649 -0.536685 -1.138302

eigenval_p,eigenval_h=  0.999691 -1.138302
psiFN5_psiG  =   0.7705   0.0030   0.1383   0.0416   0.0271   0.0049   0.0015   0.0045   0.0087
psiFN5      =    0.9005   0.0691   0.3243   0.2035   0.1265   0.0790  -0.0211   0.0425   0.1154

E_G, E_FN1, E_FN3, E_FN4, E_0, recover_FN1, recover_FN3, recover_FN4, 1-ovlp_FN1, 1-ovlp_FN3, 1-ovlp_FN4, sign_cond_num= -1.101429 -1.138293 -1.137750 -1.138671 -1.153737 0.705 0.694 0.712 3.E-03 4.E-03 3.E-03 0.916

P_propos2=
   0.9967   0.0306   0.0056   0.0142   0.0051   0.0485   0.0092   0.0000   0.0504
   0.0001   0.9369   0.0000   0.0009   0.0002   0.0000   0.0020   0.0007   0.0000
   0.0014   0.0000   0.9889   0.0049   0.0098   0.0130   0.0000   0.0117   0.0260
   0.0008   0.0185   0.0011   0.9786   0.0000   0.0000   0.0000   0.0050   0.0014
   0.0003   0.0052   0.0025   0.0000   0.9816   0.0014   0.0087   0.0094   0.0000
   0.0003   0.0000   0.0003   0.0000   0.0001   0.9306   0.0000   0.0024   0.0000
   0.0001   0.0050   0.0000   0.0000   0.0009   0.0000   0.9772   0.0000   0.0023
   0.0000   0.0037   0.0007   0.0013   0.0022   0.0065   0.0000   0.9708   0.0000
   0.0004   0.0000   0.0008   0.0002   0.0000   0.0000   0.0028   0.0000   0.9199

eigenvalues of P_FN1_propos=  0.919252  0.930018  0.936191  0.968770  0.976106  0.978565  0.981411  0.991017  1.000000
psi for P_FN1_propos=   0.7121   0.0019   0.1763   0.0406   0.0445   0.0038   0.0047   0.0104   0.0057
psiG**2 * P_L       =   0.7121   0.0019   0.1763   0.0406   0.0445   0.0038   0.0047   0.0104   0.0057
Above 2 lines should be equal since proposal part of P_FN1 has dominant state psiG**2 * P_L
The exception to this occurs when there is no sign problem, but some components of psiG have the wrong sign, in which case one has 2 decoupled spaces with degenerate dominant eigenvalues

P_L=              1.0003   1.0282   0.9973   1.0005   0.9939   1.0192   0.9495   0.9719   1.0322
P_L_der=          0.0019  -0.8388  -0.0041   0.0201   0.0051  -0.0451   0.0446   0.0154  -0.0633
P_L_der_by_P_L=   0.0019  -0.8158  -0.0041   0.0201   0.0052  -0.0443   0.0470   0.0159  -0.0614

P_L_der_by_P_L=   0.0019  -0.8158  -0.0041   0.0201   0.0052  -0.0443   0.0470   0.0159  -0.0614
psiG_psiFN    =   0.7705   0.0030   0.1383   0.0416   0.0271   0.0049   0.0015   0.0045   0.0087
tmp_vec1      =   0.0015  -0.0025  -0.0006   0.0008   0.0001  -0.0002   0.0001   0.0001  -0.0005

PP_FN1=
   1.9970   0.0315   0.0056   0.0142   0.0050   0.0494   0.0088   0.0000   0.0520
   0.0001   1.9633   0.0000   0.0009   0.0002   0.0000   0.0019   0.0007   0.0000
   0.0014   0.0000   1.9863   0.0049   0.0098   0.0132   0.0000   0.0114   0.0268
   0.0008   0.0191   0.0011   1.9791   0.0000   0.0000   0.0000   0.0049   0.0014
   0.0003   0.0053   0.0025   0.0000   1.9756   0.0015   0.0083   0.0091   0.0000
   0.0003   0.0000   0.0003   0.0000   0.0001   1.9485   0.0000   0.0023   0.0000
   0.0001   0.0051   0.0000   0.0000   0.0009   0.0000   1.9279   0.0000   0.0024
   0.0000   0.0039   0.0007   0.0013   0.0022   0.0066   0.0000   1.9435   0.0000
   0.0004   0.0000   0.0008   0.0002   0.0000   0.0000   0.0027   0.0000   1.9495
iter, W_der_by_W, change=    1  0.009195  9.2E-03

PP_FN1=
   2.9911   0.0935   0.0169   0.0424   0.0150   0.1456   0.0259   0.0003   0.1534
   0.0002   2.8913   0.0000   0.0025   0.0006   0.0000   0.0055   0.0019   0.0000
   0.0042   0.0002   2.9592   0.0145   0.0290   0.0390   0.0002   0.0335   0.0788
   0.0024   0.0561   0.0033   2.9377   0.0000   0.0001   0.0000   0.0143   0.0043
   0.0009   0.0158   0.0073   0.0000   2.9275   0.0044   0.0240   0.0267   0.0001
   0.0008   0.0000   0.0008   0.0000   0.0004   2.8482   0.0000   0.0067   0.0000
   0.0002   0.0149   0.0000   0.0000   0.0027   0.0000   2.7889   0.0000   0.0070
   0.0000   0.0112   0.0020   0.0038   0.0064   0.0192   0.0000   2.8338   0.0000
   0.0012   0.0000   0.0025   0.0006   0.0000   0.0000   0.0078   0.0000   2.8512
iter, W_der_by_W, change=    2  0.013428  4.2E-03
iter, W_der_by_W, change=    3  0.017436  4.0E-03
iter, W_der_by_W, change=    4  0.021233  3.8E-03
iter, W_der_by_W, change=    5  0.024829  3.6E-03
iter, W_der_by_W, change=    6  0.028235  3.4E-03
iter, W_der_by_W, change=    7  0.031463  3.2E-03
iter, W_der_by_W, change=    8  0.034522  3.1E-03
iter, W_der_by_W, change=    9  0.037421  2.9E-03
iter, W_der_by_W, change=   10  0.040169  2.7E-03
iter, W_der_by_W, change=   20  0.060937  1.6E-03
iter, W_der_by_W, change=   30  0.073232  9.6E-04
iter, W_der_by_W, change=   40  0.080534  5.7E-04
iter, W_der_by_W, change=   50  0.084847  3.3E-04
iter, W_der_by_W, change=   60  0.087346  1.9E-04
iter, W_der_by_W, change=   70  0.088735  1.0E-04
iter, W_der_by_W, change=   80  0.089444  4.9E-05
iter, W_der_by_W, change=   90  0.089739  1.6E-05
iter, W_der_by_W, change=  100  0.089784 -3.4E-06
iter, W_der_by_W, change=  200  0.087823 -1.6E-05
iter, W_der_by_W, change=  300  0.086884 -5.0E-06
iter, W_der_by_W, change=  400  0.086592 -1.5E-06
iter, W_der_by_W, change=  500  0.086504 -4.6E-07
iter, W_der_by_W, change=  600  0.086477 -1.4E-07
iter, W_der_by_W, change=  700  0.086469 -4.1E-08
iter, W_der_by_W, change=  800  0.086467 -1.2E-08
iter, W_der_by_W, change=  900  0.086466 -3.7E-09
iter, W_der_by_W, change= 1000  0.086466 -1.1E-09
Final iter, W_der_by_W, change= 1960  0.086466 -9.8E-15

PP_FN1=
1604.15532348.03651096.97931461.3348 851.23021900.9580 436.7040 584.49652274.9283
   6.0643  36.9969   4.3602   6.7651   3.6347   7.3215   2.4508   2.7613   8.7840
 272.4186 419.2499 272.2176 270.6883 181.7794 349.1705  80.6748 125.8142 432.7240
  83.3249 149.3558  62.1521 126.3742  47.1156 100.9182  23.8926  36.6207 122.3551
  53.4982  88.4473  46.0043  51.9316  74.3400  68.3528  20.2937  29.4035  81.1960
   9.9729  14.8722   7.3765   9.2853   5.7058  31.5175   2.7805   4.6382  14.4446
   3.0368   6.5986   2.2590   2.9138   2.2454   3.6855  14.8501   1.2869   5.0775
   8.7915  16.0815   7.6203   9.6601   7.0370  13.2979   2.7836  21.9132  13.3806
  17.6526  26.3910  13.5211  16.6509  10.0250  21.3647   5.6659   6.9030  45.6766

gradient_vmc_FD, gradient_vmc= -0.123976 -0.123976
E_L_der =         -0.0948  41.9393   0.2044  -1.0070  -0.2564   2.2566  -2.2308  -0.7722   3.1670
E_L_der_increm =  -0.0948  41.9392   0.2044  -1.0070  -0.2564   2.2566  -2.2308  -0.7722   3.1670
The above 2 lines should be equal
psiFN1_psiG  =   0.7705   0.0030   0.1383   0.0416   0.0271   0.0049   0.0015   0.0045   0.0087
psiG_increm**2=                 0.7113    0.0018    0.1767    0.0406    0.0447    0.0037    0.0049    0.0107    0.0055
psiG_increm**2 * P_L_increm=    0.7116    0.0019    0.1762    0.0406    0.0444    0.0038    0.0047    0.0104    0.0057
psiG_psiFN1_increm=              0.7705    0.0030    0.1383    0.0416    0.0271    0.0049    0.0015    0.0045    0.0087
psiFN1_by_psiG_increm                   1.0831    1.6361    0.7827    1.0250    0.6071    1.3110    0.3035    0.4171    1.5756
psiFN1_by_psiG                          1.0831    1.6361    0.7827    1.0250    0.6071    1.3110    0.3035    0.4171    1.5756
psiFN1_by_psiG_increm                  1.083106928   1.636113176   0.782667585   1.025036519   0.607094192   1.310959214   0.303518753   0.417101807   1.575614483
psiFN1_by_psiG                         1.083106930   1.636113921   0.782667622   1.025036411   0.607094179   1.310959340   0.303518679   0.417101773   1.575614701
psiFN1_by_psiG_der=                    -0.0229   -7.4498   -0.3683    1.0847    0.1344   -1.2608    0.7386    0.3371   -2.1836

gradient_FN1_1= -0.000000 -0.197668  0.000000 -0.000000  0.000000 -0.000000 -0.000000  0.000000 -0.000000

gradient_FN1_2=  0.000272  0.019289 -0.008666 -0.001072  0.001846  0.004520  0.009222  0.005071  0.019401

gradient_FN1_3= -0.073057  0.126064  0.028257 -0.041866 -0.006960  0.011040 -0.003349 -0.003446  0.027543

E_FN1, E_FN1_increm, gradient_FN1_FD, gradient_FN1= -1.138293 -1.138293 -0.083559 -0.083559

gradient_FN1_FD, gradient_FN1, 1st+2*2nd terms, gradient_FU2000, gradient_FN1_1, gradient_FN1_2, gradient_FN1_3, W_der_by_W= -0.083559 -0.083559 -0.069217 -0.046976 -0.197668  0.049883  0.064226  0.086466

  1  1 gradient_vmc, gradient_vmc_eval_in_dmc, gradient_FN1, gradient_FN1_1+2*gradient_FN1_3, gradient_FN1_1+W_der_by_W+gradient_FN1_3= -0.123976 -0.202838 -0.083559 -0.069217 -0.046976 <psi_FNi(H-e)psi>, <psi_i(H-e)psiFN>= -0.048951 -0.034608 -0.032924  0.068349

 1 Ratio: Error replace 2nd by 3rd term  to  Error replace 2nd by W_der_by_W=  0.392057
FN1*G=  0.7594727343  0.0029629903  0.1362876470  0.0409831200  0.0267540257  0.0048225956  0.0014799547  0.0043991042  0.0085729674  0.9857351393
FN1_G=  0.7704632858  0.0030058686  0.1382599053  0.0415761987  0.0271411910  0.0048923848  0.0015013716  0.0044627649  0.0086970293  1.0000000000
test=  2.899169  2.941123
test2= -0.011265 -0.112802 -0.112802 -0.011265 -0.078688  0.036988 -0.014138001340 -0.015707418996  0.015443732050
test3=  1.000000  1.788418  1.000000  1.000000  0.069128 -0.032494
test4=  0.009606 -0.034115
test5=  0.797540  0.395665 -0.002754  0.005860  0.388293  0.954467  0.635292  0.395665
test6a=  0.000000  1.000000  0.000000  0.000000  0.000000  0.000000  0.000000  0.000000  0.000000
test6b=  0.000000  1.612775  0.000000  0.000000  0.000000  0.000000  0.000000  0.000000  0.000000
test6c= -0.062775  1.294656 -0.168319  0.205457  0.021869 -0.079758 -0.050184  0.032305 -0.165521

  1  1 <psi_FNi(H-e)psi>, <psi_i(H-e)psiFN>, gradient_FN1 = -0.048951 -0.034608 -0.083559 -0.032924  0.068349  0.009369  0.313976
test7= -0.032924  0.313976
test8= -0.083559 -0.069217 -0.004066 -0.060408 -0.064474 -0.004743  0.014343  0.019086
test99=  0.000000
test9=  1.022046  1.443154  0.486955
------------------------------------------------------------

Data set    2

H=
  -1.0000   0.2078   0.2465  -0.1774   0.1550   0.0818   0.1172   0.0597   0.0351
   0.2078  -0.7500   0.0317   0.1078  -0.1529   0.2204  -0.0884   0.0460  -0.1722
   0.2465   0.0317  -0.5000  -0.0188   0.1205   0.0786   0.1065   0.0542  -0.2134
  -0.1774   0.1078  -0.0188  -0.2500   0.1196   0.2078   0.0252   0.1955   0.1204
   0.1550  -0.1529   0.1205   0.1196   0.0000  -0.1889   0.1373  -0.1491  -0.1836
   0.0818   0.2204   0.0786   0.2078  -0.1889   0.2500   0.0471   0.2473  -0.0761
   0.1172  -0.0884   0.1065   0.0252   0.1373   0.0471   0.5000  -0.0512   0.1073
   0.0597   0.0460   0.0542   0.1955  -0.1491   0.2473  -0.0512   0.7500  -0.1677
   0.0351  -0.1722  -0.2134   0.1204  -0.1836  -0.0761   0.1073  -0.1677   1.0000

eigenval_p,eigenval_h=  1.000000 -1.275242
psi for P    =   0.8174  -0.4330  -0.2248   0.2275  -0.1681  -0.0167  -0.0476  -0.0495  -0.0940

eigenvalues of P=  0.950560  0.956825  0.962966  0.969652  0.974931  0.980377  0.985440  0.989706  1.000000
eigenvalues of H=  1.196769  0.883489  0.576467  0.242178 -0.021770 -0.294090 -0.547235 -0.760567 -1.275242
tau, tau_max= 0.020000 0.404529
P=
   0.9945  -0.0042  -0.0049   0.0035  -0.0031  -0.0016  -0.0023  -0.0012  -0.0007
  -0.0042   0.9895  -0.0006  -0.0022   0.0031  -0.0044   0.0018  -0.0009   0.0034
  -0.0049  -0.0006   0.9845   0.0004  -0.0024  -0.0016  -0.0021  -0.0011   0.0043
   0.0035  -0.0022   0.0004   0.9795  -0.0024  -0.0042  -0.0005  -0.0039  -0.0024
  -0.0031   0.0031  -0.0024  -0.0024   0.9745   0.0038  -0.0027   0.0030   0.0037
  -0.0016  -0.0044  -0.0016  -0.0042   0.0038   0.9695  -0.0009  -0.0049   0.0015
  -0.0023   0.0018  -0.0021  -0.0005  -0.0027  -0.0009   0.9645   0.0010  -0.0021
  -0.0012  -0.0009  -0.0011  -0.0039   0.0030  -0.0049   0.0010   0.9595   0.0034
  -0.0007   0.0034   0.0043  -0.0024   0.0037   0.0015  -0.0021   0.0034   0.9545

sum_P_eig,sum_abs_P_eig,sign_condition_number=  2.078525  2.091526  0.732144

P after making eigenvec +ve =
   0.9945   0.0042   0.0049   0.0035   0.0031   0.0016   0.0023   0.0012   0.0007
   0.0042   0.9895  -0.0006   0.0022   0.0031  -0.0044   0.0018  -0.0009   0.0034
   0.0049  -0.0006   0.9845  -0.0004  -0.0024  -0.0016  -0.0021  -0.0011   0.0043
   0.0035   0.0022  -0.0004   0.9795   0.0024   0.0042   0.0005   0.0039   0.0024
   0.0031   0.0031  -0.0024   0.0024   0.9745   0.0038  -0.0027   0.0030   0.0037
   0.0016  -0.0044  -0.0016   0.0042   0.0038   0.9695  -0.0009  -0.0049   0.0015
   0.0023   0.0018  -0.0021   0.0005  -0.0027  -0.0009   0.9645   0.0010  -0.0021
   0.0012  -0.0009  -0.0011   0.0039   0.0030  -0.0049   0.0010   0.9595   0.0034
   0.0007   0.0034   0.0043   0.0024   0.0037   0.0015  -0.0021   0.0034   0.9545

1+(E_0*1-H) (i.e. P with tau=1) after making eigenvec +ve =
   0.7248  -0.2078  -0.2465  -0.1774  -0.1550  -0.0818  -0.1172  -0.0597  -0.0351
  -0.2078   0.4748   0.0317  -0.1078  -0.1529   0.2204  -0.0884   0.0460  -0.1722
  -0.2465   0.0317   0.2248   0.0188   0.1205   0.0786   0.1065   0.0542  -0.2134
  -0.1774  -0.1078   0.0188  -0.0252  -0.1196  -0.2078  -0.0252  -0.1955  -0.1204
  -0.1550  -0.1529   0.1205  -0.1196  -0.2752  -0.1889   0.1373  -0.1491  -0.1836
  -0.0818   0.2204   0.0786  -0.2078  -0.1889  -0.5252   0.0471   0.2473  -0.0761
  -0.1172  -0.0884   0.1065  -0.0252   0.1373   0.0471  -0.7752  -0.0512   0.1073
  -0.0597   0.0460   0.0542  -0.1955  -0.1491   0.2473  -0.0512  -1.0252  -0.1677
  -0.0351  -0.1722  -0.2134  -0.1204  -0.1836  -0.0761   0.1073  -0.1677  -1.2752
psi0         =   0.8174   0.4330   0.2248   0.2275   0.1681   0.0167   0.0476   0.0495   0.0940
psiG         =   0.8159   0.4220   0.2863   0.2314   0.1125   0.0732   0.0278   0.0012   0.0426
1-overlap_G  =   0.0078

E_G= -1.254143

H_imp=
  -1.0000  -0.4018  -0.7026  -0.6254  -1.1247  -0.9110  -3.4382 -41.9462  -0.6723
  -0.1075  -0.7500   0.0467  -0.1966  -0.5740   1.2703  -1.3414  16.7369  -1.7039
  -0.0865   0.0215  -0.5000   0.0232   0.3067   0.3072   1.0960  13.3785  -1.4328
  -0.0503  -0.0591   0.0152  -0.2500  -0.2461  -0.6567  -0.2097 -38.9877  -0.6534
  -0.0214  -0.0408   0.0473  -0.0581   0.0000  -0.2901   0.5551 -14.4501  -0.4843
  -0.0073   0.0382   0.0201  -0.0657  -0.1230   0.2500   0.1239  15.6027  -0.1307
  -0.0040  -0.0058   0.0103  -0.0030   0.0340   0.0179   0.5000  -1.2272   0.0700
  -0.0001   0.0001   0.0002  -0.0010  -0.0015   0.0039  -0.0021   0.7500  -0.0046
  -0.0018  -0.0174  -0.0318  -0.0222  -0.0696  -0.0443   0.1644  -6.1603   1.0000

P_imp=
   0.9945   0.0080   0.0141   0.0125   0.0225   0.0182   0.0688   0.8389   0.0134
   0.0021   0.9895  -0.0009   0.0039   0.0115  -0.0254   0.0268  -0.3347   0.0341
   0.0017  -0.0004   0.9845  -0.0005  -0.0061  -0.0061  -0.0219  -0.2676   0.0287
   0.0010   0.0012  -0.0003   0.9795   0.0049   0.0131   0.0042   0.7798   0.0131
   0.0004   0.0008  -0.0009   0.0012   0.9745   0.0058  -0.0111   0.2890   0.0097
   0.0001  -0.0008  -0.0004   0.0013   0.0025   0.9695  -0.0025  -0.3121   0.0026
   0.0001   0.0001  -0.0002   0.0001  -0.0007  -0.0004   0.9645   0.0245  -0.0014
   0.0000  -0.0000  -0.0000   0.0000   0.0000  -0.0001   0.0000   0.9595   0.0001
   0.0000   0.0003   0.0006   0.0004   0.0014   0.0009  -0.0033   0.1232   0.9545
tau_av_expon_proj    = 3.585317 1.710206 1.143912 1.004750 0.403276 0.285590 0.144281 0.006734 0.194102
tau_av_expon_proj_new= 3.633167 1.903884 1.289920 0.975379 0.784165 0.655634 0.563303 0.493768 0.439514
factor=                1.013257 1.107082 1.119846 0.970337 1.625353 1.758403 2.104056 2.681459 1.747821
factor2=                 1.0133   1.1132   1.1276   0.9708   1.9445   2.2957   3.9042  73.3194   2.2643

eigenvalues of P_imp=  0.950560  0.956825  0.962966  0.969652  0.974931  0.980377  0.985440  0.989706  1.000000
eigenvalues of H_imp=  1.196769  0.883489  0.576467  0.242178 -0.021770 -0.294090 -0.547235 -0.760567 -1.275242

eigenval_p,eigenval_h=  1.000000 -1.275242
psi0_psiG    =   0.6722   0.1842   0.0649   0.0531   0.0190   0.0012   0.0013   0.0001   0.0040

imp-sampled: sum_P_eig,sum_abs_P_eig,sign_condition_number=  1.000000  1.001412  0.931872

P_FN1=
   0.9945   0.0080   0.0141   0.0125   0.0225   0.0182   0.0688   0.8389   0.0134
   0.0021   0.9883   0.0000   0.0039   0.0115   0.0000   0.0268   0.0000   0.0341
   0.0017   0.0000   0.9817   0.0000   0.0000   0.0000   0.0000   0.0000   0.0287
   0.0010   0.0012   0.0000   0.9790   0.0049   0.0131   0.0042   0.7798   0.0131
   0.0004   0.0008   0.0000   0.0012   0.9677   0.0058   0.0000   0.2890   0.0097
   0.0001   0.0000   0.0000   0.0013   0.0025   0.9375   0.0000   0.0000   0.0026
   0.0001   0.0001   0.0000   0.0001   0.0000   0.0000   0.9257   0.0245   0.0000
   0.0000   0.0000   0.0000   0.0000   0.0000   0.0000   0.0000   0.0451   0.0001
   0.0000   0.0003   0.0006   0.0004   0.0014   0.0009   0.0000   0.1232   0.9531

eigenvalues of P_FN1=  0.045094  0.925580  0.936618  0.951342  0.967533  0.978676  0.980695  0.987269  0.999840
eigenvalues of H_FN1= 46.470042  2.445741  1.893883  1.157635  0.348101 -0.209031 -0.309977 -0.638709 -1.267230

eigenval_p,eigenval_h=  0.999840 -1.267230
psiFN1_psiG =    0.6773   0.1747   0.0707   0.0517   0.0171   0.0035   0.0010   0.0000   0.0039
psiFN1      =    0.8274   0.4125   0.2462   0.2227   0.1518   0.0480   0.0376   0.0028   0.0905
overlap_G_FN1=    0.9968

E_0, E_G, E_FN1, E_G-E_0, E_FN1-E_0, rms fluctuation of E_L  -1.27524  -1.25414  -1.26723   0.02110   0.00801   0.23158
E_L     =  -1.2789  -1.2150  -1.0945  -1.1988  -1.7983  -0.0528  -2.5520 -56.3035  -4.0119
P_L     =   1.0002   0.9990   0.9965   0.9986   1.0106   0.9757   1.0257   2.1007   1.0549
P_abs_L =   1.0001   1.0000   0.9992   0.9989   1.0173   1.0075   1.0643   3.0149   1.0561

P_propos=
   0.9944   0.0080   0.0141   0.0125   0.0221   0.0181   0.0646   0.2783   0.0127
   0.0021   0.9895   0.0000   0.0039   0.0113   0.0000   0.0252   0.0000   0.0323
   0.0017   0.0000   0.9853   0.0000   0.0000   0.0000   0.0000   0.0000   0.0271
   0.0010   0.0012   0.0000   0.9805   0.0048   0.0130   0.0039   0.2586   0.0124
   0.0004   0.0008   0.0000   0.0012   0.9579   0.0058   0.0000   0.0959   0.0092
   0.0001   0.0000   0.0000   0.0013   0.0024   0.9622   0.0000   0.0000   0.0025
   0.0001   0.0001   0.0000   0.0001   0.0000   0.0000   0.9062   0.0081   0.0000
   0.0000   0.0000   0.0000   0.0000   0.0000   0.0000   0.0000   0.3182   0.0001
   0.0000   0.0003   0.0006   0.0004   0.0014   0.0009   0.0000   0.0409   0.9038
sum P_propos  1.000000  1.000000  1.000000  1.000000  1.000000  1.000000  1.000000  1.000000  1.000000
E_FN1= -1.267230 -1.267230
psiG**2=         0.6658   0.1781   0.0820   0.0536   0.0126   0.0054   0.0008   0.0000   0.0018
psiG**2 * P_L=   0.6659   0.1779   0.0817   0.0535   0.0128   0.0052   0.0008   0.0000   0.0019
psiG_psiFN=      0.6773   0.1747   0.0707   0.0517   0.0171   0.0035   0.0010   0.0000   0.0039
P_L=             1.0002   0.9990   0.9965   0.9986   1.0106   0.9757   1.0257   2.1007   1.0549
psiFN1_by_psiG=          1.0174   0.9807   0.8626   0.9656   1.3543   0.6572   1.3546   2.4021   2.1284

P_markov=
   0.9944   0.0080   0.0141   0.0125   0.0221   0.0181   0.0646   0.2783   0.0127
   0.0021   0.9895   0.0000   0.0039   0.0113   0.0000   0.0252   0.0000   0.0323
   0.0017   0.0000   0.9853   0.0000   0.0000   0.0000   0.0000   0.0000   0.0271
   0.0010   0.0012   0.0000   0.9806   0.0048   0.0130   0.0039   0.2586   0.0124
   0.0004   0.0008   0.0000   0.0011   0.9580   0.0057   0.0000   0.0959   0.0092
   0.0001   0.0000   0.0000   0.0013   0.0024   0.9623   0.0000   0.0000   0.0025
   0.0001   0.0001   0.0000   0.0001   0.0000   0.0000   0.9062   0.0081   0.0000
   0.0000   0.0000   0.0000   0.0000   0.0000   0.0000   0.0000   0.3182   0.0000
   0.0000   0.0003   0.0006   0.0004   0.0013   0.0008   0.0000   0.0409   0.9038

eigenvalues of P_markov=  0.318242  0.903215  0.906146  0.955698  0.963129  0.980262  0.983343  0.988576  1.000000
eigenvalues of H_markov= 32.812662  3.563996  3.417472  0.939835  0.568285 -0.288338 -0.442377 -0.704020 -1.275242

eigenval_p,eigenval_h=  1.000000 -1.267230
psi for P_mar=   0.6658   0.1781   0.0820   0.0536   0.0126   0.0054   0.0008   0.0000   0.0018
psiG**2      =   0.6658   0.1781   0.0820   0.0536   0.0126   0.0054   0.0008   0.0000   0.0018
Above 2 lines should be equal since Markov matrix has dominant state psiG**2
The exception to this occurs when there is no sign problem, but some components of psiG have the wrong sign, in which case one has 2 decoupled spaces with degenerate dominant eigenvalues

P_FN3=
   0.9947   0.0080   0.0140   0.0125   0.0223   0.0176   0.0663   0.5845   0.0134
   0.0021   0.9885   0.0000   0.0039   0.0114   0.0000   0.0259   0.0000   0.0340
   0.0017   0.0000   0.9819   0.0000   0.0000   0.0000   0.0000   0.0000   0.0286
   0.0010   0.0012   0.0000   0.9793   0.0049   0.0127   0.0040   0.5433   0.0131
   0.0004   0.0008   0.0000   0.0011   0.9682   0.0056   0.0000   0.2014   0.0097
   0.0001   0.0000   0.0000   0.0013   0.0024   0.9390   0.0000   0.0000   0.0026
   0.0001   0.0001   0.0000   0.0001   0.0000   0.0000   0.9295   0.0171   0.0000
   0.0000   0.0000   0.0000   0.0000   0.0000   0.0000   0.0000   0.6686   0.0000
   0.0000   0.0003   0.0006   0.0004   0.0013   0.0008   0.0000   0.0858   0.9534
E_FN3= -1.266523 -1.266523

eigenvalues of P_FN3=  0.668523  0.929396  0.938088  0.951768  0.968023  0.978899  0.980916  0.987470  0.999986
eigenvalues of H_FN3= 15.306608  2.262976  1.828385  1.144366  0.331603 -0.212180 -0.313053 -0.640753 -1.266523

eigenval_p,eigenval_h=  0.999986 -1.266523
psiFN3_psiG  =   0.6775   0.1747   0.0708   0.0517   0.0170   0.0036   0.0010   0.0000   0.0037
psiFN3      =    0.8279   0.4127   0.2466   0.2228   0.1504   0.0485   0.0371   0.0027   0.0859

P_FN4=
   0.9947   0.0080   0.0140   0.0125   0.0223   0.0176   0.0663   0.5845   0.0134
   0.0021   0.9885   0.0000   0.0039   0.0114   0.0000   0.0259   0.0000   0.0340
   0.0017   0.0000   0.9819   0.0000   0.0000   0.0000   0.0000   0.0000   0.0286
   0.0010   0.0012   0.0000   0.9792   0.0049   0.0127   0.0040   0.5433   0.0131
   0.0004   0.0008   0.0000   0.0012   0.9681   0.0056   0.0000   0.2014   0.0097
   0.0001   0.0000   0.0000   0.0013   0.0024   0.9389   0.0000   0.0000   0.0026
   0.0001   0.0001   0.0000   0.0001   0.0000   0.0000   0.9295   0.0171   0.0000
   0.0000   0.0000   0.0000   0.0000   0.0000   0.0000   0.0000   0.6686   0.0001
   0.0000   0.0003   0.0006   0.0004   0.0014   0.0009   0.0000   0.0858   0.9534
E_FN4= -1.267648 -1.267648

eigenvalues of P_FN4=  0.668466  0.929363  0.937987  0.951643  0.967957  0.978868  0.980891  0.987442  1.000008
eigenvalues of H_FN4= 15.309454  2.264618  1.833430  1.150640  0.334913 -0.210616 -0.311783 -0.639346 -1.267648

eigenval_p,eigenval_h=  1.000008 -1.267648
psiFN4_psiG  =   0.6768   0.1748   0.0708   0.0518   0.0173   0.0036   0.0011   0.0000   0.0039
psiFN4      =    0.8267   0.4127   0.2465   0.2231   0.1533   0.0489   0.0395   0.0080   0.0908
FN5: sum_pos  0.000000
FN5: sum_pos  0.059867
FN5: sum_pos  0.139850
FN5: sum_pos  0.023232
FN5: sum_pos  0.340691
FN5: sum_pos  1.599343
FN5: sum_pos  1.939483
FN5: sum_pos 45.718002
FN5: sum_pos  0.069987

P_FN5=
   0.9945   0.0080   0.0141   0.0125   0.0225   0.0182   0.0688   0.8389   0.0134
   0.0021   0.9883   0.0000   0.0039   0.0115   0.0000   0.0268   0.0000   0.0341
   0.0017   0.0000   0.9817   0.0000   0.0000   0.0000   0.0000   0.0000   0.0287
   0.0010   0.0012   0.0000   0.9790   0.0049   0.0131   0.0042   0.7798   0.0131
   0.0004   0.0008   0.0000   0.0012   0.9677   0.0058   0.0000   0.2890   0.0097
   0.0001   0.0000   0.0000   0.0013   0.0025   0.9375   0.0000   0.0000   0.0026
   0.0001   0.0001   0.0000   0.0001   0.0000   0.0000   0.9257   0.0245   0.0000
   0.0000   0.0000   0.0000   0.0000   0.0000   0.0000   0.0000   0.2676   0.0001
   0.0000   0.0003   0.0006   0.0004   0.0014   0.0009   0.0000   0.1232   0.9531
E_FN5= -1.267349 -1.267295

eigenvalues of P_FN5=  0.267523  0.925609  0.936632  0.951349  0.967536  0.978681  0.980696  0.987269  0.999842
eigenvalues of H_FN5= 35.348604  2.444315  1.893168  1.157317  0.347939 -0.209307 -0.310021 -0.638715 -1.267349

eigenval_p,eigenval_h=  0.999842 -1.267349
psiFN5_psiG  =   0.6773   0.1747   0.0707   0.0518   0.0171   0.0035   0.0010   0.0000   0.0039
psiFN5      =    0.8274   0.4125   0.2461   0.2229   0.1519   0.0480   0.0376   0.0036   0.0905

E_G, E_FN1, E_FN3, E_FN4, E_0, recover_FN1, recover_FN3, recover_FN4, 1-ovlp_FN1, 1-ovlp_FN3, 1-ovlp_FN4, sign_cond_num= -1.254143 -1.267230 -1.266523 -1.267648 -1.275242 0.620 0.587 0.640 2.E-03 2.E-03 2.E-03 0.932

P_propos2=
   0.9944   0.0080   0.0141   0.0125   0.0223   0.0187   0.0670   0.3993   0.0127
   0.0021   0.9895   0.0000   0.0039   0.0114   0.0000   0.0262   0.0000   0.0323
   0.0017   0.0000   0.9853   0.0000   0.0000   0.0000   0.0000   0.0000   0.0272
   0.0010   0.0012   0.0000   0.9805   0.0049   0.0135   0.0041   0.3712   0.0124
   0.0004   0.0008   0.0000   0.0012   0.9577   0.0059   0.0000   0.1376   0.0092
   0.0001   0.0000   0.0000   0.0013   0.0024   0.9610   0.0000   0.0000   0.0025
   0.0001   0.0001   0.0000   0.0001   0.0000   0.0000   0.9027   0.0117   0.0000
   0.0000   0.0000   0.0000   0.0000   0.0000   0.0000   0.0000   0.0216   0.0001
   0.0000   0.0003   0.0006   0.0004   0.0014   0.0009   0.0000   0.0586   0.9037

