Input hamiltonian
hamiltonian=random                                                                          
Input ndim, E_T, tau_in
ndim, E_T, tau_in=    9-20.000000 0.007500
Input fraction_positive, off_diag_mag, psiG_noise
fraction_positive, off_diag_mag,psiG_noise= 0.500000 0.500000 0.030000
psiG_correct_sign
psiG_correct_sign= F
Input irand_seed
irand_seed=1425565376542456

Data set    1

H=
  -1.0000   0.0800   0.1401  -0.1696   0.0630   0.1789  -0.0366  -0.0928  -0.2290
   0.0800  -0.7500   0.0859   0.2028  -0.0542   0.1379   0.1569  -0.0799  -0.2353
   0.1401   0.0859  -0.5000   0.1165  -0.2461  -0.0961  -0.2234  -0.1402   0.2370
  -0.1696   0.2028   0.1165  -0.2500  -0.0711  -0.2226   0.0454   0.1250  -0.0263
   0.0630  -0.0542  -0.2461  -0.0711   0.0000  -0.0210   0.1375  -0.2232  -0.0393
   0.1789   0.1379  -0.0961  -0.2226  -0.0210   0.2500  -0.2276  -0.1955  -0.0772
  -0.0366   0.1569  -0.2234   0.0454   0.1375  -0.2276   0.5000  -0.2075  -0.1275
  -0.0928  -0.0799  -0.1402   0.1250  -0.2232  -0.1955  -0.2075   0.7500  -0.0525
  -0.2290  -0.2353   0.2370  -0.0263  -0.0393  -0.0772  -0.1275  -0.0525   1.0000

eigenval_p,eigenval_h=  1.000000 -1.153737
psi for P    =   0.8957  -0.1375  -0.3155   0.2159  -0.1095  -0.0884  -0.0127  -0.0197   0.1112

eigenvalues of P=  0.982688  0.984162  0.986189  0.990225  0.991196  0.993415  0.995919  0.998329  1.000000
eigenvalues of H=  1.154489  0.958038  0.687698  0.149593  0.020158 -0.275736 -0.609584 -0.930919 -1.153737
tau, tau_max= 0.007500 0.433233
P=
   0.9988  -0.0006  -0.0011   0.0013  -0.0005  -0.0013   0.0003   0.0007   0.0017
  -0.0006   0.9970  -0.0006  -0.0015   0.0004  -0.0010  -0.0012   0.0006   0.0018
  -0.0011  -0.0006   0.9951  -0.0009   0.0018   0.0007   0.0017   0.0011  -0.0018
   0.0013  -0.0015  -0.0009   0.9932   0.0005   0.0017  -0.0003  -0.0009   0.0002
  -0.0005   0.0004   0.0018   0.0005   0.9913   0.0002  -0.0010   0.0017   0.0003
  -0.0013  -0.0010   0.0007   0.0017   0.0002   0.9895   0.0017   0.0015   0.0006
   0.0003  -0.0012   0.0017  -0.0003  -0.0010   0.0017   0.9876   0.0016   0.0010
   0.0007   0.0006   0.0011  -0.0009   0.0017   0.0015   0.0016   0.9857   0.0004
   0.0017   0.0018  -0.0018   0.0002   0.0003   0.0006   0.0010   0.0004   0.9838

sum_P_eig,sum_abs_P_eig,sign_condition_number=  1.905979  1.912349  0.640891

P after making eigenvec +ve =
   0.9988   0.0006   0.0011   0.0013   0.0005   0.0013  -0.0003  -0.0007   0.0017
   0.0006   0.9970  -0.0006   0.0015   0.0004  -0.0010  -0.0012   0.0006  -0.0018
   0.0011  -0.0006   0.9951   0.0009   0.0018   0.0007   0.0017   0.0011   0.0018
   0.0013   0.0015   0.0009   0.9932  -0.0005  -0.0017   0.0003   0.0009   0.0002
   0.0005   0.0004   0.0018  -0.0005   0.9913   0.0002  -0.0010   0.0017  -0.0003
   0.0013  -0.0010   0.0007  -0.0017   0.0002   0.9895   0.0017   0.0015  -0.0006
  -0.0003  -0.0012   0.0017   0.0003  -0.0010   0.0017   0.9876   0.0016  -0.0010
  -0.0007   0.0006   0.0011   0.0009   0.0017   0.0015   0.0016   0.9857  -0.0004
   0.0017  -0.0018   0.0018   0.0002  -0.0003  -0.0006  -0.0010  -0.0004   0.9838

1+(E_0*1-H) (i.e. P with tau=1) after making eigenvec +ve =
   0.8463  -0.0800  -0.1401  -0.1696  -0.0630  -0.1789   0.0366   0.0928  -0.2290
  -0.0800   0.5963   0.0859  -0.2028  -0.0542   0.1379   0.1569  -0.0799   0.2353
  -0.1401   0.0859   0.3463  -0.1165  -0.2461  -0.0961  -0.2234  -0.1402  -0.2370
  -0.1696  -0.2028  -0.1165   0.0963   0.0711   0.2226  -0.0454  -0.1250  -0.0263
  -0.0630  -0.0542  -0.2461   0.0711  -0.1537  -0.0210   0.1375  -0.2232   0.0393
  -0.1789   0.1379  -0.0961   0.2226  -0.0210  -0.4037  -0.2276  -0.1955   0.0772
   0.0366   0.1569  -0.2234  -0.0454   0.1375  -0.2276  -0.6537  -0.2075   0.1275
   0.0928  -0.0799  -0.1402  -0.1250  -0.2232  -0.1955  -0.2075  -0.9037   0.0525
  -0.2290   0.2353  -0.2370  -0.0263   0.0393   0.0772   0.1275   0.0525  -1.1537
psi0         =   0.8957   0.1375   0.3155   0.2159   0.1095   0.0884   0.0127   0.0197   0.1112
psiG         =   0.8908   0.1241   0.3317   0.2144   0.1247   0.0847   0.0006   0.0320   0.1061
1-overlap_G  =   0.0005

E_G= -1.152632

H_imp=
  -1.0000  -0.5739  -0.3764  -0.7047  -0.4503  -1.8827  51.1852   2.5866  -1.9217
  -0.0111  -0.7500   0.0322  -0.1174  -0.0540   0.2021  30.6106  -0.3102   0.2752
  -0.0522   0.2295  -0.5000  -0.1802  -0.6549  -0.3765-116.4567  -1.4549  -0.7406
  -0.0408  -0.3503  -0.0753  -0.2500   0.1223   0.5638 -15.3031  -0.8386  -0.0532
  -0.0088  -0.0545  -0.0925   0.0413   0.0000  -0.0310  26.9411  -0.8704   0.0461
  -0.0170   0.0940  -0.0245   0.0879  -0.0143   0.2500 -30.2807  -0.5179   0.0616
   0.0000   0.0008  -0.0004  -0.0001   0.0007  -0.0017   0.5000  -0.0041   0.0008
   0.0033  -0.0206  -0.0135  -0.0186  -0.0572  -0.0738 -10.4213   0.7500   0.0158
  -0.0273   0.2012  -0.0758  -0.0130   0.0334   0.0968  21.2722   0.1745   1.0000

P_imp=
   0.9988   0.0043   0.0028   0.0053   0.0034   0.0141  -0.3839  -0.0194   0.0144
   0.0001   0.9970  -0.0002   0.0009   0.0004  -0.0015  -0.2296   0.0023  -0.0021
   0.0004  -0.0017   0.9951   0.0014   0.0049   0.0028   0.8734   0.0109   0.0056
   0.0003   0.0026   0.0006   0.9932  -0.0009  -0.0042   0.1148   0.0063   0.0004
   0.0001   0.0004   0.0007  -0.0003   0.9913   0.0002  -0.2021   0.0065  -0.0003
   0.0001  -0.0007   0.0002  -0.0007   0.0001   0.9895   0.2271   0.0039  -0.0005
  -0.0000  -0.0000   0.0000   0.0000  -0.0000   0.0000   0.9876   0.0000  -0.0000
  -0.0000   0.0002   0.0001   0.0001   0.0004   0.0006   0.0782   0.9857  -0.0001
   0.0002  -0.0015   0.0006   0.0001  -0.0003  -0.0007  -0.1595  -0.0013   0.9838
tau_av_expon_proj    = 6.225753 0.655868 1.447896 0.859539 0.720962 0.309743 0.003306 0.147986 0.321026
tau_av_expon_proj_new= 6.504622 2.476861 1.529668 1.106517 0.866749 0.712384 0.604691 0.525283 0.464309
factor=                1.043805 2.085903 1.054912 1.250074 1.183173 1.759804 2.703460 2.050888 1.361509
factor2=                 1.0448   3.7765   1.0565   1.2873   1.2022   2.2999 182.9014   3.5495   1.4463

eigenvalues of P_imp=  0.982688  0.984162  0.986189  0.990225  0.991196  0.993415  0.995919  0.998329  1.000000
eigenvalues of H_imp=  1.154489  0.958038  0.687698  0.149593  0.020158 -0.275736 -0.609584 -0.930919 -1.153737

eigenval_p,eigenval_h=  1.000000 -1.153737
psi0_psiG    =   0.7983   0.0171   0.1047   0.0463   0.0137   0.0075   0.0000   0.0006   0.0118

imp-sampled: sum_P_eig,sum_abs_P_eig,sign_condition_number=  1.000000  1.000557  0.928491

P_FN1=
   0.9988   0.0043   0.0028   0.0053   0.0034   0.0141   0.0000   0.0000   0.0144
   0.0001   0.9930   0.0000   0.0009   0.0004   0.0000   0.0000   0.0023   0.0000
   0.0004   0.0000   0.9949   0.0014   0.0049   0.0028   0.8734   0.0109   0.0056
   0.0003   0.0026   0.0006   0.9923   0.0000   0.0000   0.1148   0.0063   0.0004
   0.0001   0.0004   0.0007   0.0000   0.9902   0.0002   0.0000   0.0065   0.0000
   0.0001   0.0000   0.0002   0.0000   0.0001   0.9830   0.2271   0.0039   0.0000
   0.0000   0.0000   0.0000   0.0000   0.0000   0.0000   0.0125   0.0000   0.0000
   0.0000   0.0002   0.0001   0.0001   0.0004   0.0006   0.0782   0.9650   0.0000
   0.0002   0.0000   0.0006   0.0001   0.0000   0.0000   0.0000   0.0000   0.9809

eigenvalues of P_FN1=  0.012520  0.964722  0.980469  0.982986  0.989496  0.991098  0.993900  0.995341  0.999996
eigenvalues of H_FN1=130.510234  3.549941  1.450369  1.114843  0.246844  0.033231 -0.340447 -0.532588 -1.153184

eigenval_p,eigenval_h=  0.999996 -1.153184
psiFN1_psiG =    0.7976   0.0165   0.1053   0.0462   0.0142   0.0074   0.0000   0.0009   0.0119
psiFN1      =    0.8952   0.1330   0.3174   0.2152   0.1142   0.0876   0.0008   0.0268   0.1120

E_0, E_G, E_FN1, E_G-E_0, E_FN1-E_0, rms fluctuation of E_L  -1.15374  -1.15263  -1.15318   0.00111   0.00055   0.04327
E_L     =  -1.1539  -1.2237  -1.1264  -1.1550  -1.0742  -1.2529 -41.9526  -0.4851  -1.3159
P_L     =   1.0000   1.0005   0.9998   1.0000   0.9994   1.0007   1.3060   0.9950   1.0012
P_abs_L =   1.0000   1.0045   1.0000   1.0010   1.0006   1.0072   2.2811   1.0157   1.0042

P_propos=
   0.9988   0.0043   0.0028   0.0053   0.0034   0.0140   0.0000   0.0000   0.0144
   0.0001   0.9925   0.0000   0.0009   0.0004   0.0000   0.0000   0.0023   0.0000
   0.0004   0.0000   0.9951   0.0014   0.0049   0.0028   0.3829   0.0107   0.0055
   0.0003   0.0026   0.0006   0.9923   0.0000   0.0000   0.0503   0.0062   0.0004
   0.0001   0.0004   0.0007   0.0000   0.9908   0.0002   0.0000   0.0064   0.0000
   0.0001   0.0000   0.0002   0.0000   0.0001   0.9824   0.0996   0.0038   0.0000
   0.0000   0.0000   0.0000   0.0000   0.0000   0.0000   0.4330   0.0000   0.0000
   0.0000   0.0002   0.0001   0.0001   0.0004   0.0005   0.0343   0.9705   0.0000
   0.0002   0.0000   0.0006   0.0001   0.0000   0.0000   0.0000   0.0000   0.9797
sum P_propos  1.000000  1.000000  1.000000  1.000000  1.000000  1.000000  1.000000  1.000000  1.000000
E_FN1= -1.153184 -1.153184
psiG**2=         0.7936   0.0154   0.1100   0.0460   0.0155   0.0072   0.0000   0.0010   0.0113
psiG**2 * P_L=   0.7936   0.0154   0.1100   0.0460   0.0155   0.0072   0.0000   0.0010   0.0113
psiG_psiFN=      0.7976   0.0165   0.1053   0.0462   0.0142   0.0074   0.0000   0.0009   0.0119
P_L=             1.0000   1.0005   0.9998   1.0000   0.9994   1.0007   1.3060   0.9950   1.0012
psiFN_by_psi=          1.0051   1.0719   0.9571   1.0037   0.9162   1.0348   1.2675   0.8373   1.0552

P_markov=
   0.9988   0.0043   0.0028   0.0053   0.0034   0.0140   0.0000   0.0000   0.0144
   0.0001   0.9925   0.0000   0.0009   0.0004   0.0000   0.0000   0.0023   0.0000
   0.0004   0.0000   0.9951   0.0014   0.0049   0.0028   0.3829   0.0107   0.0055
   0.0003   0.0026   0.0006   0.9923   0.0000   0.0000   0.0503   0.0062   0.0004
   0.0001   0.0004   0.0007   0.0000   0.9908   0.0002   0.0000   0.0064   0.0000
   0.0001   0.0000   0.0002   0.0000   0.0001   0.9824   0.0996   0.0038   0.0000
   0.0000   0.0000   0.0000   0.0000   0.0000   0.0000   0.4330   0.0000   0.0000
   0.0000   0.0002   0.0001   0.0001   0.0004   0.0005   0.0343   0.9705   0.0000
   0.0002   0.0000   0.0006   0.0001   0.0000   0.0000   0.0000   0.0000   0.9797

eigenvalues of P_markov=  0.432952  0.970134  0.979372  0.982431  0.989951  0.991050  0.993602  0.995561  1.000000
eigenvalues of H_markov= 74.452611  2.828458  1.596636  1.188823  0.186064  0.039550 -0.300673 -0.561902 -1.153737

eigenval_p,eigenval_h=  1.000000 -1.153184
psi for P_mar=   0.7936   0.0154   0.1100   0.0460   0.0155   0.0072   0.0000   0.0010   0.0113
psiG**2      =   0.7936   0.0154   0.1100   0.0460   0.0155   0.0072   0.0000   0.0010   0.0113
Above 2 lines should be equal since Markov matrix has dominant state psiG**2
The exception to this occurs when there is no sign problem, but some components of psiG have the wrong sign, in which case one has 2 decoupled spaces with degenerate dominant eigenvalues

P_FN3=
   0.9988   0.0043   0.0028   0.0053   0.0034   0.0140   0.0000   0.0000   0.0144
   0.0001   0.9931   0.0000   0.0009   0.0004   0.0000   0.0000   0.0023   0.0000
   0.0004   0.0000   0.9949   0.0014   0.0049   0.0028   0.5001   0.0107   0.0055
   0.0003   0.0026   0.0006   0.9923   0.0000   0.0000   0.0657   0.0062   0.0004
   0.0001   0.0004   0.0007   0.0000   0.9902   0.0002   0.0000   0.0064   0.0000
   0.0001   0.0000   0.0002   0.0000   0.0001   0.9831   0.1300   0.0038   0.0000
   0.0000   0.0000   0.0000   0.0000   0.0000   0.0000   0.5654   0.0000   0.0000
   0.0000   0.0002   0.0001   0.0001   0.0004   0.0005   0.0447   0.9656   0.0000
   0.0002   0.0000   0.0006   0.0001   0.0000   0.0000   0.0000   0.0000   0.9809
E_FN3= -1.153180 -1.153180

eigenvalues of P_FN3=  0.565433  0.965357  0.980536  0.983114  0.989520  0.991125  0.993924  0.995351  1.000000
eigenvalues of H_FN3= 56.789097  3.465882  1.442005  1.098339  0.244180  0.030087 -0.343103 -0.533348 -1.153180

eigenval_p,eigenval_h=  1.000000 -1.153180
psiFN3_psiG  =   0.7976   0.0165   0.1053   0.0462   0.0142   0.0074   0.0000   0.0009   0.0119
psiFN3      =    0.8952   0.1330   0.3174   0.2152   0.1142   0.0876   0.0008   0.0268   0.1119

P_FN4=
   0.9988   0.0043   0.0028   0.0053   0.0034   0.0140   0.0000   0.0000   0.0144
   0.0001   0.9931   0.0000   0.0009   0.0004   0.0000   0.0000   0.0023   0.0000
   0.0004   0.0000   0.9949   0.0014   0.0049   0.0028   0.5001   0.0107   0.0055
   0.0003   0.0026   0.0006   0.9923   0.0000   0.0000   0.0657   0.0062   0.0004
   0.0001   0.0004   0.0007   0.0000   0.9902   0.0002   0.0000   0.0064   0.0000
   0.0001   0.0000   0.0002   0.0000   0.0001   0.9831   0.1300   0.0038   0.0000
   0.0000   0.0000   0.0000   0.0000   0.0000   0.0000   0.5654   0.0000   0.0000
   0.0000   0.0002   0.0001   0.0001   0.0004   0.0006   0.0447   0.9656   0.0000
   0.0002   0.0000   0.0006   0.0001   0.0000   0.0000   0.0000   0.0000   0.9809
E_FN4= -1.153214 -1.153214

eigenvalues of P_FN4=  0.565427  0.965338  0.980534  0.983104  0.989512  0.991119  0.993923  0.995348  1.000000
eigenvalues of H_FN4= 56.789931  3.468393  1.442255  1.099580  0.245220  0.031001 -0.342961 -0.532877 -1.153214

eigenval_p,eigenval_h=  1.000000 -1.153214
psiFN4_psiG  =   0.7974   0.0166   0.1053   0.0462   0.0143   0.0075   0.0000   0.0009   0.0119
psiFN4      =    0.8949   0.1336   0.3174   0.2153   0.1143   0.0882   0.0018   0.0272   0.1123
FN5: sum_pos  0.003356
FN5: sum_pos  0.525504
FN5: sum_pos  0.032150
FN5: sum_pos  0.129229
FN5: sum_pos  0.156420
FN5: sum_pos  0.862808
FN5: sum_pos130.009100
FN5: sum_pos  2.761135
FN5: sum_pos  0.399539

P_FN5=
   0.9988   0.0043   0.0028   0.0053   0.0034   0.0141   0.0000   0.0000   0.0144
   0.0001   0.9930   0.0000   0.0009   0.0004   0.0000   0.0000   0.0023   0.0000
   0.0004   0.0000   0.9949   0.0014   0.0049   0.0028   0.8734   0.0109   0.0056
   0.0003   0.0026   0.0006   0.9923   0.0000   0.0000   0.1148   0.0063   0.0004
   0.0001   0.0004   0.0007   0.0000   0.9902   0.0002   0.0000   0.0065   0.0000
   0.0001   0.0000   0.0002   0.0000   0.0001   0.9830   0.2271   0.0039   0.0000
   0.0000   0.0000   0.0000   0.0000   0.0000   0.0000   0.2547   0.0000   0.0000
   0.0000   0.0002   0.0001   0.0001   0.0004   0.0006   0.0782   0.9650   0.0000
   0.0002   0.0000   0.0006   0.0001   0.0000   0.0000   0.0000   0.0000   0.9809
E_FN5= -1.153213 -1.153190

eigenvalues of P_FN5=  0.254736  0.964724  0.980469  0.982987  0.989496  0.991098  0.993900  0.995342  0.999996
eigenvalues of H_FN5= 98.214755  3.549664  1.450351  1.114693  0.246835  0.033229 -0.340449 -0.532702 -1.153213

eigenval_p,eigenval_h=  0.999996 -1.153213
psiFN5_psiG  =   0.7976   0.0165   0.1053   0.0462   0.0142   0.0074   0.0000   0.0009   0.0119
psiFN5      =    0.8951   0.1330   0.3175   0.2152   0.1142   0.0876   0.0011   0.0268   0.1120

E_G, E_FN1, E_FN3, E_FN4, E_0, recover_FN1, recover_FN3, recover_FN4, 1-ovlp_FN1, 1-ovlp_FN3, 1-ovlp_FN4, sign_cond_num= -1.152632 -1.153184 -1.153180 -1.153214 -1.153737 0.500 0.496 0.527 1.E-04 1.E-04 1.E-04 0.928

P_propos2=
   0.9988   0.0043   0.0028   0.0053   0.0034   0.0141   0.0000   0.0000   0.0144
   0.0001   0.9925   0.0000   0.0009   0.0004   0.0000   0.0000   0.0023   0.0000
   0.0004   0.0000   0.9951   0.0014   0.0049   0.0028   0.6688   0.0110   0.0055
   0.0003   0.0026   0.0006   0.9922   0.0000   0.0000   0.0879   0.0063   0.0004
   0.0001   0.0004   0.0007   0.0000   0.9908   0.0002   0.0000   0.0066   0.0000
   0.0001   0.0000   0.0002   0.0000   0.0001   0.9823   0.1739   0.0039   0.0000
   0.0000   0.0000   0.0000   0.0000   0.0000   0.0000   0.0096   0.0000   0.0000
   0.0000   0.0002   0.0001   0.0001   0.0004   0.0006   0.0598   0.9699   0.0000
   0.0002   0.0000   0.0006   0.0001   0.0000   0.0000   0.0000   0.0000   0.9797

eigenvalues of P_FN1_propos=  0.009590  0.969502  0.979310  0.982305  0.989930  0.991027  0.993584  0.995555  1.000000
psi for P_FN1_propos=   0.7936   0.0154   0.1100   0.0460   0.0155   0.0072   0.0000   0.0010   0.0113
psiG**2 * P_L       =   0.7936   0.0154   0.1100   0.0460   0.0155   0.0072   0.0000   0.0010   0.0113
Above 2 lines should be equal since proposal part of P_FN1 has dominant state psiG**2 * P_L
The exception to this occurs when there is no sign problem, but some components of psiG have the wrong sign, in which case one has 2 decoupled spaces with degenerate dominant eigenvalues

P_L=              1.0000   1.0005   0.9998   1.0000   0.9994   1.0007   1.3060   0.9950   1.0012
P_L_der=          0.0007  -0.0286  -0.0019   0.0071   0.0033  -0.0122  -1.8493   0.0187  -0.0166
P_L_der_by_P_L=   0.0007  -0.0286  -0.0019   0.0071   0.0033  -0.0122  -1.4160   0.0188  -0.0166

P_L_der_by_P_L=   0.0007  -0.0286  -0.0019   0.0071   0.0033  -0.0122  -1.4160   0.0188  -0.0166
psiG_psiFN    =   0.7976   0.0165   0.1053   0.0462   0.0142   0.0074   0.0000   0.0009   0.0119
tmp_vec1      =   0.0005  -0.0005  -0.0002   0.0003   0.0000  -0.0001  -0.0000   0.0000  -0.0002

PP_FN1=
   1.9988   0.0043   0.0028   0.0053   0.0034   0.0141   0.0000   0.0000   0.0144
   0.0001   1.9930   0.0000   0.0009   0.0004   0.0000   0.0000   0.0023   0.0000
   0.0004   0.0000   1.9949   0.0014   0.0049   0.0028   0.8734   0.0109   0.0056
   0.0003   0.0026   0.0006   1.9923   0.0000   0.0000   0.1148   0.0063   0.0004
   0.0001   0.0004   0.0007   0.0000   1.9902   0.0002   0.0000   0.0065   0.0000
   0.0001   0.0000   0.0002   0.0000   0.0001   1.9830   0.2271   0.0039   0.0000
   0.0000   0.0000   0.0000   0.0000   0.0000   0.0000   1.0125   0.0000   0.0000
   0.0000   0.0002   0.0001   0.0001   0.0004   0.0006   0.0782   1.9650   0.0000
   0.0002   0.0000   0.0006   0.0001   0.0000   0.0000   0.0000   0.0000   1.9809
iter, W_der_by_W, change=    1  0.000193  1.9E-04

PP_FN1=
   2.9965   0.0129   0.0085   0.0158   0.0101   0.0421   0.0063   0.0002   0.0430
   0.0003   2.9792   0.0000   0.0026   0.0012   0.0000   0.0003   0.0069   0.0000
   0.0012   0.0000   2.9846   0.0040   0.0147   0.0084   1.7550   0.0324   0.0165
   0.0009   0.0078   0.0017   2.9768   0.0000   0.0000   0.2311   0.0186   0.0012
   0.0002   0.0012   0.0021   0.0000   2.9706   0.0007   0.0012   0.0193   0.0000
   0.0004   0.0000   0.0005   0.0000   0.0003   2.9493   0.4537   0.0115   0.0000
   0.0000   0.0000   0.0000   0.0000   0.0000   0.0000   1.0127   0.0001   0.0000
   0.0000   0.0005   0.0003   0.0004   0.0013   0.0016   0.1548   2.8963   0.0000
   0.0006   0.0000   0.0017   0.0003   0.0000   0.0000   0.0005   0.0000   2.9429
iter, W_der_by_W, change=    2  0.000273  8.0E-05
iter, W_der_by_W, change=    3  0.000351  7.8E-05
iter, W_der_by_W, change=    4  0.000428  7.7E-05
iter, W_der_by_W, change=    5  0.000503  7.5E-05
iter, W_der_by_W, change=    6  0.000577  7.4E-05
iter, W_der_by_W, change=    7  0.000650  7.3E-05
iter, W_der_by_W, change=    8  0.000721  7.1E-05
iter, W_der_by_W, change=    9  0.000791  7.0E-05
iter, W_der_by_W, change=   10  0.000860  6.9E-05
iter, W_der_by_W, change=   20  0.001487  5.8E-05
iter, W_der_by_W, change=   30  0.002018  4.9E-05
iter, W_der_by_W, change=   40  0.002468  4.2E-05
iter, W_der_by_W, change=   50  0.002854  3.6E-05
iter, W_der_by_W, change=   60  0.003185  3.1E-05
iter, W_der_by_W, change=   70  0.003471  2.7E-05
iter, W_der_by_W, change=   80  0.003720  2.3E-05
iter, W_der_by_W, change=   90  0.003936  2.0E-05
iter, W_der_by_W, change=  100  0.004125  1.8E-05
iter, W_der_by_W, change=  200  0.005143  5.4E-06
iter, W_der_by_W, change=  300  0.005471  1.8E-06
iter, W_der_by_W, change=  400  0.005584  6.2E-07
iter, W_der_by_W, change=  500  0.005619  1.6E-07
iter, W_der_by_W, change=  600  0.005626  1.7E-09
iter, W_der_by_W, change=  700  0.005623 -4.7E-08
iter, W_der_by_W, change=  800  0.005618 -5.3E-08
iter, W_der_by_W, change=  900  0.005613 -4.5E-08
iter, W_der_by_W, change= 1000  0.005609 -3.5E-08
iter, W_der_by_W, change= 2000  0.005599 -6.0E-10
iter, W_der_by_W, change= 3000  0.005599 -6.2E-12
iter, W_der_by_W, change= 4000  0.005599 -6.0E-14
Final iter, W_der_by_W, change= 4383  0.005599 -1.0E-14

PP_FN1=
3551.50533586.14013169.16593378.51453039.69323564.12654234.73962782.16763619.4594
  69.6461 221.4064  65.6347  84.2379  68.2156  71.0662  89.7607  70.6496  72.3167
 439.3690 468.5417 617.2176 462.0308 494.1617 483.1902 746.3093 450.7721 513.6488
 195.7696 251.3376 193.1106 325.1932 180.4458 200.8064 269.8096 190.5245 207.6354
  59.5321  68.7916  69.8081  60.9886 162.6637  64.9148  89.6522  74.6183  65.5546
  32.1971  33.0565  31.4845  31.3056  29.9424  91.9075  55.2519  33.3127  33.6158
   0.0022   0.0024   0.0027   0.0024   0.0023   0.0031   1.0164   0.0031   0.0024
   3.5819   4.6835   4.1860   4.2331   4.9052   4.7476   7.8494  32.3932   3.9520
  51.3866  52.8659  52.6003  50.8731  47.5213  52.8307  68.0231  43.5804 106.5810

gradient_vmc_FD, gradient_vmc= -0.017643 -0.017643
E_L_der =         -0.0898   3.8156   0.2590  -0.9457  -0.4349   1.6281 246.5702  -2.4989   2.2167
E_L_der_increm =  -0.0898   3.8156   0.2590  -0.9457  -0.4349   1.6281 246.5702  -2.4989   2.2167
The above 2 lines should be equal
psiFN1_psiG  =   0.7976   0.0165   0.1053   0.0462   0.0142   0.0074   0.0000   0.0009   0.0119
psiG_increm**2=                 0.7936    0.0154    0.1100    0.0460    0.0155    0.0072    0.0000    0.0010    0.0113
psiG_increm**2 * P_L_increm=    0.7936    0.0154    0.1100    0.0460    0.0155    0.0072    0.0000    0.0010    0.0113
psiG_psiFN_increm=              0.7976    0.0165    0.1053    0.0462    0.0142    0.0074    0.0000    0.0009    0.0119
psiFN_by_psi_increm                   1.0051    1.0719    0.9571    1.0037    0.9162    1.0348    1.2675    0.8373    1.0552
psiFN_by_psi                          1.0051    1.0719    0.9571    1.0037    0.9162    1.0348    1.2675    0.8373    1.0552
psiFN_by_psi_increm                  1.005094898   1.071937051   0.957061229   1.003674492   0.916201679   1.034845369   1.267461692   0.837287220   1.055208964
psiFN_by_psi                         1.005094890   1.071937399   0.957061268   1.003674436   0.916201674   1.034845442   1.267461972   0.837287195   1.055209060
psiFN_by_psi_der=                     0.0855   -3.4862   -0.3879    0.5600    0.0446   -0.7343   -2.8012    0.2449   -0.9562

gradient_FN1_1= -0.000000 -0.018765  0.000000 -0.000000  0.000000 -0.000000 -0.000000  0.000000 -0.000000

gradient_FN1_2= -0.000049  0.003788 -0.001145 -0.000046  0.000055  0.000525  0.000046  0.000167  0.001753

gradient_FN1_3= -0.071606  0.063037  0.027269 -0.043649 -0.006193  0.012079  0.000127 -0.002138  0.026354

E_FN1, E_FN1_increm, gradient_FN1_FD, gradient_FN1= -1.153184 -1.153184 -0.008393 -0.008392

gradient_FN1_FD, gradient_FN1, 1st+2*2nd terms, gradient_FU2000, gradient_FN1_1, gradient_FN1_2, gradient_FN1_3, W_der_by_W= -0.008393 -0.008392 -0.008209 -0.007888 -0.018765  0.005095  0.005278  0.005599

 1 gradient_vmc, gradient_vmc_eval_in_dmc, gradient_FN1, gradient_FN1_1+2*gradient_FN1_3, gradient_FN1_1+W_der_by_W+gradient_FN1_3= -0.017643 -0.018908 -0.008392 -0.008209 -0.007888

 1 Ratio: Error replace 2nd by 3rd term  to  Error replace 2nd by W_der_by_W=  0.363846
------------------------------------------------------------

Data set    2

H=
  -1.0000   0.2078   0.2465  -0.1774   0.1550   0.0818   0.1172   0.0597   0.0351
   0.2078  -0.7500   0.0317   0.1078  -0.1529   0.2204  -0.0884   0.0460  -0.1722
   0.2465   0.0317  -0.5000  -0.0188   0.1205   0.0786   0.1065   0.0542  -0.2134
  -0.1774   0.1078  -0.0188  -0.2500   0.1196   0.2078   0.0252   0.1955   0.1204
   0.1550  -0.1529   0.1205   0.1196   0.0000  -0.1889   0.1373  -0.1491  -0.1836
   0.0818   0.2204   0.0786   0.2078  -0.1889   0.2500   0.0471   0.2473  -0.0761
   0.1172  -0.0884   0.1065   0.0252   0.1373   0.0471   0.5000  -0.0512   0.1073
   0.0597   0.0460   0.0542   0.1955  -0.1491   0.2473  -0.0512   0.7500  -0.1677
   0.0351  -0.1722  -0.2134   0.1204  -0.1836  -0.0761   0.1073  -0.1677   1.0000

eigenval_p,eigenval_h=  1.000000 -1.275242
psi for P    =   0.8174  -0.4330  -0.2248   0.2275  -0.1681  -0.0167  -0.0476  -0.0495  -0.0940

eigenvalues of P=  0.981460  0.983810  0.986112  0.988619  0.990599  0.992641  0.994540  0.996140  1.000000
eigenvalues of H=  1.196769  0.883489  0.576467  0.242178 -0.021770 -0.294090 -0.547235 -0.760567 -1.275242
tau, tau_max= 0.007500 0.404529
P=
   0.9979  -0.0016  -0.0018   0.0013  -0.0012  -0.0006  -0.0009  -0.0004  -0.0003
  -0.0016   0.9961  -0.0002  -0.0008   0.0011  -0.0017   0.0007  -0.0003   0.0013
  -0.0018  -0.0002   0.9942   0.0001  -0.0009  -0.0006  -0.0008  -0.0004   0.0016
   0.0013  -0.0008   0.0001   0.9923  -0.0009  -0.0016  -0.0002  -0.0015  -0.0009
  -0.0012   0.0011  -0.0009  -0.0009   0.9904   0.0014  -0.0010   0.0011   0.0014
  -0.0006  -0.0017  -0.0006  -0.0016   0.0014   0.9886  -0.0004  -0.0019   0.0006
  -0.0009   0.0007  -0.0008  -0.0002  -0.0010  -0.0004   0.9867   0.0004  -0.0008
  -0.0004  -0.0003  -0.0004  -0.0015   0.0011  -0.0019   0.0004   0.9848   0.0013
  -0.0003   0.0013   0.0016  -0.0009   0.0014   0.0006  -0.0008   0.0013   0.9829

sum_P_eig,sum_abs_P_eig,sign_condition_number=  2.078525  2.083401  0.731699

P after making eigenvec +ve =
   0.9979   0.0016   0.0018   0.0013   0.0012   0.0006   0.0009   0.0004   0.0003
   0.0016   0.9961  -0.0002   0.0008   0.0011  -0.0017   0.0007  -0.0003   0.0013
   0.0018  -0.0002   0.9942  -0.0001  -0.0009  -0.0006  -0.0008  -0.0004   0.0016
   0.0013   0.0008  -0.0001   0.9923   0.0009   0.0016   0.0002   0.0015   0.0009
   0.0012   0.0011  -0.0009   0.0009   0.9904   0.0014  -0.0010   0.0011   0.0014
   0.0006  -0.0017  -0.0006   0.0016   0.0014   0.9886  -0.0004  -0.0019   0.0006
   0.0009   0.0007  -0.0008   0.0002  -0.0010  -0.0004   0.9867   0.0004  -0.0008
   0.0004  -0.0003  -0.0004   0.0015   0.0011  -0.0019   0.0004   0.9848   0.0013
   0.0003   0.0013   0.0016   0.0009   0.0014   0.0006  -0.0008   0.0013   0.9829

1+(E_0*1-H) (i.e. P with tau=1) after making eigenvec +ve =
   0.7248  -0.2078  -0.2465  -0.1774  -0.1550  -0.0818  -0.1172  -0.0597  -0.0351
  -0.2078   0.4748   0.0317  -0.1078  -0.1529   0.2204  -0.0884   0.0460  -0.1722
  -0.2465   0.0317   0.2248   0.0188   0.1205   0.0786   0.1065   0.0542  -0.2134
  -0.1774  -0.1078   0.0188  -0.0252  -0.1196  -0.2078  -0.0252  -0.1955  -0.1204
  -0.1550  -0.1529   0.1205  -0.1196  -0.2752  -0.1889   0.1373  -0.1491  -0.1836
  -0.0818   0.2204   0.0786  -0.2078  -0.1889  -0.5252   0.0471   0.2473  -0.0761
  -0.1172  -0.0884   0.1065  -0.0252   0.1373   0.0471  -0.7752  -0.0512   0.1073
  -0.0597   0.0460   0.0542  -0.1955  -0.1491   0.2473  -0.0512  -1.0252  -0.1677
  -0.0351  -0.1722  -0.2134  -0.1204  -0.1836  -0.0761   0.1073  -0.1677  -1.2752
psi0         =   0.8174   0.4330   0.2248   0.2275   0.1681   0.0167   0.0476   0.0495   0.0940
psiG         =   0.8181   0.4316   0.2352   0.2284   0.1591   0.0260   0.0444   0.0416   0.0856
1-overlap_G  =   0.0002

E_G= -1.274667

H_imp=
  -1.0000  -0.3938  -0.8574  -0.6354  -0.7973  -2.5702  -2.1609  -1.1738  -0.3356
  -0.1096  -0.7500   0.0581  -0.2038  -0.4150   3.6559  -0.8600   0.4778  -0.8676
  -0.0709   0.0173  -0.5000   0.0193   0.1781   0.7101   0.5644   0.3068  -0.5860
  -0.0495  -0.0571   0.0182  -0.2500  -0.1717  -1.8236  -0.1297  -1.0738  -0.3210
  -0.0301  -0.0564   0.0815  -0.0833   0.0000  -1.1546   0.4922  -0.5705  -0.3410
  -0.0026   0.0133   0.0087  -0.0237  -0.0309   0.2500   0.0276   0.1548  -0.0231
  -0.0064  -0.0091   0.0201  -0.0049   0.0383   0.0803   0.5000  -0.0546   0.0556
  -0.0030   0.0044   0.0096  -0.0356  -0.0390   0.3952  -0.0480   0.7500  -0.0814
  -0.0037  -0.0342  -0.0777  -0.0451  -0.0989  -0.2505   0.2070  -0.3454   1.0000

P_imp=
   0.9979   0.0030   0.0064   0.0048   0.0060   0.0193   0.0162   0.0088   0.0025
   0.0008   0.9961  -0.0004   0.0015   0.0031  -0.0274   0.0065  -0.0036   0.0065
   0.0005  -0.0001   0.9942  -0.0001  -0.0013  -0.0053  -0.0042  -0.0023   0.0044
   0.0004   0.0004  -0.0001   0.9923   0.0013   0.0137   0.0010   0.0081   0.0024
   0.0002   0.0004  -0.0006   0.0006   0.9904   0.0087  -0.0037   0.0043   0.0026
   0.0000  -0.0001  -0.0001   0.0002   0.0002   0.9886  -0.0002  -0.0012   0.0002
   0.0000   0.0001  -0.0002   0.0000  -0.0003  -0.0006   0.9867   0.0004  -0.0004
   0.0000  -0.0000  -0.0001   0.0003   0.0003  -0.0030   0.0004   0.9848   0.0006
   0.0000   0.0003   0.0006   0.0003   0.0007   0.0019  -0.0016   0.0026   0.9829
tau_av_expon_proj    = 3.625201 1.707951 0.883922 0.951350 0.565224 0.093981 0.222719 0.240539 0.382948
tau_av_expon_proj_new= 3.633167 1.903884 1.289920 0.975379 0.784165 0.655634 0.563303 0.493768 0.439514
factor=                1.002195 1.108394 1.369912 1.024942 1.322075 2.355271 1.830555 1.670046 1.137349
factor2=                 1.0022   1.1147   1.4593   1.0253   1.3874   6.9762   2.5292   2.0528   1.1477

eigenvalues of P_imp=  0.981460  0.983810  0.986112  0.988619  0.990599  0.992641  0.994540  0.996140  1.000000
eigenvalues of H_imp=  1.196769  0.883489  0.576467  0.242178 -0.021770 -0.294090 -0.547235 -0.760567 -1.275242

eigenval_p,eigenval_h=  1.000000 -1.275242
psi0_psiG    =   0.6688   0.1869   0.0529   0.0520   0.0267   0.0004   0.0021   0.0021   0.0081

imp-sampled: sum_P_eig,sum_abs_P_eig,sign_condition_number=  1.000000  1.000464  0.940047

P_FN1=
   0.9979   0.0030   0.0064   0.0048   0.0060   0.0193   0.0162   0.0088   0.0025
   0.0008   0.9958   0.0000   0.0015   0.0031   0.0000   0.0065   0.0000   0.0065
   0.0005   0.0000   0.9927   0.0000   0.0000   0.0000   0.0000   0.0000   0.0044
   0.0004   0.0004   0.0000   0.9922   0.0013   0.0137   0.0010   0.0081   0.0024
   0.0002   0.0004   0.0000   0.0006   0.9888   0.0087   0.0000   0.0043   0.0026
   0.0000   0.0000   0.0000   0.0002   0.0002   0.9522   0.0000   0.0000   0.0002
   0.0000   0.0001   0.0000   0.0000   0.0000   0.0000   0.9770   0.0004   0.0000
   0.0000   0.0000   0.0000   0.0003   0.0003   0.0000   0.0004   0.9778   0.0006
   0.0000   0.0003   0.0006   0.0003   0.0007   0.0019   0.0000   0.0026   0.9825

eigenvalues of P_FN1=  0.952122  0.976716  0.977520  0.982056  0.988668  0.992038  0.992501  0.995340  0.999999
eigenvalues of H_FN1=  5.108451  1.829229  1.722148  1.117263  0.235683 -0.213688 -0.275435 -0.653950 -1.275057

eigenval_p,eigenval_h=  0.999999 -1.275057
psiFN1_psiG =    0.6698   0.1853   0.0537   0.0520   0.0265   0.0006   0.0021   0.0019   0.0080
psiFN1      =    0.8187   0.4293   0.2284   0.2278   0.1666   0.0240   0.0463   0.0460   0.0939

E_0, E_G, E_FN1, E_G-E_0, E_FN1-E_0, rms fluctuation of E_L  -1.27524  -1.27467  -1.27506   0.00057   0.00018   0.03104
E_L     =  -1.2758  -1.2655  -1.2389  -1.2625  -1.3363  -0.7074  -1.4074  -1.5288  -1.5002
P_L     =   1.0000   0.9999   0.9997   0.9999   1.0005   0.9957   1.0010   1.0019   1.0017
P_abs_L =   1.0000   1.0002   1.0012   1.0000   1.0021   1.0321   1.0107   1.0089   1.0021

P_propos=
   0.9979   0.0030   0.0064   0.0048   0.0060   0.0187   0.0160   0.0087   0.0025
   0.0008   0.9959   0.0000   0.0015   0.0031   0.0000   0.0064   0.0000   0.0065
   0.0005   0.0000   0.9930   0.0000   0.0000   0.0000   0.0000   0.0000   0.0044
   0.0004   0.0004   0.0000   0.9923   0.0013   0.0133   0.0010   0.0080   0.0024
   0.0002   0.0004   0.0000   0.0006   0.9884   0.0084   0.0000   0.0042   0.0026
   0.0000   0.0000   0.0000   0.0002   0.0002   0.9579   0.0000   0.0000   0.0002
   0.0000   0.0001   0.0000   0.0000   0.0000   0.0000   0.9763   0.0004   0.0000
   0.0000   0.0000   0.0000   0.0003   0.0003   0.0000   0.0004   0.9761   0.0006
   0.0000   0.0003   0.0006   0.0003   0.0007   0.0018   0.0000   0.0026   0.9809
sum P_propos  1.000000  1.000000  1.000000  1.000000  1.000000  1.000000  1.000000  1.000000  1.000000
E_FN1= -1.275057 -1.275057
psiG**2=         0.6692   0.1863   0.0553   0.0522   0.0253   0.0007   0.0020   0.0017   0.0073
psiG**2 * P_L=   0.6692   0.1863   0.0553   0.0521   0.0253   0.0007   0.0020   0.0017   0.0073
psiG_psiFN=      0.6698   0.1853   0.0537   0.0520   0.0265   0.0006   0.0021   0.0019   0.0080
P_L=             1.0000   0.9999   0.9997   0.9999   1.0005   0.9957   1.0010   1.0019   1.0017
psiFN_by_psi=          1.0009   0.9947   0.9713   0.9975   1.0474   0.9229   1.0438   1.1062   1.0971

P_markov=
   0.9979   0.0030   0.0064   0.0048   0.0060   0.0187   0.0160   0.0087   0.0025
   0.0008   0.9959   0.0000   0.0015   0.0031   0.0000   0.0064   0.0000   0.0065
   0.0005   0.0000   0.9930   0.0000   0.0000   0.0000   0.0000   0.0000   0.0044
   0.0004   0.0004   0.0000   0.9923   0.0013   0.0133   0.0010   0.0080   0.0024
   0.0002   0.0004   0.0000   0.0006   0.9884   0.0084   0.0000   0.0042   0.0026
   0.0000   0.0000   0.0000   0.0002   0.0002   0.9579   0.0000   0.0000   0.0002
   0.0000   0.0001   0.0000   0.0000   0.0000   0.0000   0.9763   0.0004   0.0000
   0.0000   0.0000   0.0000   0.0003   0.0003   0.0000   0.0004   0.9761   0.0006
   0.0000   0.0003   0.0006   0.0003   0.0007   0.0018   0.0000   0.0026   0.9809

eigenvalues of P_markov=  0.957718  0.975462  0.976381  0.980517  0.988259  0.992113  0.992689  0.995407  1.000000
eigenvalues of H_markov=  4.362302  1.996551  1.874003  1.322452  0.290197 -0.223652 -0.300427 -0.662807 -1.275242

eigenval_p,eigenval_h=  1.000000 -1.275057
psi for P_mar=   0.6692   0.1863   0.0553   0.0522   0.0253   0.0007   0.0020   0.0017   0.0073
psiG**2      =   0.6692   0.1863   0.0553   0.0522   0.0253   0.0007   0.0020   0.0017   0.0073
Above 2 lines should be equal since Markov matrix has dominant state psiG**2
The exception to this occurs when there is no sign problem, but some components of psiG have the wrong sign, in which case one has 2 decoupled spaces with degenerate dominant eigenvalues

P_FN3=
   0.9979   0.0030   0.0064   0.0048   0.0060   0.0186   0.0161   0.0087   0.0025
   0.0008   0.9958   0.0000   0.0015   0.0031   0.0000   0.0064   0.0000   0.0065
   0.0005   0.0000   0.9927   0.0000   0.0000   0.0000   0.0000   0.0000   0.0044
   0.0004   0.0004   0.0000   0.9922   0.0013   0.0132   0.0010   0.0080   0.0024
   0.0002   0.0004   0.0000   0.0006   0.9888   0.0084   0.0000   0.0042   0.0026
   0.0000   0.0000   0.0000   0.0002   0.0002   0.9538   0.0000   0.0000   0.0002
   0.0000   0.0001   0.0000   0.0000   0.0000   0.0000   0.9772   0.0004   0.0000
   0.0000   0.0000   0.0000   0.0003   0.0003   0.0000   0.0004   0.9779   0.0006
   0.0000   0.0003   0.0006   0.0003   0.0007   0.0018   0.0000   0.0026   0.9825
E_FN3= -1.275052 -1.275052

eigenvalues of P_FN3=  0.953657  0.976932  0.977704  0.982080  0.988696  0.992049  0.992513  0.995345  1.000000
eigenvalues of H_FN3=  4.903961  1.800627  1.697789  1.114271  0.232176 -0.214939 -0.276733 -0.654379 -1.275052

eigenval_p,eigenval_h=  1.000000 -1.275052
psiFN3_psiG  =   0.6698   0.1853   0.0538   0.0520   0.0265   0.0006   0.0021   0.0019   0.0080
psiFN3      =    0.8187   0.4293   0.2285   0.2278   0.1665   0.0240   0.0463   0.0459   0.0938

P_FN4=
   0.9979   0.0030   0.0064   0.0048   0.0060   0.0186   0.0161   0.0087   0.0025
   0.0008   0.9958   0.0000   0.0015   0.0031   0.0000   0.0064   0.0000   0.0065
   0.0005   0.0000   0.9927   0.0000   0.0000   0.0000   0.0000   0.0000   0.0044
   0.0004   0.0004   0.0000   0.9922   0.0013   0.0132   0.0010   0.0080   0.0024
   0.0002   0.0004   0.0000   0.0006   0.9888   0.0084   0.0000   0.0042   0.0026
   0.0000   0.0000   0.0000   0.0002   0.0002   0.9538   0.0000   0.0000   0.0002
   0.0000   0.0001   0.0000   0.0000   0.0000   0.0000   0.9772   0.0004   0.0000
   0.0000   0.0000   0.0000   0.0003   0.0003   0.0000   0.0004   0.9779   0.0006
   0.0000   0.0003   0.0006   0.0003   0.0007   0.0018   0.0000   0.0026   0.9825
E_FN4= -1.275052 -1.275052

eigenvalues of P_FN4=  0.953654  0.976930  0.977701  0.982072  0.988687  0.992045  0.992510  0.995343  1.000000
eigenvalues of H_FN4=  4.904475  1.800881  1.698193  1.115337  0.233315 -0.214366 -0.276366 -0.654140 -1.275052

eigenval_p,eigenval_h=  1.000000 -1.275052
psiFN4_psiG  =   0.6696   0.1853   0.0538   0.0520   0.0265   0.0006   0.0021   0.0019   0.0080
psiFN4      =    0.8185   0.4293   0.2287   0.2277   0.1668   0.0248   0.0468   0.0463   0.0940
FN5: sum_pos  0.000000
FN5: sum_pos  0.034990
FN5: sum_pos  0.196199
FN5: sum_pos  0.019341
FN5: sum_pos  0.216461
FN5: sum_pos  4.841490
FN5: sum_pos  1.291299
FN5: sum_pos  0.939281
FN5: sum_pos  0.055583

P_FN5=
   0.9979   0.0030   0.0064   0.0048   0.0060   0.0193   0.0162   0.0088   0.0025
   0.0008   0.9958   0.0000   0.0015   0.0031   0.0000   0.0065   0.0000   0.0065
   0.0005   0.0000   0.9927   0.0000   0.0000   0.0000   0.0000   0.0000   0.0044
   0.0004   0.0004   0.0000   0.9922   0.0013   0.0137   0.0010   0.0081   0.0024
   0.0002   0.0004   0.0000   0.0006   0.9888   0.0087   0.0000   0.0043   0.0026
   0.0000   0.0000   0.0000   0.0002   0.0002   0.9523   0.0000   0.0000   0.0002
   0.0000   0.0001   0.0000   0.0000   0.0000   0.0000   0.9770   0.0004   0.0000
   0.0000   0.0000   0.0000   0.0003   0.0003   0.0000   0.0004   0.9778   0.0006
   0.0000   0.0003   0.0006   0.0003   0.0007   0.0019   0.0000   0.0026   0.9825
E_FN5= -1.275058 -1.275057

eigenvalues of P_FN5=  0.952127  0.976717  0.977520  0.982056  0.988668  0.992038  0.992501  0.995340  0.999999
eigenvalues of H_FN5=  5.107793  1.829194  1.722116  1.117251  0.235681 -0.213689 -0.275436 -0.653951 -1.275058

eigenval_p,eigenval_h=  0.999999 -1.275058
psiFN5_psiG  =   0.6698   0.1853   0.0537   0.0520   0.0265   0.0006   0.0021   0.0019   0.0080
psiFN5      =    0.8187   0.4293   0.2284   0.2278   0.1666   0.0240   0.0463   0.0460   0.0939

E_G, E_FN1, E_FN3, E_FN4, E_0, recover_FN1, recover_FN3, recover_FN4, 1-ovlp_FN1, 1-ovlp_FN3, 1-ovlp_FN4, sign_cond_num= -1.274667 -1.275057 -1.275052 -1.275052 -1.275242 0.679 0.669 0.670 5.E-05 5.E-05 5.E-05 0.940

P_propos2=
   0.9979   0.0030   0.0064   0.0048   0.0060   0.0194   0.0162   0.0088   0.0025
   0.0008   0.9959   0.0000   0.0015   0.0031   0.0000   0.0064   0.0000   0.0065
   0.0005   0.0000   0.9930   0.0000   0.0000   0.0000   0.0000   0.0000   0.0044
   0.0004   0.0004   0.0000   0.9923   0.0013   0.0137   0.0010   0.0080   0.0024
   0.0002   0.0004   0.0000   0.0006   0.9884   0.0087   0.0000   0.0043   0.0026
   0.0000   0.0000   0.0000   0.0002   0.0002   0.9563   0.0000   0.0000   0.0002
   0.0000   0.0001   0.0000   0.0000   0.0000   0.0000   0.9760   0.0004   0.0000
   0.0000   0.0000   0.0000   0.0003   0.0003   0.0000   0.0004   0.9759   0.0006
   0.0000   0.0003   0.0006   0.0003   0.0007   0.0019   0.0000   0.0026   0.9809

eigenvalues of P_FN1_propos=  0.956179  0.975279  0.976166  0.980495  0.988233  0.992104  0.992679  0.995403  1.000000
psi for P_FN1_propos=   0.6692   0.1863   0.0553   0.0521   0.0253   0.0007   0.0020   0.0017   0.0073
psiG**2 * P_L       =   0.6692   0.1863   0.0553   0.0521   0.0253   0.0007   0.0020   0.0017   0.0073
Above 2 lines should be equal since proposal part of P_FN1 has dominant state psiG**2 * P_L
The exception to this occurs when there is no sign problem, but some components of psiG have the wrong sign, in which case one has 2 decoupled spaces with degenerate dominant eigenvalues

P_L=              1.0000   0.9999   0.9997   0.9999   1.0005   0.9957   1.0010   1.0019   1.0017
P_L_der=          0.0019  -0.0090  -0.0010   0.0035   0.0072  -0.0635   0.0149  -0.0083   0.0151
P_L_der_by_P_L=   0.0019  -0.0090  -0.0010   0.0035   0.0072  -0.0638   0.0149  -0.0083   0.0151

P_L_der_by_P_L=   0.0019  -0.0090  -0.0010   0.0035   0.0072  -0.0638   0.0149  -0.0083   0.0151
psiG_psiFN    =   0.6698   0.1853   0.0537   0.0520   0.0265   0.0006   0.0021   0.0019   0.0080
tmp_vec1      =   0.0013  -0.0017  -0.0001   0.0002   0.0002  -0.0000   0.0000  -0.0000   0.0001

PP_FN1=
   1.9979   0.0030   0.0064   0.0048   0.0060   0.0193   0.0162   0.0088   0.0025
