Input hamiltonian
hamiltonian=random                                                                          
Input ndim, E_T, tau_in
ndim, E_T, tau_in=    9-20.000000 0.020000
Input fraction_positive, off_diag_mag, psiG_noise
fraction_positive, off_diag_mag,psiG_noise= 0.500000 0.500000 0.040000
psiG_correct_sign
psiG_correct_sign= F
Input irand_seed
irand_seed=1425565376542456

Data set    1

H=
  -1.0000   0.0800   0.1401  -0.1696   0.0630   0.1789  -0.0366  -0.0928  -0.2290
   0.0800  -0.7500   0.0859   0.2028  -0.0542   0.1379   0.1569  -0.0799  -0.2353
   0.1401   0.0859  -0.5000   0.1165  -0.2461  -0.0961  -0.2234  -0.1402   0.2370
  -0.1696   0.2028   0.1165  -0.2500  -0.0711  -0.2226   0.0454   0.1250  -0.0263
   0.0630  -0.0542  -0.2461  -0.0711   0.0000  -0.0210   0.1375  -0.2232  -0.0393
   0.1789   0.1379  -0.0961  -0.2226  -0.0210   0.2500  -0.2276  -0.1955  -0.0772
  -0.0366   0.1569  -0.2234   0.0454   0.1375  -0.2276   0.5000  -0.2075  -0.1275
  -0.0928  -0.0799  -0.1402   0.1250  -0.2232  -0.1955  -0.2075   0.7500  -0.0525
  -0.2290  -0.2353   0.2370  -0.0263  -0.0393  -0.0772  -0.1275  -0.0525   1.0000

eigenval_p,eigenval_h=  1.000000 -1.153737
psi for P    =   0.8957  -0.1375  -0.3155   0.2159  -0.1095  -0.0884  -0.0127  -0.0197   0.1112

eigenvalues of P=  0.953835  0.957765  0.963171  0.973933  0.976522  0.982440  0.989117  0.995544  1.000000
eigenvalues of H=  1.154489  0.958038  0.687698  0.149593  0.020158 -0.275736 -0.609584 -0.930919 -1.153737
tau, tau_max= 0.020000 0.433233
P=
   0.9969  -0.0016  -0.0028   0.0034  -0.0013  -0.0036   0.0007   0.0019   0.0046
  -0.0016   0.9919  -0.0017  -0.0041   0.0011  -0.0028  -0.0031   0.0016   0.0047
  -0.0028  -0.0017   0.9869  -0.0023   0.0049   0.0019   0.0045   0.0028  -0.0047
   0.0034  -0.0041  -0.0023   0.9819   0.0014   0.0045  -0.0009  -0.0025   0.0005
  -0.0013   0.0011   0.0049   0.0014   0.9769   0.0004  -0.0028   0.0045   0.0008
  -0.0036  -0.0028   0.0019   0.0045   0.0004   0.9719   0.0046   0.0039   0.0015
   0.0007  -0.0031   0.0045  -0.0009  -0.0028   0.0046   0.9669   0.0041   0.0026
   0.0019   0.0016   0.0028  -0.0025   0.0045   0.0039   0.0041   0.9619   0.0011
   0.0046   0.0047  -0.0047   0.0005   0.0008   0.0015   0.0026   0.0011   0.9569

sum_P_eig,sum_abs_P_eig,sign_condition_number=  1.905979  1.922966  0.641680

P after making eigenvec +ve =
   0.9969   0.0016   0.0028   0.0034   0.0013   0.0036  -0.0007  -0.0019   0.0046
   0.0016   0.9919  -0.0017   0.0041   0.0011  -0.0028  -0.0031   0.0016  -0.0047
   0.0028  -0.0017   0.9869   0.0023   0.0049   0.0019   0.0045   0.0028   0.0047
   0.0034   0.0041   0.0023   0.9819  -0.0014  -0.0045   0.0009   0.0025   0.0005
   0.0013   0.0011   0.0049  -0.0014   0.9769   0.0004  -0.0028   0.0045  -0.0008
   0.0036  -0.0028   0.0019  -0.0045   0.0004   0.9719   0.0046   0.0039  -0.0015
  -0.0007  -0.0031   0.0045   0.0009  -0.0028   0.0046   0.9669   0.0041  -0.0026
  -0.0019   0.0016   0.0028   0.0025   0.0045   0.0039   0.0041   0.9619  -0.0011
   0.0046  -0.0047   0.0047   0.0005  -0.0008  -0.0015  -0.0026  -0.0011   0.9569

1+(E_0*1-H) (i.e. P with tau=1) after making eigenvec +ve =
   0.8463  -0.0800  -0.1401  -0.1696  -0.0630  -0.1789   0.0366   0.0928  -0.2290
  -0.0800   0.5963   0.0859  -0.2028  -0.0542   0.1379   0.1569  -0.0799   0.2353
  -0.1401   0.0859   0.3463  -0.1165  -0.2461  -0.0961  -0.2234  -0.1402  -0.2370
  -0.1696  -0.2028  -0.1165   0.0963   0.0711   0.2226  -0.0454  -0.1250  -0.0263
  -0.0630  -0.0542  -0.2461   0.0711  -0.1537  -0.0210   0.1375  -0.2232   0.0393
  -0.1789   0.1379  -0.0961   0.2226  -0.0210  -0.4037  -0.2276  -0.1955   0.0772
   0.0366   0.1569  -0.2234  -0.0454   0.1375  -0.2276  -0.6537  -0.2075   0.1275
   0.0928  -0.0799  -0.1402  -0.1250  -0.2232  -0.1955  -0.2075  -0.9037   0.0525
  -0.2290   0.2353  -0.2370  -0.0263   0.0393   0.0772   0.1275   0.0525  -1.1537
psi0         =   0.8957   0.1375   0.3155   0.2159   0.1095   0.0884   0.0127   0.0197   0.1112
psiG         =   0.8890   0.1196   0.3371   0.2139   0.1297   0.0834  -0.0034   0.0361   0.1044
1-overlap_G  =   0.0009

E_G= -1.151761

H_imp=
  -1.0000  -0.5943  -0.3696  -0.7050  -0.4317  -1.9073  -9.5046   2.2868  -1.9492
  -0.0108  -0.7500   0.0305  -0.1134  -0.0500   0.1977  -5.4882  -0.2648   0.2695
  -0.0531   0.2421  -0.5000  -0.1836  -0.6394  -0.3884  22.0216  -1.3099  -0.7650
  -0.0408  -0.3627  -0.0739  -0.2500   0.1172   0.5710   2.8404  -0.7410  -0.0540
  -0.0092  -0.0588  -0.0947   0.0431   0.0000  -0.0327  -5.2174  -0.8026   0.0488
  -0.0168   0.0961  -0.0238   0.0868  -0.0135   0.2500   5.5503  -0.4520   0.0617
  -0.0001  -0.0045   0.0023   0.0007  -0.0036   0.0093   0.5000   0.0197  -0.0042
   0.0038  -0.0241  -0.0150  -0.0211  -0.0621  -0.0846   2.1889   0.7500   0.0182
  -0.0269   0.2054  -0.0734  -0.0129   0.0316   0.0967  -3.8942   0.1521   1.0000

P_imp=
   0.9969   0.0119   0.0074   0.0141   0.0086   0.0381   0.1901  -0.0457   0.0390
   0.0002   0.9919  -0.0006   0.0023   0.0010  -0.0040   0.1098   0.0053  -0.0054
   0.0011  -0.0048   0.9869   0.0037   0.0128   0.0078  -0.4404   0.0262   0.0153
   0.0008   0.0073   0.0015   0.9819  -0.0023  -0.0114  -0.0568   0.0148   0.0011
   0.0002   0.0012   0.0019  -0.0009   0.9769   0.0007   0.1043   0.0161  -0.0010
   0.0003  -0.0019   0.0005  -0.0017   0.0003   0.9719  -0.1110   0.0090  -0.0012
   0.0000   0.0001  -0.0000  -0.0000   0.0001  -0.0002   0.9669  -0.0004   0.0001
  -0.0001   0.0005   0.0003   0.0004   0.0012   0.0017  -0.0438   0.9619  -0.0004
   0.0005  -0.0041   0.0015   0.0003  -0.0006  -0.0019   0.0779  -0.0030   0.9569
tau_av_expon_proj    = 6.191822 0.629734 1.463674 0.857139 0.741201 0.304160 0.017635 0.165871 0.315404
tau_av_expon_proj_new= 6.504622 2.476861 1.529668 1.106517 0.866749 0.712384 0.604691 0.525283 0.464309
factor=                1.049264 2.108029 1.044087 1.252789 1.155865 1.773650 2.640152 1.982234 1.378095
factor2=                 1.0505   3.9332   1.0451   1.2909   1.1694   2.3421  34.2893   3.1668   1.4721

eigenvalues of P_imp=  0.953835  0.957765  0.963171  0.973933  0.976522  0.982440  0.989117  0.995544  1.000000
eigenvalues of H_imp=  1.154489  0.958038  0.687698  0.149593  0.020158 -0.275736 -0.609584 -0.930919 -1.153737

eigenval_p,eigenval_h=  1.000000 -1.153737
psi0_psiG    =   0.7969   0.0165   0.1064   0.0462   0.0142   0.0074  -0.0000   0.0007   0.0116

imp-sampled: sum_P_eig,sum_abs_P_eig,sign_condition_number=  1.000000  1.001496  0.927996

P_FN1=
   0.9968   0.0119   0.0074   0.0141   0.0086   0.0381   0.1901   0.0000   0.0390
   0.0002   0.9811   0.0000   0.0023   0.0010   0.0000   0.1098   0.0053   0.0000
   0.0011   0.0000   0.9863   0.0037   0.0128   0.0078   0.0000   0.0262   0.0153
   0.0008   0.0073   0.0015   0.9793   0.0000   0.0000   0.0000   0.0148   0.0011
   0.0002   0.0012   0.0019   0.0000   0.9739   0.0007   0.1043   0.0161   0.0000
   0.0003   0.0000   0.0005   0.0000   0.0003   0.9544   0.0000   0.0090   0.0000
   0.0000   0.0001   0.0000   0.0000   0.0001   0.0000   0.3149   0.0000   0.0001
   0.0000   0.0005   0.0003   0.0004   0.0012   0.0017   0.0000   0.9128   0.0000
   0.0005   0.0000   0.0015   0.0003   0.0000   0.0000   0.0779   0.0000   0.9490

eigenvalues of P_FN1=  0.314865  0.911889  0.947952  0.954428  0.972112  0.976164  0.983503  0.987591  0.999981
eigenvalues of H_FN1= 33.102994  3.251791  1.448638  1.124857  0.240682  0.038080 -0.328873 -0.533262 -1.152789

eigenval_p,eigenval_h=  0.999981 -1.152789
psiFN1_psiG =    0.7961   0.0157   0.1072   0.0460   0.0150   0.0073   0.0000   0.0010   0.0117
psiFN1      =    0.8951   0.1311   0.3178   0.2148   0.1155   0.0873  -0.0024   0.0286   0.1122

E_0, E_G, E_FN1, E_G-E_0, E_FN1-E_0, rms fluctuation of E_L  -1.15374  -1.15176  -1.15279   0.00198   0.00095   0.05149
E_L     =  -1.1540  -1.2508  -1.1177  -1.1554  -1.0515  -1.2883   8.9968  -0.3617  -1.3742
P_L     =   1.0000   1.0020   0.9993   1.0001   0.9980   1.0027   0.7970   0.9842   1.0044
P_abs_L =   1.0001   1.0128   0.9999   1.0026   1.0009   1.0202   1.4490   1.0333   1.0124

P_propos=
   0.9968   0.0117   0.0074   0.0141   0.0086   0.0374   0.1312   0.0000   0.0385
   0.0002   0.9794   0.0000   0.0023   0.0010   0.0000   0.0758   0.0051   0.0000
   0.0011   0.0000   0.9870   0.0037   0.0128   0.0076   0.0000   0.0254   0.0151
   0.0008   0.0072   0.0015   0.9793   0.0000   0.0000   0.0000   0.0143   0.0011
   0.0002   0.0012   0.0019   0.0000   0.9760   0.0006   0.0720   0.0155   0.0000
   0.0003   0.0000   0.0005   0.0000   0.0003   0.9527   0.0000   0.0087   0.0000
   0.0000   0.0001   0.0000   0.0000   0.0001   0.0000   0.6673   0.0000   0.0001
   0.0000   0.0005   0.0003   0.0004   0.0012   0.0017   0.0000   0.9309   0.0000
   0.0005   0.0000   0.0015   0.0003   0.0000   0.0000   0.0537   0.0000   0.9452
sum P_propos  1.000000  1.000000  1.000000  1.000000  1.000000  1.000000  1.000000  1.000000  1.000000
E_FN1= -1.152789 -1.152789
psiG**2=         0.7903   0.0143   0.1136   0.0458   0.0168   0.0070   0.0000   0.0013   0.0109
psiG**2 * P_L=   0.7903   0.0143   0.1135   0.0458   0.0168   0.0070   0.0000   0.0013   0.0110
psiG_psiFN=      0.7961   0.0157   0.1072   0.0460   0.0150   0.0073   0.0000   0.0010   0.0117
P_L=             1.0000   1.0020   0.9993   1.0001   0.9980   1.0027   0.7970   0.9842   1.0044
psiFN_by_psi=          1.0074   1.0966   0.9433   1.0048   0.8903   1.0467   0.7130   0.7929   1.0750

P_markov=
   0.9969   0.0117   0.0074   0.0141   0.0086   0.0374   0.1312   0.0000   0.0385
   0.0002   0.9794   0.0000   0.0022   0.0010   0.0000   0.0758   0.0051   0.0000
   0.0011   0.0000   0.9870   0.0037   0.0128   0.0076   0.0000   0.0254   0.0151
   0.0008   0.0072   0.0015   0.9794   0.0000   0.0000   0.0000   0.0143   0.0011
   0.0002   0.0012   0.0019   0.0000   0.9761   0.0006   0.0720   0.0155   0.0000
   0.0003   0.0000   0.0005   0.0000   0.0003   0.9527   0.0000   0.0087   0.0000
   0.0000   0.0001   0.0000   0.0000   0.0001   0.0000   0.6673   0.0000   0.0001
   0.0000   0.0005   0.0003   0.0004   0.0012   0.0016   0.0000   0.9309   0.0000
   0.0005   0.0000   0.0015   0.0003   0.0000   0.0000   0.0537   0.0000   0.9453

eigenvalues of P_markov=  0.667261  0.929663  0.944372  0.952972  0.973564  0.976174  0.982551  0.988388  1.000000
eigenvalues of H_markov= 15.483201  2.363121  1.627650  1.197675  0.168060  0.037579 -0.281303 -0.573141 -1.153737

eigenval_p,eigenval_h=  1.000000 -1.152789
psi for P_mar=   0.7903   0.0143   0.1136   0.0458   0.0168   0.0070   0.0000   0.0013   0.0109
psiG**2      =   0.7903   0.0143   0.1136   0.0458   0.0168   0.0070   0.0000   0.0013   0.0109
Above 2 lines should be equal since Markov matrix has dominant state psiG**2
The exception to this occurs when there is no sign problem, but some components of psiG have the wrong sign, in which case one has 2 decoupled spaces with degenerate dominant eigenvalues

P_FN3=
   0.9969   0.0118   0.0074   0.0141   0.0086   0.0375   0.1046   0.0000   0.0387
   0.0002   0.9813   0.0000   0.0022   0.0010   0.0000   0.0604   0.0050   0.0000
   0.0011   0.0000   0.9863   0.0037   0.0128   0.0076   0.0000   0.0250   0.0152
   0.0008   0.0072   0.0015   0.9794   0.0000   0.0000   0.0000   0.0141   0.0011
   0.0002   0.0012   0.0019   0.0000   0.9741   0.0006   0.0574   0.0153   0.0000
   0.0003   0.0000   0.0005   0.0000   0.0003   0.9553   0.0000   0.0086   0.0000
   0.0000   0.0001   0.0000   0.0000   0.0000   0.0000   0.5318   0.0000   0.0001
   0.0000   0.0005   0.0003   0.0004   0.0012   0.0016   0.0000   0.9162   0.0000
   0.0005   0.0000   0.0014   0.0003   0.0000   0.0000   0.0428   0.0000   0.9494
E_FN3= -1.152767 -1.152767

eigenvalues of P_FN3=  0.531822  0.915328  0.948442  0.955292  0.972281  0.976358  0.983680  0.987651  1.000000
eigenvalues of H_FN3= 22.256096  3.080819  1.425126  1.082602  0.233158  0.029293 -0.336785 -0.535320 -1.152767

eigenval_p,eigenval_h=  1.000000 -1.152767
psiFN3_psiG  =   0.7961   0.0157   0.1072   0.0460   0.0150   0.0073   0.0000   0.0010   0.0117
psiFN3      =    0.8952   0.1310   0.3180   0.2148   0.1156   0.0871  -0.0025   0.0288   0.1118

P_FN4=
   0.9969   0.0118   0.0074   0.0141   0.0086   0.0375   0.1046   0.0000   0.0387
   0.0002   0.9813   0.0000   0.0023   0.0010   0.0000   0.0604   0.0050   0.0000
   0.0011   0.0000   0.9863   0.0037   0.0128   0.0076   0.0000   0.0250   0.0152
   0.0008   0.0072   0.0015   0.9794   0.0000   0.0000   0.0000   0.0141   0.0011
   0.0002   0.0012   0.0019   0.0000   0.9740   0.0006   0.0574   0.0153   0.0000
   0.0003   0.0000   0.0005   0.0000   0.0003   0.9553   0.0000   0.0086   0.0000
   0.0000   0.0001   0.0000   0.0000   0.0001   0.0000   0.5318   0.0000   0.0001
   0.0000   0.0005   0.0003   0.0004   0.0012   0.0017   0.0000   0.9162   0.0000
   0.0005   0.0000   0.0015   0.0003   0.0000   0.0000   0.0428   0.0000   0.9494
E_FN4= -1.152770 -1.152770

eigenvalues of P_FN4=  0.531813  0.915308  0.948406  0.955269  0.972213  0.976305  0.983661  0.987618  1.000000
eigenvalues of H_FN4= 22.256556  3.081829  1.426909  1.083781  0.236565  0.031945 -0.335836 -0.533709 -1.152770

eigenval_p,eigenval_h=  1.000000 -1.152770
psiFN4_psiG  =   0.7956   0.0159   0.1071   0.0461   0.0150   0.0074   0.0000   0.0011   0.0118
psiFN4      =    0.8946   0.1325   0.3177   0.2152   0.1156   0.0888  -0.0036   0.0297   0.1131
FN5: sum_pos  0.003767
FN5: sum_pos  0.543583
FN5: sum_pos  0.032750
FN5: sum_pos  0.130651
FN5: sum_pos  0.148806
FN5: sum_pos  0.874727
FN5: sum_pos 32.601134
FN5: sum_pos  2.458518
FN5: sum_pos  0.398183

P_FN5=
   0.9968   0.0119   0.0074   0.0141   0.0086   0.0381   0.1901   0.0000   0.0390
   0.0002   0.9811   0.0000   0.0023   0.0010   0.0000   0.1098   0.0053   0.0000
   0.0011   0.0000   0.9863   0.0037   0.0128   0.0078   0.0000   0.0262   0.0153
   0.0008   0.0073   0.0015   0.9793   0.0000   0.0000   0.0000   0.0148   0.0011
   0.0002   0.0012   0.0019   0.0000   0.9739   0.0007   0.1043   0.0161   0.0000
   0.0003   0.0000   0.0005   0.0000   0.0003   0.9544   0.0000   0.0090   0.0000
   0.0000   0.0001   0.0000   0.0000   0.0001   0.0000   0.4039   0.0000   0.0001
   0.0000   0.0005   0.0003   0.0004   0.0012   0.0017   0.0000   0.9128   0.0000
   0.0005   0.0000   0.0015   0.0003   0.0000   0.0000   0.0779   0.0000   0.9490
E_FN5= -1.152829 -1.152777

eigenvalues of P_FN5=  0.403832  0.911942  0.947960  0.954433  0.972113  0.976165  0.983504  0.987591  0.999982
eigenvalues of H_FN5= 28.654653  3.249184  1.448243  1.124632  0.240624  0.037989 -0.328940 -0.533283 -1.152829

eigenval_p,eigenval_h=  0.999982 -1.152829
psiFN5_psiG  =   0.7961   0.0157   0.1072   0.0460   0.0150   0.0073   0.0000   0.0010   0.0117
psiFN5      =    0.8951   0.1312   0.3178   0.2148   0.1155   0.0873  -0.0028   0.0286   0.1122

E_G, E_FN1, E_FN3, E_FN4, E_0, recover_FN1, recover_FN3, recover_FN4, 1-ovlp_FN1, 1-ovlp_FN3, 1-ovlp_FN4, sign_cond_num= -1.151761 -1.152789 -1.152767 -1.152770 -1.153737 0.520 0.509 0.511 2.E-04 2.E-04 2.E-04 0.928

P_propos2=
   0.9968   0.0119   0.0074   0.0141   0.0087   0.0380   0.2385   0.0000   0.0388
   0.0002   0.9792   0.0000   0.0023   0.0010   0.0000   0.1377   0.0054   0.0000
   0.0011   0.0000   0.9870   0.0037   0.0128   0.0077   0.0000   0.0266   0.0152
   0.0008   0.0072   0.0015   0.9793   0.0000   0.0000   0.0000   0.0151   0.0011
   0.0002   0.0012   0.0019   0.0000   0.9759   0.0007   0.1309   0.0163   0.0000
   0.0003   0.0000   0.0005   0.0000   0.0003   0.9519   0.0000   0.0092   0.0000
   0.0000   0.0001   0.0000   0.0000   0.0001   0.0000   0.3951   0.0000   0.0001
   0.0000   0.0005   0.0003   0.0004   0.0012   0.0017   0.0000   0.9274   0.0000
   0.0005   0.0000   0.0015   0.0003   0.0000   0.0000   0.0977   0.0000   0.9448

eigenvalues of P_FN1_propos=  0.395076  0.926215  0.943905  0.952105  0.973384  0.976005  0.982414  0.988345  1.000000
psi for P_FN1_propos=   0.7903   0.0143   0.1135   0.0458   0.0168   0.0070   0.0000   0.0013   0.0110
psiG**2 * P_L       =   0.7903   0.0143   0.1135   0.0458   0.0168   0.0070   0.0000   0.0013   0.0110
Above 2 lines should be equal since proposal part of P_FN1 has dominant state psiG**2 * P_L
The exception to this occurs when there is no sign problem, but some components of psiG have the wrong sign, in which case one has 2 decoupled spaces with degenerate dominant eigenvalues

P_L=              1.0000   1.0020   0.9993   1.0001   0.9980   1.0027   0.7970   0.9842   1.0044
P_L_der=          0.0018  -0.0837  -0.0051   0.0190   0.0084  -0.0331   0.9176   0.0443  -0.0451
P_L_der_by_P_L=   0.0018  -0.0836  -0.0051   0.0190   0.0084  -0.0330   1.1513   0.0450  -0.0449

P_L_der_by_P_L=   0.0018  -0.0836  -0.0051   0.0190   0.0084  -0.0330   1.1513   0.0450  -0.0449
psiG_psiFN    =   0.7961   0.0157   0.1072   0.0460   0.0150   0.0073   0.0000   0.0010   0.0117
tmp_vec1      =   0.0014  -0.0013  -0.0005   0.0009   0.0001  -0.0002   0.0000   0.0000  -0.0005

PP_FN1=
   1.9969   0.0119   0.0074   0.0141   0.0086   0.0381   0.1901   0.0000   0.0390
   0.0002   1.9811   0.0000   0.0023   0.0010   0.0000   0.1098   0.0053   0.0000
   0.0011   0.0000   1.9863   0.0037   0.0128   0.0078   0.0000   0.0262   0.0153
   0.0008   0.0073   0.0015   1.9793   0.0000   0.0000   0.0000   0.0148   0.0011
   0.0002   0.0012   0.0019   0.0000   1.9740   0.0007   0.1043   0.0161   0.0000
   0.0003   0.0000   0.0005   0.0000   0.0003   1.9544   0.0000   0.0090   0.0000
   0.0000   0.0001   0.0000   0.0000   0.0001   0.0000   1.3149   0.0000   0.0001
   0.0000   0.0005   0.0003   0.0004   0.0012   0.0017   0.0000   1.9128   0.0000
   0.0005   0.0000   0.0015   0.0003   0.0000   0.0000   0.0779   0.0000   1.9490
iter, W_der_by_W, change=    1  0.000720  7.2E-04

PP_FN1=
   2.9907   0.0355   0.0222   0.0420   0.0258   0.1126   0.4447   0.0009   0.1150
   0.0006   2.9436   0.0000   0.0067   0.0030   0.0000   0.2522   0.0154   0.0000
   0.0032   0.0001   2.9591   0.0109   0.0379   0.0229   0.0027   0.0763   0.0450
   0.0024   0.0215   0.0044   2.9385   0.0001   0.0001   0.0010   0.0429   0.0032
   0.0005   0.0035   0.0056   0.0000   2.9226   0.0020   0.2390   0.0464   0.0000
   0.0010   0.0000   0.0014   0.0000   0.0008   2.8655   0.0001   0.0259   0.0000
   0.0000   0.0002   0.0000   0.0000   0.0002   0.0000   1.4141   0.0000   0.0002
   0.0000   0.0014   0.0009   0.0012   0.0036   0.0049   0.0002   2.7460   0.0000
   0.0016   0.0000   0.0043   0.0008   0.0000   0.0000   0.1764   0.0000   2.8496
iter, W_der_by_W, change=    2  0.001004  2.8E-04
iter, W_der_by_W, change=    3  0.001268  2.6E-04
iter, W_der_by_W, change=    4  0.001518  2.5E-04
iter, W_der_by_W, change=    5  0.001757  2.4E-04
iter, W_der_by_W, change=    6  0.001984  2.3E-04
iter, W_der_by_W, change=    7  0.002202  2.2E-04
iter, W_der_by_W, change=    8  0.002410  2.1E-04
iter, W_der_by_W, change=    9  0.002609  2.0E-04
iter, W_der_by_W, change=   10  0.002799  1.9E-04
iter, W_der_by_W, change=   20  0.004319  1.3E-04
iter, W_der_by_W, change=   30  0.005339  8.6E-05
iter, W_der_by_W, change=   40  0.006044  6.0E-05
iter, W_der_by_W, change=   50  0.006544  4.3E-05
iter, W_der_by_W, change=   60  0.006904  3.1E-05
iter, W_der_by_W, change=   70  0.007168  2.3E-05
iter, W_der_by_W, change=   80  0.007364  1.7E-05
iter, W_der_by_W, change=   90  0.007509  1.3E-05
iter, W_der_by_W, change=  100  0.007618  9.5E-06
iter, W_der_by_W, change=  200  0.007914  2.5E-07
iter, W_der_by_W, change=  300  0.007901 -2.2E-07
iter, W_der_by_W, change=  400  0.007885 -1.1E-07
iter, W_der_by_W, change=  500  0.007878 -3.9E-08
iter, W_der_by_W, change=  600  0.007876 -1.3E-08
iter, W_der_by_W, change=  700  0.007875 -4.0E-09
iter, W_der_by_W, change=  800  0.007875 -1.2E-09
iter, W_der_by_W, change=  900  0.007875 -3.5E-10
iter, W_der_by_W, change= 1000  0.007875 -1.0E-10
Final iter, W_der_by_W, change= 1745  0.007875 -9.9E-15

PP_FN1=
1413.52801462.32221245.07441347.05311177.12111433.7056 971.73071049.57401466.7908
  26.4763  83.0020  24.5623  31.6340  25.0569  27.2929  27.6264  25.0886  27.9807
 179.0087 195.0440 242.1876 187.4838 192.7871 197.8900 134.1996 171.4476 211.3390
  77.9878 101.1534  75.4965 126.3653  69.6594  80.7703  57.9620  71.0586  84.0314
  25.0751  29.4804  28.5641  25.6306  63.1235  27.5121  24.4625  29.0547  27.9926
  12.6195  13.2684  12.1151  12.2799  11.3680  35.0369   8.8744  12.1876  13.3968
   0.0144   0.0226   0.0138   0.0148   0.0170   0.0149   1.4719   0.0126   0.0177
   1.7289   2.2825   1.9643   2.0218   2.2467   2.2808   1.4064  13.1770   1.9335
  20.2398  21.3246  20.2833  20.0280  18.1326  21.0018  16.4835  16.1964  41.3522

gradient_vmc_FD, gradient_vmc= -0.023696 -0.023696
E_L_der =         -0.0900   4.1866   0.2548  -0.9481  -0.4179   1.6528 -45.8804  -2.2138   2.2531
E_L_der_increm =  -0.0900   4.1866   0.2548  -0.9481  -0.4179   1.6528 -45.8804  -2.2138   2.2531
The above 2 lines should be equal
psiFN1_psiG  =   0.7961   0.0157   0.1072   0.0460   0.0150   0.0073   0.0000   0.0010   0.0117
psiG_increm**2=                 0.7903    0.0143    0.1136    0.0458    0.0168    0.0070    0.0000    0.0013    0.0109
psiG_increm**2 * P_L_increm=    0.7903    0.0143    0.1135    0.0458    0.0168    0.0070    0.0000    0.0013    0.0110
psiG_psiFN_increm=              0.7961    0.0157    0.1072    0.0460    0.0150    0.0073    0.0000    0.0010    0.0117
psiFN_by_psi_increm                   1.0074    1.0966    0.9433    1.0048    0.8903    1.0467    0.7130    0.7929    1.0750
psiFN_by_psi                          1.0074    1.0966    0.9433    1.0048    0.8903    1.0467    0.7130    0.7929    1.0750
psiFN_by_psi_increm                  1.007365992   1.096570665   0.943282585   1.004752598   0.890319364   1.046724125   0.713036657   0.792915449   1.075032555
psiFN_by_psi                         1.007365984   1.096571028   0.943282623   1.004752541   0.890319359   1.046724201   0.713036576   0.792915424   1.075032655
psiFN_by_psi_der=                     0.0775   -3.6334   -0.3837    0.5735    0.0481   -0.7556    0.8019    0.2467   -0.9967

gradient_FN1_1= -0.000000 -0.025714  0.000000 -0.000000  0.000000 -0.000000 -0.000000  0.000000 -0.000000

gradient_FN1_2= -0.000072  0.005096 -0.001529 -0.000068  0.000082  0.000712  0.000095  0.000254  0.002406

gradient_FN1_3= -0.071620  0.065692  0.027313 -0.043586 -0.006264  0.012035 -0.000383 -0.002285  0.026414

E_FN1, E_FN1_increm, gradient_FN1_FD, gradient_FN1= -1.152789 -1.152789 -0.011421 -0.011421

gradient_FN1_FD, gradient_FN1, 1st+2*2nd terms, gradient_FU2000, gradient_FN1_1, gradient_FN1_2, gradient_FN1_3, W_der_by_W= -0.011421 -0.011421 -0.011082 -0.010523 -0.025714  0.006977  0.007316  0.007875

 1 gradient_vmc, gradient_vmc_eval_in_dmc, gradient_FN1, gradient_FN1_1+2*gradient_FN1_3, gradient_FN1_1+W_der_by_W+gradient_FN1_3= -0.023696 -0.025973 -0.011421 -0.011082 -0.010523

 1 Ratio: Error replace 2nd by 3rd term  to  Error replace 2nd by W_der_by_W=  0.378365
------------------------------------------------------------

Data set    2

H=
  -1.0000   0.2078   0.2465  -0.1774   0.1550   0.0818   0.1172   0.0597   0.0351
   0.2078  -0.7500   0.0317   0.1078  -0.1529   0.2204  -0.0884   0.0460  -0.1722
   0.2465   0.0317  -0.5000  -0.0188   0.1205   0.0786   0.1065   0.0542  -0.2134
  -0.1774   0.1078  -0.0188  -0.2500   0.1196   0.2078   0.0252   0.1955   0.1204
   0.1550  -0.1529   0.1205   0.1196   0.0000  -0.1889   0.1373  -0.1491  -0.1836
   0.0818   0.2204   0.0786   0.2078  -0.1889   0.2500   0.0471   0.2473  -0.0761
   0.1172  -0.0884   0.1065   0.0252   0.1373   0.0471   0.5000  -0.0512   0.1073
   0.0597   0.0460   0.0542   0.1955  -0.1491   0.2473  -0.0512   0.7500  -0.1677
   0.0351  -0.1722  -0.2134   0.1204  -0.1836  -0.0761   0.1073  -0.1677   1.0000

eigenval_p,eigenval_h=  1.000000 -1.275242
psi for P    =   0.8174  -0.4330  -0.2248   0.2275  -0.1681  -0.0167  -0.0476  -0.0495  -0.0940

eigenvalues of P=  0.950560  0.956825  0.962966  0.969652  0.974931  0.980377  0.985440  0.989706  1.000000
eigenvalues of H=  1.196769  0.883489  0.576467  0.242178 -0.021770 -0.294090 -0.547235 -0.760567 -1.275242
tau, tau_max= 0.020000 0.404529
P=
   0.9945  -0.0042  -0.0049   0.0035  -0.0031  -0.0016  -0.0023  -0.0012  -0.0007
  -0.0042   0.9895  -0.0006  -0.0022   0.0031  -0.0044   0.0018  -0.0009   0.0034
  -0.0049  -0.0006   0.9845   0.0004  -0.0024  -0.0016  -0.0021  -0.0011   0.0043
   0.0035  -0.0022   0.0004   0.9795  -0.0024  -0.0042  -0.0005  -0.0039  -0.0024
  -0.0031   0.0031  -0.0024  -0.0024   0.9745   0.0038  -0.0027   0.0030   0.0037
  -0.0016  -0.0044  -0.0016  -0.0042   0.0038   0.9695  -0.0009  -0.0049   0.0015
  -0.0023   0.0018  -0.0021  -0.0005  -0.0027  -0.0009   0.9645   0.0010  -0.0021
  -0.0012  -0.0009  -0.0011  -0.0039   0.0030  -0.0049   0.0010   0.9595   0.0034
  -0.0007   0.0034   0.0043  -0.0024   0.0037   0.0015  -0.0021   0.0034   0.9545

sum_P_eig,sum_abs_P_eig,sign_condition_number=  2.078525  2.091526  0.732144

P after making eigenvec +ve =
   0.9945   0.0042   0.0049   0.0035   0.0031   0.0016   0.0023   0.0012   0.0007
   0.0042   0.9895  -0.0006   0.0022   0.0031  -0.0044   0.0018  -0.0009   0.0034
   0.0049  -0.0006   0.9845  -0.0004  -0.0024  -0.0016  -0.0021  -0.0011   0.0043
   0.0035   0.0022  -0.0004   0.9795   0.0024   0.0042   0.0005   0.0039   0.0024
   0.0031   0.0031  -0.0024   0.0024   0.9745   0.0038  -0.0027   0.0030   0.0037
   0.0016  -0.0044  -0.0016   0.0042   0.0038   0.9695  -0.0009  -0.0049   0.0015
   0.0023   0.0018  -0.0021   0.0005  -0.0027  -0.0009   0.9645   0.0010  -0.0021
   0.0012  -0.0009  -0.0011   0.0039   0.0030  -0.0049   0.0010   0.9595   0.0034
   0.0007   0.0034   0.0043   0.0024   0.0037   0.0015  -0.0021   0.0034   0.9545

1+(E_0*1-H) (i.e. P with tau=1) after making eigenvec +ve =
   0.7248  -0.2078  -0.2465  -0.1774  -0.1550  -0.0818  -0.1172  -0.0597  -0.0351
  -0.2078   0.4748   0.0317  -0.1078  -0.1529   0.2204  -0.0884   0.0460  -0.1722
  -0.2465   0.0317   0.2248   0.0188   0.1205   0.0786   0.1065   0.0542  -0.2134
  -0.1774  -0.1078   0.0188  -0.0252  -0.1196  -0.2078  -0.0252  -0.1955  -0.1204
  -0.1550  -0.1529   0.1205  -0.1196  -0.2752  -0.1889   0.1373  -0.1491  -0.1836
  -0.0818   0.2204   0.0786  -0.2078  -0.1889  -0.5252   0.0471   0.2473  -0.0761
  -0.1172  -0.0884   0.1065  -0.0252   0.1373   0.0471  -0.7752  -0.0512   0.1073
  -0.0597   0.0460   0.0542  -0.1955  -0.1491   0.2473  -0.0512  -1.0252  -0.1677
  -0.0351  -0.1722  -0.2134  -0.1204  -0.1836  -0.0761   0.1073  -0.1677  -1.2752
psi0         =   0.8174   0.4330   0.2248   0.2275   0.1681   0.0167   0.0476   0.0495   0.0940
psiG         =   0.8182   0.4311   0.2386   0.2286   0.1561   0.0291   0.0433   0.0390   0.0829
1-overlap_G  =   0.0004

E_G= -1.274231

H_imp=
  -1.0000  -0.3943  -0.8455  -0.6347  -0.8124  -2.3011  -2.2137  -1.2519  -0.3467
  -0.1095  -0.7500   0.0573  -0.2033  -0.4224   3.2691  -0.8799   0.5089  -0.8953
  -0.0719   0.0175  -0.5000   0.0196   0.1841   0.6448   0.5864   0.3318  -0.6141
  -0.0496  -0.0572   0.0180  -0.2500  -0.1752  -1.6344  -0.1330  -1.1464  -0.3320
  -0.0296  -0.0554   0.0788  -0.0817   0.0000  -1.0144   0.4948  -0.5971  -0.3458
  -0.0029   0.0149   0.0096  -0.0264  -0.0352   0.2500   0.0316   0.1844  -0.0267
  -0.0062  -0.0089   0.0193  -0.0048   0.0381   0.0702   0.5000  -0.0569   0.0561
  -0.0028   0.0042   0.0089  -0.0333  -0.0373   0.3317  -0.0461   0.7500  -0.0789
  -0.0036  -0.0331  -0.0741  -0.0437  -0.0975  -0.2171   0.2053  -0.3565   1.0000

P_imp=
   0.9945   0.0079   0.0169   0.0127   0.0162   0.0460   0.0443   0.0250   0.0069
   0.0022   0.9895  -0.0011   0.0041   0.0084  -0.0654   0.0176  -0.0102   0.0179
   0.0014  -0.0004   0.9845  -0.0004  -0.0037  -0.0129  -0.0117  -0.0066   0.0123
   0.0010   0.0011  -0.0004   0.9795   0.0035   0.0327   0.0027   0.0229   0.0066
   0.0006   0.0011  -0.0016   0.0016   0.9745   0.0203  -0.0099   0.0119   0.0069
   0.0001  -0.0003  -0.0002   0.0005   0.0007   0.9695  -0.0006  -0.0037   0.0005
   0.0001   0.0002  -0.0004   0.0001  -0.0008  -0.0014   0.9645   0.0011  -0.0011
   0.0001  -0.0001  -0.0002   0.0007   0.0007  -0.0066   0.0009   0.9595   0.0016
   0.0001   0.0007   0.0015   0.0009   0.0020   0.0043  -0.0041   0.0071   0.9545
tau_av_expon_proj    = 3.622614 1.708093 0.899720 0.954656 0.554891 0.105454 0.217824 0.225536 0.370998
tau_av_expon_proj_new= 3.633167 1.903884 1.289920 0.975379 0.784165 0.655634 0.563303 0.493768 0.439514
factor=                1.002909 1.108312 1.353237 1.021474 1.339612 2.314415 1.846531 1.721567 1.168698
factor2=                 1.0029   1.1146   1.4337   1.0217   1.4132   6.2172   2.5860   2.1893   1.1847

eigenvalues of P_imp=  0.950560  0.956825  0.962966  0.969652  0.974931  0.980377  0.985440  0.989706  1.000000
eigenvalues of H_imp=  1.196769  0.883489  0.576467  0.242178 -0.021770 -0.294090 -0.547235 -0.760567 -1.275242

eigenval_p,eigenval_h=  1.000000 -1.275242
psi0_psiG    =   0.6691   0.1867   0.0537   0.0520   0.0262   0.0005   0.0021   0.0019   0.0078

imp-sampled: sum_P_eig,sum_abs_P_eig,sign_condition_number=  1.000000  1.001248  0.939544

P_FN1=
   0.9945   0.0079   0.0169   0.0127   0.0162   0.0460   0.0443   0.0250   0.0069
   0.0022   0.9888   0.0000   0.0041   0.0084   0.0000   0.0176   0.0000   0.0179
   0.0014   0.0000   0.9807   0.0000   0.0000   0.0000   0.0000   0.0000   0.0123
   0.0010   0.0011   0.0000   0.9791   0.0035   0.0327   0.0027   0.0229   0.0066
   0.0006   0.0011   0.0000   0.0016   0.9701   0.0203   0.0000   0.0119   0.0069
   0.0001   0.0000   0.0000   0.0005   0.0007   0.8832   0.0000   0.0000   0.0005
   0.0001   0.0002   0.0000   0.0001   0.0000   0.0000   0.9381   0.0011   0.0000
   0.0001   0.0000   0.0000   0.0007   0.0007   0.0000   0.0009   0.9390   0.0016
   0.0001   0.0007   0.0015   0.0009   0.0020   0.0043   0.0000   0.0071   0.9534

eigenvalues of P_FN1=  0.882803  0.936933  0.938871  0.952081  0.969678  0.978786  0.980050  0.987556  0.999994
eigenvalues of H_FN1=  4.584594  1.878132  1.781186  1.120695  0.240840 -0.214536 -0.277746 -0.653045 -1.274918

eigenval_p,eigenval_h=  0.999994 -1.274918
psiFN1_psiG =    0.6703   0.1846   0.0548   0.0521   0.0259   0.0008   0.0020   0.0017   0.0078
psiFN1      =    0.8191   0.4281   0.2296   0.2278   0.1660   0.0262   0.0459   0.0447   0.0939

E_0, E_G, E_FN1, E_G-E_0, E_FN1-E_0, rms fluctuation of E_L  -1.27524  -1.27423  -1.27492   0.00101   0.00032   0.04145
E_L     =  -1.2760  -1.2623  -1.2278  -1.2583  -1.3577  -0.6013  -1.4547  -1.6337  -1.5833
P_L     =   1.0000   0.9997   0.9991   0.9997   1.0017   0.9865   1.0036   1.0072   1.0062
P_abs_L =   1.0000   1.0005   1.0029   1.0001   1.0061   1.0728   1.0300   1.0277   1.0073

P_propos=
   0.9945   0.0079   0.0169   0.0127   0.0162   0.0429   0.0430   0.0244   0.0069
   0.0022   0.9890   0.0000   0.0041   0.0084   0.0000   0.0171   0.0000   0.0178
   0.0014   0.0000   0.9817   0.0000   0.0000   0.0000   0.0000   0.0000   0.0122
   0.0010   0.0011   0.0000   0.9794   0.0035   0.0305   0.0026   0.0223   0.0066
   0.0006   0.0011   0.0000   0.0016   0.9686   0.0189   0.0000   0.0116   0.0069
   0.0001   0.0000   0.0000   0.0005   0.0007   0.9037   0.0000   0.0000   0.0005
   0.0001   0.0002   0.0000   0.0001   0.0000   0.0000   0.9364   0.0011   0.0000
   0.0001   0.0000   0.0000   0.0007   0.0007   0.0000   0.0009   0.9337   0.0016
   0.0001   0.0007   0.0015   0.0009   0.0019   0.0040   0.0000   0.0069   0.9476
sum P_propos  1.000000  1.000000  1.000000  1.000000  1.000000  1.000000  1.000000  1.000000  1.000000
E_FN1= -1.274918 -1.274918
psiG**2=         0.6694   0.1859   0.0569   0.0523   0.0244   0.0008   0.0019   0.0015   0.0069
psiG**2 * P_L=   0.6695   0.1858   0.0569   0.0523   0.0244   0.0008   0.0019   0.0015   0.0069
psiG_psiFN=      0.6703   0.1846   0.0548   0.0521   0.0259   0.0008   0.0020   0.0017   0.0078
P_L=             1.0000   0.9997   0.9991   0.9997   1.0017   0.9865   1.0036   1.0072   1.0062
psiFN_by_psi=          1.0013   0.9932   0.9625   0.9965   1.0636   0.9002   1.0591   1.1459   1.1327

P_markov=
   0.9945   0.0079   0.0169   0.0127   0.0162   0.0429   0.0430   0.0244   0.0069
   0.0022   0.9890   0.0000   0.0041   0.0084   0.0000   0.0171   0.0000   0.0178
   0.0014   0.0000   0.9817   0.0000   0.0000   0.0000   0.0000   0.0000   0.0122
   0.0010   0.0011   0.0000   0.9795   0.0035   0.0305   0.0026   0.0223   0.0066
   0.0006   0.0011   0.0000   0.0016   0.9687   0.0189   0.0000   0.0116   0.0069
   0.0001   0.0000   0.0000   0.0005   0.0007   0.9037   0.0000   0.0000   0.0005
   0.0001   0.0002   0.0000   0.0001   0.0000   0.0000   0.9364   0.0011   0.0000
   0.0001   0.0000   0.0000   0.0006   0.0007   0.0000   0.0009   0.9337   0.0015
   0.0001   0.0007   0.0015   0.0009   0.0019   0.0040   0.0000   0.0069   0.9477

eigenvalues of P_markov=  0.903250  0.932365  0.936533  0.946714  0.968333  0.979073  0.980749  0.987806  1.000000
eigenvalues of H_markov=  3.562272  2.106530  1.898105  1.389056  0.308093 -0.228876 -0.312704 -0.665524 -1.275242

eigenval_p,eigenval_h=  1.000000 -1.274918
psi for P_mar=   0.6694   0.1859   0.0569   0.0523   0.0244   0.0008   0.0019   0.0015   0.0069
psiG**2      =   0.6694   0.1859   0.0569   0.0523   0.0244   0.0008   0.0019   0.0015   0.0069
Above 2 lines should be equal since Markov matrix has dominant state psiG**2
The exception to this occurs when there is no sign problem, but some components of psiG have the wrong sign, in which case one has 2 decoupled spaces with degenerate dominant eigenvalues

P_FN3=
   0.9945   0.0079   0.0168   0.0127   0.0162   0.0423   0.0431   0.0245   0.0069
   0.0022   0.9888   0.0000   0.0041   0.0084   0.0000   0.0171   0.0000   0.0179
   0.0014   0.0000   0.9807   0.0000   0.0000   0.0000   0.0000   0.0000   0.0123
   0.0010   0.0011   0.0000   0.9792   0.0035   0.0301   0.0026   0.0225   0.0066
   0.0006   0.0011   0.0000   0.0016   0.9703   0.0187   0.0000   0.0117   0.0069
   0.0001   0.0000   0.0000   0.0005   0.0007   0.8915   0.0000   0.0000   0.0005
   0.0001   0.0002   0.0000   0.0001   0.0000   0.0000   0.9398   0.0011   0.0000
   0.0001   0.0000   0.0000   0.0006   0.0007   0.0000   0.0009   0.9404   0.0015
   0.0001   0.0007   0.0015   0.0009   0.0019   0.0040   0.0000   0.0070   0.9535
E_FN3= -1.274893 -1.274893

eigenvalues of P_FN3=  0.891146  0.938448  0.940396  0.952248  0.969877  0.978857  0.980126  0.987587  0.999999
eigenvalues of H_FN3=  4.167766  1.802688  1.705271  1.112661  0.231227 -0.217783 -0.281220 -0.654250 -1.274893

eigenval_p,eigenval_h=  0.999999 -1.274893
psiFN3_psiG  =   0.6703   0.1847   0.0548   0.0521   0.0259   0.0008   0.0020   0.0017   0.0077
psiFN3      =    0.8191   0.4282   0.2298   0.2279   0.1658   0.0263   0.0458   0.0445   0.0933

P_FN4=
   0.9945   0.0079   0.0168   0.0127   0.0162   0.0423   0.0431   0.0245   0.0069
   0.0022   0.9888   0.0000   0.0041   0.0084   0.0000   0.0171   0.0000   0.0179
   0.0014   0.0000   0.9807   0.0000   0.0000   0.0000   0.0000   0.0000   0.0123
   0.0010   0.0011   0.0000   0.9791   0.0035   0.0301   0.0026   0.0225   0.0066
   0.0006   0.0011   0.0000   0.0016   0.9702   0.0187   0.0000   0.0117   0.0069
   0.0001   0.0000   0.0000   0.0005   0.0007   0.8915   0.0000   0.0000   0.0005
   0.0001   0.0002   0.0000   0.0001   0.0000   0.0000   0.9398   0.0011   0.0000
   0.0001   0.0000   0.0000   0.0007   0.0007   0.0000   0.0009   0.9404   0.0016
   0.0001   0.0007   0.0015   0.0009   0.0019   0.0040   0.0000   0.0070   0.9534
E_FN4= -1.274904 -1.274904

eigenvalues of P_FN4=  0.891122  0.938428  0.940382  0.952190  0.969816  0.978826  0.980106  0.987573  1.000000
eigenvalues of H_FN4=  4.169006  1.803687  1.705977  1.115585  0.234270 -0.216235 -0.280228 -0.653562 -1.274904

eigenval_p,eigenval_h=  1.000000 -1.274904
psiFN4_psiG  =   0.6699   0.1846   0.0550   0.0521   0.0260   0.0008   0.0020   0.0018   0.0078
psiFN4      =    0.8186   0.4282   0.2303   0.2277   0.1667   0.0282   0.0471   0.0457   0.0939
FN5: sum_pos  0.000000
FN5: sum_pos  0.036557
FN5: sum_pos  0.191846
FN5: sum_pos  0.019595
FN5: sum_pos  0.222222
FN5: sum_pos  4.315752
FN5: sum_pos  1.318091
FN5: sum_pos  1.025078
FN5: sum_pos  0.056060

P_FN5=
   0.9945   0.0079   0.0169   0.0127   0.0162   0.0460   0.0443   0.0250   0.0069
   0.0022   0.9888   0.0000   0.0041   0.0084   0.0000   0.0176   0.0000   0.0179
   0.0014   0.0000   0.9807   0.0000   0.0000   0.0000   0.0000   0.0000   0.0123
   0.0010   0.0011   0.0000   0.9791   0.0035   0.0327   0.0027   0.0229   0.0066
   0.0006   0.0011   0.0000   0.0016   0.9701   0.0203   0.0000   0.0119   0.0069
   0.0001   0.0000   0.0000   0.0005   0.0007   0.8833   0.0000   0.0000   0.0005
   0.0001   0.0002   0.0000   0.0001   0.0000   0.0000   0.9381   0.0011   0.0000
   0.0001   0.0000   0.0000   0.0007   0.0007   0.0000   0.0009   0.9390   0.0016
   0.0001   0.0007   0.0015   0.0009   0.0020   0.0043   0.0000   0.0071   0.9534
E_FN5= -1.274930 -1.274918

eigenvalues of P_FN5=  0.882967  0.936946  0.938885  0.952086  0.969679  0.978786  0.980050  0.987556  0.999994
eigenvalues of H_FN5=  4.576401  1.877476  1.780527  1.120472  0.240789 -0.214565 -0.277765 -0.653048 -1.274930

eigenval_p,eigenval_h=  0.999994 -1.274930
psiFN5_psiG  =   0.6703   0.1846   0.0548   0.0521   0.0259   0.0008   0.0020   0.0017   0.0078
psiFN5      =    0.8191   0.4281   0.2296   0.2278   0.1660   0.0262   0.0459   0.0447   0.0939

E_G, E_FN1, E_FN3, E_FN4, E_0, recover_FN1, recover_FN3, recover_FN4, 1-ovlp_FN1, 1-ovlp_FN3, 1-ovlp_FN4, sign_cond_num= -1.274231 -1.274918 -1.274893 -1.274904 -1.275242 0.679 0.655 0.666 8.E-05 9.E-05 1.E-04 0.940

P_propos2=
   0.9945   0.0079   0.0169   0.0127   0.0162   0.0467   0.0441   0.0249   0.0069
   0.0022   0.9890   0.0000   0.0041   0.0084   0.0000   0.0175   0.0000   0.0178
   0.0014   0.0000   0.9816   0.0000   0.0000   0.0000   0.0000   0.0000   0.0122
   0.0010   0.0011   0.0000   0.9794   0.0035   0.0331   0.0027   0.0228   0.0066
   0.0006   0.0011   0.0000   0.0016   0.9685   0.0206   0.0000   0.0119   0.0069
   0.0001   0.0000   0.0000   0.0005   0.0007   0.8952   0.0000   0.0000   0.0005
   0.0001   0.0002   0.0000   0.0001   0.0000   0.0000   0.9348   0.0011   0.0000
   0.0001   0.0000   0.0000   0.0007   0.0007   0.0000   0.0009   0.9323   0.0016
   0.0001   0.0007   0.0015   0.0009   0.0019   0.0044   0.0000   0.0071   0.9475

eigenvalues of P_FN1_propos=  0.894804  0.930990  0.934891  0.946559  0.968139  0.979009  0.980678  0.987781  1.000000
psi for P_FN1_propos=   0.6695   0.1858   0.0569   0.0523   0.0244   0.0008   0.0019   0.0015   0.0069
psiG**2 * P_L       =   0.6695   0.1858   0.0569   0.0523   0.0244   0.0008   0.0019   0.0015   0.0069
Above 2 lines should be equal since proposal part of P_FN1 has dominant state psiG**2 * P_L
The exception to this occurs when there is no sign problem, but some components of psiG have the wrong sign, in which case one has 2 decoupled spaces with degenerate dominant eigenvalues

P_L=              1.0000   0.9997   0.9991   0.9997   1.0017   0.9865   1.0036   1.0072   1.0062
P_L_der=          0.0051  -0.0238  -0.0027   0.0094   0.0196  -0.1516   0.0408  -0.0236   0.0415
P_L_der_by_P_L=   0.0051  -0.0238  -0.0027   0.0094   0.0196  -0.1537   0.0407  -0.0234   0.0413

P_L_der_by_P_L=   0.0051  -0.0238  -0.0027   0.0094   0.0196  -0.1537   0.0407  -0.0234   0.0413
psiG_psiFN    =   0.6703   0.1846   0.0548   0.0521   0.0259   0.0008   0.0020   0.0017   0.0078
tmp_vec1      =   0.0034  -0.0044  -0.0001   0.0005   0.0005  -0.0001   0.0001  -0.0000   0.0003

PP_FN1=
   1.9945   0.0079   0.0169   0.0127   0.0162   0.0460   0.0443   0.0250   0.0069
   0.0022   1.9888   0.0000   0.0041   0.0084   0.0000   0.0176   0.0000   0.0179
   0.0014   0.0000   1.9807   0.0000   0.0000   0.0000   0.0000   0.0000   0.0123
