Input hamiltonian
hamiltonian=random                                                                          
Input ndim, E_T, tau_in
ndim, E_T, tau_in=    9-20.000000 0.020000
Input fraction_positive, off_diag_mag, psiG_noise
fraction_positive, off_diag_mag,psiG_noise= 0.500000 0.500000 0.060000
psiG_correct_sign
psiG_correct_sign= F
Input irand_seed
irand_seed=1425565376542456

Data set    1

H=
  -1.0000   0.0800   0.1401  -0.1696   0.0630   0.1789  -0.0366  -0.0928  -0.2290
   0.0800  -0.7500   0.0859   0.2028  -0.0542   0.1379   0.1569  -0.0799  -0.2353
   0.1401   0.0859  -0.5000   0.1165  -0.2461  -0.0961  -0.2234  -0.1402   0.2370
  -0.1696   0.2028   0.1165  -0.2500  -0.0711  -0.2226   0.0454   0.1250  -0.0263
   0.0630  -0.0542  -0.2461  -0.0711   0.0000  -0.0210   0.1375  -0.2232  -0.0393
   0.1789   0.1379  -0.0961  -0.2226  -0.0210   0.2500  -0.2276  -0.1955  -0.0772
  -0.0366   0.1569  -0.2234   0.0454   0.1375  -0.2276   0.5000  -0.2075  -0.1275
  -0.0928  -0.0799  -0.1402   0.1250  -0.2232  -0.1955  -0.2075   0.7500  -0.0525
  -0.2290  -0.2353   0.2370  -0.0263  -0.0393  -0.0772  -0.1275  -0.0525   1.0000

eigenval_p,eigenval_h=  1.000000 -1.153737
psi for P    =   0.8957  -0.1375  -0.3155   0.2159  -0.1095  -0.0884  -0.0127  -0.0197   0.1112

eigenvalues of P=  0.953835  0.957765  0.963171  0.973933  0.976522  0.982440  0.989117  0.995544  1.000000
eigenvalues of H=  1.154489  0.958038  0.687698  0.149593  0.020158 -0.275736 -0.609584 -0.930919 -1.153737
tau, tau_max= 0.020000 0.433233
P=
   0.9969  -0.0016  -0.0028   0.0034  -0.0013  -0.0036   0.0007   0.0019   0.0046
  -0.0016   0.9919  -0.0017  -0.0041   0.0011  -0.0028  -0.0031   0.0016   0.0047
  -0.0028  -0.0017   0.9869  -0.0023   0.0049   0.0019   0.0045   0.0028  -0.0047
   0.0034  -0.0041  -0.0023   0.9819   0.0014   0.0045  -0.0009  -0.0025   0.0005
  -0.0013   0.0011   0.0049   0.0014   0.9769   0.0004  -0.0028   0.0045   0.0008
  -0.0036  -0.0028   0.0019   0.0045   0.0004   0.9719   0.0046   0.0039   0.0015
   0.0007  -0.0031   0.0045  -0.0009  -0.0028   0.0046   0.9669   0.0041   0.0026
   0.0019   0.0016   0.0028  -0.0025   0.0045   0.0039   0.0041   0.9619   0.0011
   0.0046   0.0047  -0.0047   0.0005   0.0008   0.0015   0.0026   0.0011   0.9569

sum_P_eig,sum_abs_P_eig,sign_condition_number=  1.905979  1.922966  0.641680

P after making eigenvec +ve =
   0.9969   0.0016   0.0028   0.0034   0.0013   0.0036  -0.0007  -0.0019   0.0046
   0.0016   0.9919  -0.0017   0.0041   0.0011  -0.0028  -0.0031   0.0016  -0.0047
   0.0028  -0.0017   0.9869   0.0023   0.0049   0.0019   0.0045   0.0028   0.0047
   0.0034   0.0041   0.0023   0.9819  -0.0014  -0.0045   0.0009   0.0025   0.0005
   0.0013   0.0011   0.0049  -0.0014   0.9769   0.0004  -0.0028   0.0045  -0.0008
   0.0036  -0.0028   0.0019  -0.0045   0.0004   0.9719   0.0046   0.0039  -0.0015
  -0.0007  -0.0031   0.0045   0.0009  -0.0028   0.0046   0.9669   0.0041  -0.0026
  -0.0019   0.0016   0.0028   0.0025   0.0045   0.0039   0.0041   0.9619  -0.0011
   0.0046  -0.0047   0.0047   0.0005  -0.0008  -0.0015  -0.0026  -0.0011   0.9569

1+(E_0*1-H) (i.e. P with tau=1) after making eigenvec +ve =
   0.8463  -0.0800  -0.1401  -0.1696  -0.0630  -0.1789   0.0366   0.0928  -0.2290
  -0.0800   0.5963   0.0859  -0.2028  -0.0542   0.1379   0.1569  -0.0799   0.2353
  -0.1401   0.0859   0.3463  -0.1165  -0.2461  -0.0961  -0.2234  -0.1402  -0.2370
  -0.1696  -0.2028  -0.1165   0.0963   0.0711   0.2226  -0.0454  -0.1250  -0.0263
  -0.0630  -0.0542  -0.2461   0.0711  -0.1537  -0.0210   0.1375  -0.2232   0.0393
  -0.1789   0.1379  -0.0961   0.2226  -0.0210  -0.4037  -0.2276  -0.1955   0.0772
   0.0366   0.1569  -0.2234  -0.0454   0.1375  -0.2276  -0.6537  -0.2075   0.1275
   0.0928  -0.0799  -0.1402  -0.1250  -0.2232  -0.1955  -0.2075  -0.9037   0.0525
  -0.2290   0.2353  -0.2370  -0.0263   0.0393   0.0772   0.1275   0.0525  -1.1537
psi0         =   0.8957   0.1375   0.3155   0.2159   0.1095   0.0884   0.0127   0.0197   0.1112
psiG         =   0.8850   0.1105   0.3478   0.2127   0.1399   0.0808  -0.0116   0.0444   0.1009
1-overlap_G  =   0.0021

E_G= -1.149244

H_imp=
  -1.0000  -0.6408  -0.3565  -0.7057  -0.3985  -1.9593  -2.7902   1.8512  -2.0077
  -0.0100  -0.7500   0.0273  -0.1053  -0.0428   0.1884  -1.4945  -0.1988   0.2575
  -0.0551   0.2705  -0.5000  -0.1905  -0.6117  -0.4136   6.7011  -1.0992  -0.8167
  -0.0408  -0.3906  -0.0713  -0.2500   0.1081   0.5860   0.8331  -0.5993  -0.0555
  -0.0100  -0.0687  -0.0990   0.0468   0.0000  -0.0364  -1.6595  -0.7040   0.0545
  -0.0163   0.1009  -0.0223   0.0846  -0.0121   0.2500   1.5861  -0.3562   0.0619
  -0.0005  -0.0165   0.0074   0.0025  -0.0114   0.0327   0.5000   0.0542  -0.0147
   0.0047  -0.0321  -0.0179  -0.0261  -0.0708  -0.1073   0.7938   0.7500   0.0231
  -0.0261   0.2150  -0.0688  -0.0125   0.0283   0.0965  -1.1099   0.1195   1.0000

P_imp=
   0.9969   0.0128   0.0071   0.0141   0.0080   0.0392   0.0558  -0.0370   0.0402
   0.0002   0.9919  -0.0005   0.0021   0.0009  -0.0038   0.0299   0.0040  -0.0051
   0.0011  -0.0054   0.9869   0.0038   0.0122   0.0083  -0.1340   0.0220   0.0163
   0.0008   0.0078   0.0014   0.9819  -0.0022  -0.0117  -0.0167   0.0120   0.0011
   0.0002   0.0014   0.0020  -0.0009   0.9769   0.0007   0.0332   0.0141  -0.0011
   0.0003  -0.0020   0.0004  -0.0017   0.0002   0.9719  -0.0317   0.0071  -0.0012
   0.0000   0.0003  -0.0001  -0.0000   0.0002  -0.0007   0.9669  -0.0011   0.0003
  -0.0001   0.0006   0.0004   0.0005   0.0014   0.0021  -0.0159   0.9619  -0.0005
   0.0005  -0.0043   0.0014   0.0002  -0.0006  -0.0019   0.0222  -0.0024   0.9569
tau_av_expon_proj    = 6.120110 0.576367 1.491322 0.851903 0.779024 0.292386 0.058934 0.200704 0.303812
tau_av_expon_proj_new= 6.504622 2.476861 1.529668 1.106517 0.866749 0.712384 0.604691 0.525283 0.464309
factor=                1.060896 2.153941 1.025385 1.258731 1.106511 1.803208 2.465856 1.855051 1.412934
factor2=                 1.0628   4.2974   1.0257   1.2989   1.1126   2.4365  10.2605   2.6172   1.5283

eigenvalues of P_imp=  0.953835  0.957765  0.963171  0.973933  0.976522  0.982440  0.989117  0.995544  1.000000
eigenvalues of H_imp=  1.154489  0.958038  0.687698  0.149593  0.020158 -0.275736 -0.609584 -0.930919 -1.153737

eigenval_p,eigenval_h=  1.000000 -1.153737
psi0_psiG    =   0.7941   0.0152   0.1099   0.0460   0.0154   0.0072  -0.0001   0.0009   0.0112

imp-sampled: sum_P_eig,sum_abs_P_eig,sign_condition_number=  1.000000  1.001527  0.926536

P_FN1=
   0.9968   0.0128   0.0071   0.0141   0.0080   0.0392   0.0558   0.0000   0.0402
   0.0002   0.9802   0.0000   0.0021   0.0009   0.0000   0.0299   0.0040   0.0000
   0.0011   0.0000   0.9862   0.0038   0.0122   0.0083   0.0000   0.0220   0.0163
   0.0008   0.0078   0.0014   0.9792   0.0000   0.0000   0.0000   0.0120   0.0011
   0.0002   0.0014   0.0020   0.0000   0.9742   0.0007   0.0332   0.0141   0.0000
   0.0003   0.0000   0.0004   0.0000   0.0002   0.9539   0.0000   0.0071   0.0000
   0.0000   0.0003   0.0000   0.0000   0.0002   0.0000   0.7686   0.0000   0.0003
   0.0000   0.0006   0.0004   0.0005   0.0014   0.0021   0.0000   0.9214   0.0000
   0.0005   0.0000   0.0014   0.0002   0.0000   0.0000   0.0222   0.0000   0.9490

eigenvalues of P_FN1=  0.768522  0.920396  0.947997  0.953953  0.972283  0.975919  0.982975  0.987611  0.999961
eigenvalues of H_FN1= 10.420152  2.826462  1.446406  1.148621  0.232116  0.050293 -0.302497 -0.534297 -1.151782

eigenval_p,eigenval_h=  0.999961 -1.151782
psiFN1_psiG =    0.7931   0.0140   0.1110   0.0456   0.0165   0.0070   0.0001   0.0014   0.0114
psiFN1      =    0.8953   0.1265   0.3188   0.2140   0.1177   0.0865  -0.0072   0.0318   0.1126

E_0, E_G, E_FN1, E_G-E_0, E_FN1-E_0, rms fluctuation of E_L  -1.15374  -1.14924  -1.15178   0.00449   0.00195   0.07534
E_L     =  -1.1541  -1.3123  -1.1011  -1.1562  -1.0109  -1.3631   3.3600  -0.1825  -1.4977
P_L     =   1.0000   1.0032   0.9990   1.0001   0.9972   1.0042   0.9098   0.9806   1.0069
P_abs_L =   1.0001   1.0149   0.9996   1.0027   0.9999   1.0223   1.1080   1.0211   1.0148

P_propos=
   0.9968   0.0126   0.0071   0.0141   0.0080   0.0383   0.0504   0.0000   0.0396
   0.0002   0.9774   0.0000   0.0021   0.0009   0.0000   0.0270   0.0039   0.0000
   0.0011   0.0000   0.9873   0.0038   0.0122   0.0081   0.0000   0.0215   0.0161
   0.0008   0.0077   0.0014   0.9793   0.0000   0.0000   0.0000   0.0117   0.0011
   0.0002   0.0014   0.0020   0.0000   0.9771   0.0007   0.0300   0.0138   0.0000
   0.0003   0.0000   0.0004   0.0000   0.0002   0.9508   0.0000   0.0070   0.0000
   0.0000   0.0003   0.0000   0.0000   0.0002   0.0000   0.8727   0.0000   0.0003
   0.0000   0.0006   0.0004   0.0005   0.0014   0.0021   0.0000   0.9421   0.0000
   0.0005   0.0000   0.0014   0.0002   0.0000   0.0000   0.0200   0.0000   0.9430
sum P_propos  1.000000  1.000000  1.000000  1.000000  1.000000  1.000000  1.000000  1.000000  1.000000
E_FN1= -1.151782 -1.151782
psiG**2=         0.7831   0.0122   0.1210   0.0453   0.0196   0.0065   0.0001   0.0020   0.0102
psiG**2 * P_L=   0.7832   0.0122   0.1209   0.0453   0.0195   0.0066   0.0001   0.0019   0.0103
psiG_psiFN=      0.7931   0.0140   0.1110   0.0456   0.0165   0.0070   0.0001   0.0014   0.0114
P_L=             1.0000   1.0032   0.9990   1.0001   0.9972   1.0042   0.9098   0.9806   1.0069
psiFN_by_psi=          1.0127   1.1469   0.9174   1.0069   0.8419   1.0719   0.6205   0.7167   1.1172

P_markov=
   0.9968   0.0126   0.0071   0.0141   0.0080   0.0383   0.0504   0.0000   0.0396
   0.0002   0.9774   0.0000   0.0021   0.0008   0.0000   0.0270   0.0039   0.0000
   0.0011   0.0000   0.9873   0.0038   0.0122   0.0081   0.0000   0.0215   0.0161
   0.0008   0.0077   0.0014   0.9793   0.0000   0.0000   0.0000   0.0117   0.0011
   0.0002   0.0014   0.0020   0.0000   0.9771   0.0007   0.0300   0.0138   0.0000
   0.0003   0.0000   0.0004   0.0000   0.0002   0.9508   0.0000   0.0070   0.0000
   0.0000   0.0003   0.0000   0.0000   0.0002   0.0000   0.8727   0.0000   0.0003
   0.0000   0.0006   0.0004   0.0005   0.0014   0.0021   0.0000   0.9421   0.0000
   0.0005   0.0000   0.0014   0.0002   0.0000   0.0000   0.0200   0.0000   0.9430

eigenvalues of P_markov=  0.872459  0.939961  0.942207  0.951734  0.973365  0.976366  0.981605  0.988779  1.000000
eigenvalues of H_markov=  5.223312  1.848237  1.735894  1.259562  0.178037  0.027964 -0.233966 -0.592667 -1.153737

eigenval_p,eigenval_h=  1.000000 -1.151782
psi for P_mar=   0.7831   0.0122   0.1210   0.0453   0.0196   0.0065   0.0001   0.0020   0.0102
psiG**2      =   0.7831   0.0122   0.1210   0.0453   0.0196   0.0065   0.0001   0.0020   0.0102
Above 2 lines should be equal since Markov matrix has dominant state psiG**2
The exception to this occurs when there is no sign problem, but some components of psiG have the wrong sign, in which case one has 2 decoupled spaces with degenerate dominant eigenvalues

P_FN3=
   0.9969   0.0127   0.0071   0.0141   0.0079   0.0385   0.0458   0.0000   0.0398
   0.0002   0.9805   0.0000   0.0021   0.0008   0.0000   0.0245   0.0038   0.0000
   0.0011   0.0000   0.9863   0.0038   0.0122   0.0081   0.0000   0.0211   0.0162
   0.0008   0.0077   0.0014   0.9794   0.0000   0.0000   0.0000   0.0115   0.0011
   0.0002   0.0014   0.0020   0.0000   0.9744   0.0007   0.0273   0.0135   0.0000
   0.0003   0.0000   0.0004   0.0000   0.0002   0.9548   0.0000   0.0068   0.0000
   0.0000   0.0003   0.0000   0.0000   0.0002   0.0000   0.7939   0.0000   0.0003
   0.0000   0.0006   0.0003   0.0005   0.0014   0.0021   0.0000   0.9238   0.0000
   0.0005   0.0000   0.0014   0.0002   0.0000   0.0000   0.0182   0.0000   0.9495
E_FN3= -1.151727 -1.151727

eigenvalues of P_FN3=  0.793822  0.922807  0.948524  0.954876  0.972468  0.976151  0.983182  0.987694  0.999999
eigenvalues of H_FN3=  9.157129  2.707848  1.422014  1.104413  0.224826  0.040679 -0.310862 -0.536492 -1.151727

eigenval_p,eigenval_h=  0.999999 -1.151727
psiFN3_psiG  =   0.7931   0.0140   0.1110   0.0456   0.0165   0.0070   0.0001   0.0014   0.0113
psiFN3      =    0.8953   0.1264   0.3189   0.2140   0.1179   0.0863  -0.0073   0.0321   0.1120

P_FN4=
   0.9969   0.0127   0.0071   0.0141   0.0079   0.0385   0.0458   0.0000   0.0398
   0.0002   0.9805   0.0000   0.0021   0.0009   0.0000   0.0245   0.0038   0.0000
   0.0011   0.0000   0.9863   0.0038   0.0122   0.0081   0.0000   0.0211   0.0162
   0.0008   0.0077   0.0014   0.9793   0.0000   0.0000   0.0000   0.0115   0.0011
   0.0002   0.0014   0.0020   0.0000   0.9743   0.0007   0.0273   0.0135   0.0000
   0.0003   0.0000   0.0004   0.0000   0.0002   0.9548   0.0000   0.0068   0.0000
   0.0000   0.0003   0.0000   0.0000   0.0002   0.0000   0.7939   0.0000   0.0003
   0.0000   0.0006   0.0004   0.0005   0.0014   0.0021   0.0000   0.9238   0.0000
   0.0005   0.0000   0.0014   0.0002   0.0000   0.0000   0.0182   0.0000   0.9495
E_FN4= -1.151780 -1.151780

eigenvalues of P_FN4=  0.793812  0.922788  0.948487  0.954869  0.972404  0.976098  0.983169  0.987658  1.000000
eigenvalues of H_FN4=  9.157626  2.708823  1.423887  1.104773  0.228022  0.043331 -0.310209 -0.534695 -1.151780

eigenval_p,eigenval_h=  1.000000 -1.151780
psiFN4_psiG  =   0.7926   0.0142   0.1109   0.0457   0.0165   0.0071   0.0001   0.0015   0.0115
psiFN4      =    0.8947   0.1280   0.3186   0.2144   0.1178   0.0882  -0.0081   0.0327   0.1135
FN5: sum_pos  0.004653
FN5: sum_pos  0.586374
FN5: sum_pos  0.034726
FN5: sum_pos  0.133814
FN5: sum_pos  0.136391
FN5: sum_pos  0.903513
FN5: sum_pos  9.914112
FN5: sum_pos  2.024960
FN5: sum_pos  0.396928

P_FN5=
   0.9968   0.0128   0.0071   0.0141   0.0080   0.0392   0.0558   0.0000   0.0402
   0.0002   0.9802   0.0000   0.0021   0.0009   0.0000   0.0299   0.0040   0.0000
   0.0011   0.0000   0.9862   0.0038   0.0122   0.0083   0.0000   0.0220   0.0163
   0.0008   0.0078   0.0014   0.9792   0.0000   0.0000   0.0000   0.0120   0.0011
   0.0002   0.0014   0.0020   0.0000   0.9742   0.0007   0.0332   0.0141   0.0000
   0.0003   0.0000   0.0004   0.0000   0.0002   0.9539   0.0000   0.0071   0.0000
   0.0000   0.0003   0.0000   0.0000   0.0002   0.0000   0.7709   0.0000   0.0003
   0.0000   0.0006   0.0004   0.0005   0.0014   0.0021   0.0000   0.9215   0.0000
   0.0005   0.0000   0.0014   0.0002   0.0000   0.0000   0.0222   0.0000   0.9490
E_FN5= -1.151796 -1.151778

eigenvalues of P_FN5=  0.770729  0.920430  0.948004  0.953958  0.972284  0.975920  0.982976  0.987611  0.999961
eigenvalues of H_FN5= 10.309793  2.824741  1.446071  1.148386  0.232085  0.050261 -0.302518 -0.534310 -1.151796

eigenval_p,eigenval_h=  0.999961 -1.151796
psiFN5_psiG  =   0.7931   0.0140   0.1110   0.0456   0.0165   0.0070   0.0001   0.0014   0.0114
psiFN5      =    0.8952   0.1266   0.3188   0.2140   0.1177   0.0866  -0.0073   0.0318   0.1127

E_G, E_FN1, E_FN3, E_FN4, E_0, recover_FN1, recover_FN3, recover_FN4, 1-ovlp_FN1, 1-ovlp_FN3, 1-ovlp_FN4, sign_cond_num= -1.149244 -1.151782 -1.151727 -1.151780 -1.153737 0.565 0.553 0.564 4.E-04 4.E-04 4.E-04 0.927

P_propos2=
   0.9968   0.0128   0.0071   0.0141   0.0080   0.0390   0.0613   0.0000   0.0399
   0.0002   0.9771   0.0000   0.0021   0.0009   0.0000   0.0329   0.0041   0.0000
   0.0011   0.0000   0.9873   0.0038   0.0123   0.0082   0.0000   0.0224   0.0162
   0.0008   0.0078   0.0014   0.9792   0.0000   0.0000   0.0000   0.0122   0.0011
   0.0002   0.0014   0.0020   0.0000   0.9770   0.0007   0.0365   0.0144   0.0000
   0.0003   0.0000   0.0004   0.0000   0.0002   0.9499   0.0000   0.0073   0.0000
   0.0000   0.0003   0.0000   0.0000   0.0002   0.0000   0.8449   0.0000   0.0003
   0.0000   0.0006   0.0004   0.0005   0.0014   0.0021   0.0000   0.9397   0.0000
   0.0005   0.0000   0.0014   0.0002   0.0000   0.0000   0.0244   0.0000   0.9425

eigenvalues of P_FN1_propos=  0.844706  0.937640  0.941718  0.950760  0.973126  0.976222  0.981476  0.988731  1.000000
psi for P_FN1_propos=   0.7832   0.0122   0.1209   0.0453   0.0195   0.0066   0.0001   0.0019   0.0103
psiG**2 * P_L       =   0.7832   0.0122   0.1209   0.0453   0.0195   0.0066   0.0001   0.0019   0.0103
Above 2 lines should be equal since proposal part of P_FN1 has dominant state psiG**2 * P_L
The exception to this occurs when there is no sign problem, but some components of psiG have the wrong sign, in which case one has 2 decoupled spaces with degenerate dominant eigenvalues

P_L=              1.0000   1.0032   0.9990   1.0001   0.9972   1.0042   0.9098   0.9806   1.0069
P_L_der=          0.0018  -0.1018  -0.0049   0.0191   0.0077  -0.0341   0.2706   0.0360  -0.0466
P_L_der_by_P_L=   0.0018  -0.1015  -0.0049   0.0191   0.0078  -0.0340   0.2974   0.0367  -0.0463

P_L_der_by_P_L=   0.0018  -0.1015  -0.0049   0.0191   0.0078  -0.0340   0.2974   0.0367  -0.0463
psiG_psiFN    =   0.7931   0.0140   0.1110   0.0456   0.0165   0.0070   0.0001   0.0014   0.0114
tmp_vec1      =   0.0014  -0.0014  -0.0005   0.0009   0.0001  -0.0002   0.0000   0.0001  -0.0005

PP_FN1=
   1.9969   0.0128   0.0071   0.0141   0.0080   0.0392   0.0558   0.0000   0.0402
   0.0002   1.9802   0.0000   0.0021   0.0009   0.0000   0.0299   0.0040   0.0000
   0.0011   0.0000   1.9863   0.0038   0.0122   0.0083   0.0000   0.0220   0.0163
   0.0008   0.0078   0.0014   1.9793   0.0000   0.0000   0.0000   0.0120   0.0011
   0.0002   0.0014   0.0020   0.0000   1.9742   0.0007   0.0332   0.0141   0.0000
   0.0003   0.0000   0.0004   0.0000   0.0002   1.9539   0.0000   0.0071   0.0000
   0.0000   0.0003   0.0000   0.0000   0.0002   0.0000   1.7687   0.0000   0.0003
   0.0000   0.0006   0.0004   0.0005   0.0014   0.0021   0.0000   1.9215   0.0000
   0.0005   0.0000   0.0014   0.0002   0.0000   0.0000   0.0222   0.0000   1.9490
iter, W_der_by_W, change=    1  0.001161  1.2E-03

PP_FN1=
   2.9907   0.0383   0.0214   0.0421   0.0238   0.1157   0.1559   0.0008   0.1184
   0.0006   2.9411   0.0000   0.0062   0.0025   0.0000   0.0822   0.0116   0.0000
   0.0033   0.0001   2.9591   0.0113   0.0363   0.0244   0.0008   0.0642   0.0480
   0.0024   0.0231   0.0042   2.9383   0.0000   0.0001   0.0003   0.0348   0.0033
   0.0006   0.0041   0.0059   0.0000   2.9234   0.0022   0.0911   0.0408   0.0001
   0.0010   0.0000   0.0013   0.0000   0.0007   2.8638   0.0000   0.0205   0.0000
   0.0000   0.0009   0.0000   0.0000   0.0006   0.0000   2.3596   0.0000   0.0008
   0.0000   0.0019   0.0010   0.0015   0.0041   0.0062   0.0001   2.7706   0.0000
   0.0015   0.0000   0.0040   0.0007   0.0000   0.0000   0.0604   0.0000   2.8497
iter, W_der_by_W, change=    2  0.001673  5.1E-04
iter, W_der_by_W, change=    3  0.002149  4.8E-04
iter, W_der_by_W, change=    4  0.002593  4.4E-04
iter, W_der_by_W, change=    5  0.003010  4.2E-04
iter, W_der_by_W, change=    6  0.003402  3.9E-04
iter, W_der_by_W, change=    7  0.003773  3.7E-04
iter, W_der_by_W, change=    8  0.004124  3.5E-04
iter, W_der_by_W, change=    9  0.004458  3.3E-04
iter, W_der_by_W, change=   10  0.004776  3.2E-04
iter, W_der_by_W, change=   20  0.007280  2.1E-04
iter, W_der_by_W, change=   30  0.008955  1.4E-04
iter, W_der_by_W, change=   40  0.010116  9.9E-05
iter, W_der_by_W, change=   50  0.010938  7.0E-05
iter, W_der_by_W, change=   60  0.011531  5.1E-05
iter, W_der_by_W, change=   70  0.011963  3.8E-05
iter, W_der_by_W, change=   80  0.012282  2.8E-05
iter, W_der_by_W, change=   90  0.012518  2.1E-05
iter, W_der_by_W, change=  100  0.012693  1.5E-05
iter, W_der_by_W, change=  200  0.013143  1.6E-07
iter, W_der_by_W, change=  300  0.013108 -4.3E-07
iter, W_der_by_W, change=  400  0.013077 -2.0E-07
iter, W_der_by_W, change=  500  0.013065 -6.8E-08
iter, W_der_by_W, change=  600  0.013061 -2.2E-08
iter, W_der_by_W, change=  700  0.013059 -6.7E-09
iter, W_der_by_W, change=  800  0.013059 -2.0E-09
iter, W_der_by_W, change=  900  0.013059 -5.9E-10
iter, W_der_by_W, change= 1000  0.013059 -1.7E-10
Final iter, W_der_by_W, change= 1787  0.013059 -9.9E-15

PP_FN1=
1447.55831561.70871235.10001376.98261135.12991496.4287 860.8506 966.99291553.6584
  24.3285  79.5040  21.8553  28.8429  21.6550  25.5755  21.7657  20.6207  26.6150
 190.8007 216.7302 247.4191 199.0978 192.1914 214.6269 123.5961 163.5326 232.2035
  79.5798 107.0037  74.4840 127.5821  66.8645  84.0205  51.0016  64.9342  88.6309
  28.3883  34.7645  31.1135  28.9344  65.1058  31.7186  23.7798  29.2846  32.7387
  12.4820  13.6942  11.5887  12.1266  10.5791  34.8836   7.5946  10.7852  13.7006
   0.1478   0.2399   0.1374   0.1515   0.1633   0.1563   4.4309   0.1164   0.1874
   2.4306   3.3272   2.6608   2.8242   2.9433   3.2501   1.7043  14.8872   2.8078
  20.2086  22.2225  19.5512  19.9477  17.0275  21.3645  14.1964  14.5295  42.0690

gradient_vmc_FD, gradient_vmc= -0.036011 -0.036011
E_L_der =         -0.0904   5.0904   0.2470  -0.9533  -0.3874   1.7056 -13.5301  -1.8003   2.3312
E_L_der_increm =  -0.0904   5.0904   0.2470  -0.9533  -0.3874   1.7056 -13.5301  -1.8003   2.3312
The above 2 lines should be equal
psiFN1_psiG  =   0.7931   0.0140   0.1110   0.0456   0.0165   0.0070   0.0001   0.0014   0.0114
psiG_increm**2=                 0.7831    0.0122    0.1210    0.0453    0.0196    0.0065    0.0001    0.0020    0.0102
psiG_increm**2 * P_L_increm=    0.7832    0.0122    0.1209    0.0453    0.0195    0.0066    0.0001    0.0019    0.0103
psiG_psiFN_increm=              0.7931    0.0140    0.1110    0.0456    0.0165    0.0070    0.0001    0.0014    0.0114
psiFN_by_psi_increm                   1.0127    1.1469    0.9174    1.0069    0.8419    1.0719    0.6205    0.7167    1.1172
psiFN_by_psi                          1.0127    1.1469    0.9174    1.0069    0.8419    1.0719    0.6205    0.7167    1.1172
psiFN_by_psi_increm                  1.012682251   1.146851228   0.917369365   1.006935753   0.841940001   1.071938545   0.620504480   0.716723228   1.117184162
psiFN_by_psi                         1.012682245   1.146851622   0.917369403   1.006935693   0.841939995   1.071938626   0.620504405   0.716723204   1.117184270
psiFN_by_psi_der=                     0.0623   -3.9387   -0.3790    0.6040    0.0545   -0.8040    0.7505    0.2461   -1.0845

gradient_FN1_1= -0.000000 -0.040656  0.000000 -0.000000  0.000000 -0.000000 -0.000000  0.000000 -0.000000

gradient_FN1_2= -0.000113  0.007711 -0.002324 -0.000121  0.000150  0.001110  0.000455  0.000470  0.003821

gradient_FN1_3= -0.071671  0.071223  0.027409 -0.043445 -0.006389  0.011943 -0.001129 -0.002540  0.026530

E_FN1, E_FN1_increm, gradient_FN1_FD, gradient_FN1= -1.151782 -1.151782 -0.017564 -0.017564

gradient_FN1_FD, gradient_FN1, 1st+2*2nd terms, gradient_FU2000, gradient_FN1_1, gradient_FN1_2, gradient_FN1_3, W_der_by_W= -0.017564 -0.017564 -0.016791 -0.015665 -0.040656  0.011160  0.011932  0.013059

 1 gradient_vmc, gradient_vmc_eval_in_dmc, gradient_FN1, gradient_FN1_1+2*gradient_FN1_3, gradient_FN1_1+W_der_by_W+gradient_FN1_3= -0.036011 -0.041257 -0.017564 -0.016791 -0.015665

 1 Ratio: Error replace 2nd by 3rd term  to  Error replace 2nd by W_der_by_W=  0.406929
------------------------------------------------------------

Data set    2

H=
  -1.0000   0.2078   0.2465  -0.1774   0.1550   0.0818   0.1172   0.0597   0.0351
   0.2078  -0.7500   0.0317   0.1078  -0.1529   0.2204  -0.0884   0.0460  -0.1722
   0.2465   0.0317  -0.5000  -0.0188   0.1205   0.0786   0.1065   0.0542  -0.2134
  -0.1774   0.1078  -0.0188  -0.2500   0.1196   0.2078   0.0252   0.1955   0.1204
   0.1550  -0.1529   0.1205   0.1196   0.0000  -0.1889   0.1373  -0.1491  -0.1836
   0.0818   0.2204   0.0786   0.2078  -0.1889   0.2500   0.0471   0.2473  -0.0761
   0.1172  -0.0884   0.1065   0.0252   0.1373   0.0471   0.5000  -0.0512   0.1073
   0.0597   0.0460   0.0542   0.1955  -0.1491   0.2473  -0.0512   0.7500  -0.1677
   0.0351  -0.1722  -0.2134   0.1204  -0.1836  -0.0761   0.1073  -0.1677   1.0000

eigenval_p,eigenval_h=  1.000000 -1.275242
psi for P    =   0.8174  -0.4330  -0.2248   0.2275  -0.1681  -0.0167  -0.0476  -0.0495  -0.0940

eigenvalues of P=  0.950560  0.956825  0.962966  0.969652  0.974931  0.980377  0.985440  0.989706  1.000000
eigenvalues of H=  1.196769  0.883489  0.576467  0.242178 -0.021770 -0.294090 -0.547235 -0.760567 -1.275242
tau, tau_max= 0.020000 0.404529
P=
   0.9945  -0.0042  -0.0049   0.0035  -0.0031  -0.0016  -0.0023  -0.0012  -0.0007
  -0.0042   0.9895  -0.0006  -0.0022   0.0031  -0.0044   0.0018  -0.0009   0.0034
  -0.0049  -0.0006   0.9845   0.0004  -0.0024  -0.0016  -0.0021  -0.0011   0.0043
   0.0035  -0.0022   0.0004   0.9795  -0.0024  -0.0042  -0.0005  -0.0039  -0.0024
  -0.0031   0.0031  -0.0024  -0.0024   0.9745   0.0038  -0.0027   0.0030   0.0037
  -0.0016  -0.0044  -0.0016  -0.0042   0.0038   0.9695  -0.0009  -0.0049   0.0015
  -0.0023   0.0018  -0.0021  -0.0005  -0.0027  -0.0009   0.9645   0.0010  -0.0021
  -0.0012  -0.0009  -0.0011  -0.0039   0.0030  -0.0049   0.0010   0.9595   0.0034
  -0.0007   0.0034   0.0043  -0.0024   0.0037   0.0015  -0.0021   0.0034   0.9545

sum_P_eig,sum_abs_P_eig,sign_condition_number=  2.078525  2.091526  0.732144

P after making eigenvec +ve =
   0.9945   0.0042   0.0049   0.0035   0.0031   0.0016   0.0023   0.0012   0.0007
   0.0042   0.9895  -0.0006   0.0022   0.0031  -0.0044   0.0018  -0.0009   0.0034
   0.0049  -0.0006   0.9845  -0.0004  -0.0024  -0.0016  -0.0021  -0.0011   0.0043
   0.0035   0.0022  -0.0004   0.9795   0.0024   0.0042   0.0005   0.0039   0.0024
   0.0031   0.0031  -0.0024   0.0024   0.9745   0.0038  -0.0027   0.0030   0.0037
   0.0016  -0.0044  -0.0016   0.0042   0.0038   0.9695  -0.0009  -0.0049   0.0015
   0.0023   0.0018  -0.0021   0.0005  -0.0027  -0.0009   0.9645   0.0010  -0.0021
   0.0012  -0.0009  -0.0011   0.0039   0.0030  -0.0049   0.0010   0.9595   0.0034
   0.0007   0.0034   0.0043   0.0024   0.0037   0.0015  -0.0021   0.0034   0.9545

1+(E_0*1-H) (i.e. P with tau=1) after making eigenvec +ve =
   0.7248  -0.2078  -0.2465  -0.1774  -0.1550  -0.0818  -0.1172  -0.0597  -0.0351
  -0.2078   0.4748   0.0317  -0.1078  -0.1529   0.2204  -0.0884   0.0460  -0.1722
  -0.2465   0.0317   0.2248   0.0188   0.1205   0.0786   0.1065   0.0542  -0.2134
  -0.1774  -0.1078   0.0188  -0.0252  -0.1196  -0.2078  -0.0252  -0.1955  -0.1204
  -0.1550  -0.1529   0.1205  -0.1196  -0.2752  -0.1889   0.1373  -0.1491  -0.1836
  -0.0818   0.2204   0.0786  -0.2078  -0.1889  -0.5252   0.0471   0.2473  -0.0761
  -0.1172  -0.0884   0.1065  -0.0252   0.1373   0.0471  -0.7752  -0.0512   0.1073
  -0.0597   0.0460   0.0542  -0.1955  -0.1491   0.2473  -0.0512  -1.0252  -0.1677
  -0.0351  -0.1722  -0.2134  -0.1204  -0.1836  -0.0761   0.1073  -0.1677  -1.2752
psi0         =   0.8174   0.4330   0.2248   0.2275   0.1681   0.0167   0.0476   0.0495   0.0940
psiG         =   0.8183   0.4301   0.2452   0.2291   0.1503   0.0351   0.0413   0.0339   0.0775
1-overlap_G  =   0.0008

E_G= -1.273018

H_imp=
  -1.0000  -0.3953  -0.8229  -0.6335  -0.8441  -1.9084  -2.3254  -1.4404  -0.3709
  -0.1092  -0.7500   0.0556  -0.2024  -0.4377   2.7043  -0.9220   0.5841  -0.9554
  -0.0739   0.0181  -0.5000   0.0201   0.1965   0.5494   0.6329   0.3922  -0.6750
  -0.0497  -0.0574   0.0176  -0.2500  -0.1823  -1.3582  -0.1400  -1.3217  -0.3559
  -0.0285  -0.0534   0.0738  -0.0784   0.0000  -0.8098   0.5003  -0.6612  -0.3561
  -0.0035   0.0180   0.0112  -0.0318  -0.0441   0.2500   0.0400   0.2558  -0.0344
  -0.0059  -0.0085   0.0179  -0.0045   0.0377   0.0554   0.5000  -0.0623   0.0571
  -0.0025   0.0036   0.0075  -0.0289  -0.0336   0.2391  -0.0421   0.7500  -0.0733
  -0.0033  -0.0310  -0.0675  -0.0407  -0.0947  -0.1683   0.2015  -0.3834   1.0000

P_imp=
   0.9945   0.0079   0.0165   0.0127   0.0169   0.0382   0.0465   0.0288   0.0074
   0.0022   0.9895  -0.0011   0.0040   0.0088  -0.0541   0.0184  -0.0117   0.0191
   0.0015  -0.0004   0.9845  -0.0004  -0.0039  -0.0110  -0.0127  -0.0078   0.0135
   0.0010   0.0011  -0.0004   0.9795   0.0036   0.0272   0.0028   0.0264   0.0071
   0.0006   0.0011  -0.0015   0.0016   0.9745   0.0162  -0.0100   0.0132   0.0071
   0.0001  -0.0004  -0.0002   0.0006   0.0009   0.9695  -0.0008  -0.0051   0.0007
   0.0001   0.0002  -0.0004   0.0001  -0.0008  -0.0011   0.9645   0.0012  -0.0011
   0.0000  -0.0001  -0.0001   0.0006   0.0007  -0.0048   0.0008   0.9595   0.0015
   0.0001   0.0006   0.0013   0.0008   0.0019   0.0034  -0.0040   0.0077   0.9545
tau_av_expon_proj    = 3.617538 1.708373 0.931121 0.961203 0.534549 0.128323 0.208146 0.196036 0.347433
tau_av_expon_proj_new= 3.633167 1.903884 1.289920 0.975379 0.784165 0.655634 0.563303 0.493768 0.439514
factor=                1.004311 1.108149 1.320692 1.014640 1.374817 2.235078 1.878533 1.827556 1.233070
factor2=                 1.0043   1.1144   1.3853   1.0147   1.4670   5.1092   2.7063   2.5188   1.2650

eigenvalues of P_imp=  0.950560  0.956825  0.962966  0.969652  0.974931  0.980377  0.985440  0.989706  1.000000
eigenvalues of H_imp=  1.196769  0.883489  0.576467  0.242178 -0.021770 -0.294090 -0.547235 -0.760567 -1.275242

eigenval_p,eigenval_h=  1.000000 -1.275242
psi0_psiG    =   0.6695   0.1864   0.0552   0.0522   0.0253   0.0006   0.0020   0.0017   0.0073

imp-sampled: sum_P_eig,sum_abs_P_eig,sign_condition_number=  1.000000  1.001270  0.938509

P_FN1=
   0.9945   0.0079   0.0165   0.0127   0.0169   0.0382   0.0465   0.0288   0.0074
   0.0022   0.9887   0.0000   0.0040   0.0088   0.0000   0.0184   0.0000   0.0191
   0.0015   0.0000   0.9808   0.0000   0.0000   0.0000   0.0000   0.0000   0.0135
   0.0010   0.0011   0.0000   0.9791   0.0036   0.0272   0.0028   0.0264   0.0071
   0.0006   0.0011   0.0000   0.0016   0.9698   0.0162   0.0000   0.0132   0.0071
   0.0001   0.0000   0.0000   0.0006   0.0009   0.8985   0.0000   0.0000   0.0007
   0.0001   0.0002   0.0000   0.0001   0.0000   0.0000   0.9370   0.0012   0.0000
   0.0000   0.0000   0.0000   0.0006   0.0007   0.0000   0.0008   0.9349   0.0015
   0.0001   0.0006   0.0013   0.0008   0.0019   0.0034   0.0000   0.0077   0.9534

eigenvalues of P_FN1=  0.898079  0.933565  0.937136  0.951961  0.969463  0.978808  0.980142  0.987520  0.999986
eigenvalues of H_FN1=  3.820797  2.046491  1.867944  1.126715  0.251608 -0.215653 -0.282338 -0.651239 -1.274529

eigenval_p,eigenval_h=  0.999986 -1.274529
psiFN1_psiG =    0.6713   0.1833   0.0569   0.0522   0.0248   0.0011   0.0019   0.0014   0.0073
psiFN1      =    0.8200   0.4259   0.2319   0.2277   0.1648   0.0301   0.0450   0.0418   0.0937

E_0, E_G, E_FN1, E_G-E_0, E_FN1-E_0, rms fluctuation of E_L  -1.27524  -1.27302  -1.27453   0.00222   0.00071   0.06249
E_L     =  -1.2764  -1.2560  -1.2067  -1.2502  -1.4023  -0.4463  -1.5548  -1.8869  -1.7641
P_L     =   1.0000   0.9996   0.9986   0.9995   1.0026   0.9834   1.0056   1.0122   1.0098
P_abs_L =   1.0000   1.0004   1.0023   0.9999   1.0072   1.0544   1.0331   1.0369   1.0109

P_propos=
   0.9945   0.0079   0.0164   0.0127   0.0168   0.0362   0.0450   0.0278   0.0073
   0.0022   0.9891   0.0000   0.0040   0.0087   0.0000   0.0179   0.0000   0.0189
   0.0015   0.0000   0.9822   0.0000   0.0000   0.0000   0.0000   0.0000   0.0134
   0.0010   0.0011   0.0000   0.9796   0.0036   0.0258   0.0027   0.0255   0.0070
   0.0006   0.0011   0.0000   0.0016   0.9675   0.0154   0.0000   0.0128   0.0070
   0.0001   0.0000   0.0000   0.0006   0.0009   0.9195   0.0000   0.0000   0.0007
   0.0001   0.0002   0.0000   0.0001   0.0000   0.0000   0.9336   0.0012   0.0000
   0.0000   0.0000   0.0000   0.0006   0.0007   0.0000   0.0008   0.9254   0.0015
   0.0001   0.0006   0.0013   0.0008   0.0019   0.0032   0.0000   0.0074   0.9442
sum P_propos  1.000000  1.000000  1.000000  1.000000  1.000000  1.000000  1.000000  1.000000  1.000000
E_FN1= -1.274529 -1.274529
psiG**2=         0.6697   0.1850   0.0601   0.0525   0.0226   0.0012   0.0017   0.0011   0.0060
psiG**2 * P_L=   0.6697   0.1850   0.0600   0.0525   0.0226   0.0012   0.0017   0.0012   0.0061
psiG_psiFN=      0.6713   0.1833   0.0569   0.0522   0.0248   0.0011   0.0019   0.0014   0.0073
P_L=             1.0000   0.9996   0.9986   0.9995   1.0026   0.9834   1.0056   1.0122   1.0098
psiFN_by_psi=          1.0024   0.9904   0.9461   0.9943   1.0968   0.8585   1.0908   1.2329   1.2100

P_markov=
   0.9945   0.0079   0.0164   0.0127   0.0168   0.0362   0.0450   0.0278   0.0073
   0.0022   0.9891   0.0000   0.0040   0.0087   0.0000   0.0179   0.0000   0.0189
   0.0015   0.0000   0.9822   0.0000   0.0000   0.0000   0.0000   0.0000   0.0134
   0.0010   0.0011   0.0000   0.9797   0.0036   0.0258   0.0027   0.0255   0.0070
   0.0006   0.0011   0.0000   0.0016   0.9676   0.0154   0.0000   0.0128   0.0070
   0.0001   0.0000   0.0000   0.0006   0.0008   0.9195   0.0000   0.0000   0.0007
   0.0001   0.0002   0.0000   0.0001   0.0000   0.0000   0.9336   0.0012   0.0000
   0.0000   0.0000   0.0000   0.0006   0.0006   0.0000   0.0008   0.9254   0.0014
   0.0001   0.0006   0.0013   0.0008   0.0019   0.0032   0.0000   0.0074   0.9443

eigenvalues of P_markov=  0.918868  0.924472  0.933575  0.943338  0.967304  0.979204  0.981153  0.987891  1.000000
eigenvalues of H_markov=  2.781359  2.501157  2.046023  1.557854  0.359552 -0.235443 -0.332879 -0.669816 -1.275242

eigenval_p,eigenval_h=  1.000000 -1.274529
psi for P_mar=   0.6697   0.1850   0.0601   0.0525   0.0226   0.0012   0.0017   0.0011   0.0060
psiG**2      =   0.6697   0.1850   0.0601   0.0525   0.0226   0.0012   0.0017   0.0011   0.0060
Above 2 lines should be equal since Markov matrix has dominant state psiG**2
The exception to this occurs when there is no sign problem, but some components of psiG have the wrong sign, in which case one has 2 decoupled spaces with degenerate dominant eigenvalues

P_FN3=
   0.9945   0.0079   0.0164   0.0127   0.0168   0.0356   0.0453   0.0281   0.0074
   0.0022   0.9887   0.0000   0.0040   0.0087   0.0000   0.0180   0.0000   0.0191
   0.0015   0.0000   0.9809   0.0000   0.0000   0.0000   0.0000   0.0000   0.0135
   0.0010   0.0011   0.0000   0.9792   0.0036   0.0253   0.0027   0.0258   0.0071
   0.0006   0.0011   0.0000   0.0016   0.9700   0.0151   0.0000   0.0129   0.0071
   0.0001   0.0000   0.0000   0.0006   0.0008   0.9043   0.0000   0.0000   0.0007
   0.0001   0.0002   0.0000   0.0001   0.0000   0.0000   0.9388   0.0012   0.0000
   0.0000   0.0000   0.0000   0.0006   0.0007   0.0000   0.0008   0.9367   0.0014
   0.0001   0.0006   0.0013   0.0008   0.0019   0.0031   0.0000   0.0075   0.9535
E_FN3= -1.274471 -1.274471

eigenvalues of P_FN3=  0.903827  0.935425  0.938969  0.952142  0.969686  0.978887  0.980227  0.987561  0.999999
eigenvalues of H_FN3=  3.534138  1.954217  1.777043  1.118378  0.241177 -0.218902 -0.285860 -0.652582 -1.274471

eigenval_p,eigenval_h=  0.999999 -1.274471
psiFN3_psiG  =   0.6713   0.1833   0.0569   0.0522   0.0247   0.0011   0.0019   0.0014   0.0072
psiFN3      =    0.8200   0.4260   0.2321   0.2278   0.1644   0.0302   0.0448   0.0415   0.0929

P_FN4=
   0.9945   0.0079   0.0164   0.0127   0.0168   0.0356   0.0453   0.0281   0.0074
   0.0022   0.9887   0.0000   0.0040   0.0087   0.0000   0.0180   0.0000   0.0191
   0.0015   0.0000   0.9809   0.0000   0.0000   0.0000   0.0000   0.0000   0.0135
   0.0010   0.0011   0.0000   0.9791   0.0036   0.0253   0.0027   0.0258   0.0071
   0.0006   0.0011   0.0000   0.0016   0.9700   0.0151   0.0000   0.0129   0.0071
   0.0001   0.0000   0.0000   0.0006   0.0009   0.9043   0.0000   0.0000   0.0007
   0.0001   0.0002   0.0000   0.0001   0.0000   0.0000   0.9388   0.0012   0.0000
   0.0000   0.0000   0.0000   0.0006   0.0007   0.0000   0.0008   0.9367   0.0015
   0.0001   0.0006   0.0013   0.0008   0.0019   0.0031   0.0000   0.0075   0.9534
E_FN4= -1.274522 -1.274522

eigenvalues of P_FN4=  0.903805  0.935397  0.938959  0.952076  0.969620  0.978854  0.980205  0.987545  1.000000
eigenvalues of H_FN4=  3.535239  1.955633  1.777514  1.121694  0.244447 -0.217210 -0.284773 -0.651776 -1.274522

eigenval_p,eigenval_h=  1.000000 -1.274522
psiFN4_psiG  =   0.6709   0.1833   0.0570   0.0522   0.0249   0.0011   0.0019   0.0015   0.0073
psiFN4      =    0.8194   0.4259   0.2325   0.2277   0.1655   0.0319   0.0463   0.0430   0.0938
FN5: sum_pos  0.000000
FN5: sum_pos  0.039651
FN5: sum_pos  0.183632
FN5: sum_pos  0.020092
FN5: sum_pos  0.234214
FN5: sum_pos  3.548251
FN5: sum_pos  1.374778
FN5: sum_pos  1.232081
FN5: sum_pos  0.057096

P_FN5=
   0.9945   0.0079   0.0165   0.0127   0.0169   0.0382   0.0465   0.0288   0.0074
   0.0022   0.9887   0.0000   0.0040   0.0088   0.0000   0.0184   0.0000   0.0191
   0.0015   0.0000   0.9808   0.0000   0.0000   0.0000   0.0000   0.0000   0.0135
   0.0010   0.0011   0.0000   0.9791   0.0036   0.0272   0.0028   0.0264   0.0071
   0.0006   0.0011   0.0000   0.0016   0.9698   0.0162   0.0000   0.0132   0.0071
   0.0001   0.0000   0.0000   0.0006   0.0009   0.8986   0.0000   0.0000   0.0007
   0.0001   0.0002   0.0000   0.0001   0.0000   0.0000   0.9370   0.0012   0.0000
   0.0000   0.0000   0.0000   0.0006   0.0007   0.0000   0.0008   0.9349   0.0015
   0.0001   0.0006   0.0013   0.0008   0.0019   0.0034   0.0000   0.0077   0.9534
E_FN5= -1.274540 -1.274529

eigenvalues of P_FN5=  0.898174  0.933582  0.937151  0.951965  0.969464  0.978809  0.980142  0.987520  0.999986
eigenvalues of H_FN5=  3.816061  2.045676  1.867201  1.126493  0.251556 -0.215681 -0.282354 -0.651242 -1.274540

eigenval_p,eigenval_h=  0.999986 -1.274540
psiFN5_psiG  =   0.6713   0.1833   0.0569   0.0522   0.0248   0.0011   0.0019   0.0014   0.0073
psiFN5      =    0.8200   0.4259   0.2319   0.2278   0.1648   0.0301   0.0450   0.0418   0.0938

E_G, E_FN1, E_FN3, E_FN4, E_0, recover_FN1, recover_FN3, recover_FN4, 1-ovlp_FN1, 1-ovlp_FN3, 1-ovlp_FN4, sign_cond_num= -1.273018 -1.274529 -1.274471 -1.274522 -1.275242 0.679 0.654 0.676 2.E-04 2.E-04 2.E-04 0.939

P_propos2=
   0.9945   0.0079   0.0165   0.0127   0.0168   0.0388   0.0462   0.0285   0.0073
   0.0022   0.9891   0.0000   0.0041   0.0087   0.0000   0.0183   0.0000   0.0189
   0.0015   0.0000   0.9822   0.0000   0.0000   0.0000   0.0000   0.0000   0.0134
   0.0010   0.0011   0.0000   0.9796   0.0036   0.0276   0.0028   0.0261   0.0070
   0.0006   0.0011   0.0000   0.0016   0.9674   0.0165   0.0000   0.0131   0.0071
   0.0001   0.0000   0.0000   0.0006   0.0009   0.9137   0.0000   0.0000   0.0007
   0.0001   0.0002   0.0000   0.0001   0.0000   0.0000   0.9318   0.0012   0.0000
   0.0000   0.0000   0.0000   0.0006   0.0007   0.0000   0.0008   0.9236   0.0015
   0.0001   0.0006   0.0014   0.0008   0.0019   0.0034   0.0000   0.0076   0.9441

eigenvalues of P_FN1_propos=  0.913071  0.922626  0.931758  0.943180  0.967092  0.979137  0.981082  0.987864  1.000000
psi for P_FN1_propos=   0.6697   0.1850   0.0600   0.0525   0.0226   0.0012   0.0017   0.0012   0.0061
psiG**2 * P_L       =   0.6697   0.1850   0.0600   0.0525   0.0226   0.0012   0.0017   0.0012   0.0061
Above 2 lines should be equal since proposal part of P_FN1 has dominant state psiG**2 * P_L
The exception to this occurs when there is no sign problem, but some components of psiG have the wrong sign, in which case one has 2 decoupled spaces with degenerate dominant eigenvalues

P_L=              1.0000   0.9996   0.9986   0.9995   1.0026   0.9834   1.0056   1.0122   1.0098
P_L_der=          0.0051  -0.0235  -0.0026   0.0094   0.0204  -0.1257   0.0429  -0.0272   0.0444
P_L_der_by_P_L=   0.0051  -0.0235  -0.0026   0.0094   0.0203  -0.1279   0.0426  -0.0268   0.0440

P_L_der_by_P_L=   0.0051  -0.0235  -0.0026   0.0094   0.0203  -0.1279   0.0426  -0.0268   0.0440
psiG_psiFN    =   0.6713   0.1833   0.0569   0.0522   0.0248   0.0011   0.0019   0.0014   0.0073
tmp_vec1      =   0.0034  -0.0043  -0.0001   0.0005   0.0005  -0.0001   0.0001  -0.0000   0.0003

PP_FN1=
   1.9945   0.0079   0.0165   0.0127   0.0169   0.0382   0.0465   0.0288   0.0074
   0.0022   1.9887   0.0000   0.0040   0.0088   0.0000   0.0184   0.0000   0.0191
   0.0015   0.0000   1.9808   0.0000   0.0000   0.0000   0.0000   0.0000   0.0135
