Input hamiltonian
hamiltonian=random                                                                          
Input ndim, E_T, tau_in
ndim, E_T, tau_in=    9-20.000000 0.020000
Input fraction_positive, off_diag_mag, psiG_noise
fraction_positive, off_diag_mag,psiG_noise= 0.500000 0.500000 0.080000
psiG_correct_sign
psiG_correct_sign= F
plot_deriv= F
Input irand_seed
irand_seed=1425565376542456

Data set    1

H=
  -1.0000   0.0800   0.1401  -0.1696   0.0630   0.1789  -0.0366  -0.0928  -0.2290
   0.0800  -0.7500   0.0859   0.2028  -0.0542   0.1379   0.1569  -0.0799  -0.2353
   0.1401   0.0859  -0.5000   0.1165  -0.2461  -0.0961  -0.2234  -0.1402   0.2370
  -0.1696   0.2028   0.1165  -0.2500  -0.0711  -0.2226   0.0454   0.1250  -0.0263
   0.0630  -0.0542  -0.2461  -0.0711   0.0000  -0.0210   0.1375  -0.2232  -0.0393
   0.1789   0.1379  -0.0961  -0.2226  -0.0210   0.2500  -0.2276  -0.1955  -0.0772
  -0.0366   0.1569  -0.2234   0.0454   0.1375  -0.2276   0.5000  -0.2075  -0.1275
  -0.0928  -0.0799  -0.1402   0.1250  -0.2232  -0.1955  -0.2075   0.7500  -0.0525
  -0.2290  -0.2353   0.2370  -0.0263  -0.0393  -0.0772  -0.1275  -0.0525   1.0000

eigenval_p,eigenval_h=  1.000000 -1.153737
psi for P    =   0.8957  -0.1375  -0.3155   0.2159  -0.1095  -0.0884  -0.0127  -0.0197   0.1112

eigenvalues of P=  0.953835  0.957765  0.963171  0.973933  0.976522  0.982440  0.989117  0.995544  1.000000
eigenvalues of H=  1.154489  0.958038  0.687698  0.149593  0.020158 -0.275736 -0.609584 -0.930919 -1.153737
tau, tau_max= 0.020000 0.433233
P=
   0.9969  -0.0016  -0.0028   0.0034  -0.0013  -0.0036   0.0007   0.0019   0.0046
  -0.0016   0.9919  -0.0017  -0.0041   0.0011  -0.0028  -0.0031   0.0016   0.0047
  -0.0028  -0.0017   0.9869  -0.0023   0.0049   0.0019   0.0045   0.0028  -0.0047
   0.0034  -0.0041  -0.0023   0.9819   0.0014   0.0045  -0.0009  -0.0025   0.0005
  -0.0013   0.0011   0.0049   0.0014   0.9769   0.0004  -0.0028   0.0045   0.0008
  -0.0036  -0.0028   0.0019   0.0045   0.0004   0.9719   0.0046   0.0039   0.0015
   0.0007  -0.0031   0.0045  -0.0009  -0.0028   0.0046   0.9669   0.0041   0.0026
   0.0019   0.0016   0.0028  -0.0025   0.0045   0.0039   0.0041   0.9619   0.0011
   0.0046   0.0047  -0.0047   0.0005   0.0008   0.0015   0.0026   0.0011   0.9569

sum_P_eig,sum_abs_P_eig,sign_condition_number=  1.905979  1.922966  0.641680

P after making eigenvec +ve =
   0.9969   0.0016   0.0028   0.0034   0.0013   0.0036  -0.0007  -0.0019   0.0046
   0.0016   0.9919  -0.0017   0.0041   0.0011  -0.0028  -0.0031   0.0016  -0.0047
   0.0028  -0.0017   0.9869   0.0023   0.0049   0.0019   0.0045   0.0028   0.0047
   0.0034   0.0041   0.0023   0.9819  -0.0014  -0.0045   0.0009   0.0025   0.0005
   0.0013   0.0011   0.0049  -0.0014   0.9769   0.0004  -0.0028   0.0045  -0.0008
   0.0036  -0.0028   0.0019  -0.0045   0.0004   0.9719   0.0046   0.0039  -0.0015
  -0.0007  -0.0031   0.0045   0.0009  -0.0028   0.0046   0.9669   0.0041  -0.0026
  -0.0019   0.0016   0.0028   0.0025   0.0045   0.0039   0.0041   0.9619  -0.0011
   0.0046  -0.0047   0.0047   0.0005  -0.0008  -0.0015  -0.0026  -0.0011   0.9569

1+(E_0*1-H) (i.e. P with tau=1) after making eigenvec +ve =
   0.8463  -0.0800  -0.1401  -0.1696  -0.0630  -0.1789   0.0366   0.0928  -0.2290
  -0.0800   0.5963   0.0859  -0.2028  -0.0542   0.1379   0.1569  -0.0799   0.2353
  -0.1401   0.0859   0.3463  -0.1165  -0.2461  -0.0961  -0.2234  -0.1402  -0.2370
  -0.1696  -0.2028  -0.1165   0.0963   0.0711   0.2226  -0.0454  -0.1250  -0.0263
  -0.0630  -0.0542  -0.2461   0.0711  -0.1537  -0.0210   0.1375  -0.2232   0.0393
  -0.1789   0.1379  -0.0961   0.2226  -0.0210  -0.4037  -0.2276  -0.1955   0.0772
   0.0366   0.1569  -0.2234  -0.0454   0.1375  -0.2276  -0.6537  -0.2075   0.1275
   0.0928  -0.0799  -0.1402  -0.1250  -0.2232  -0.1955  -0.2075  -0.9037   0.0525
  -0.2290   0.2353  -0.2370  -0.0263   0.0393   0.0772   0.1275   0.0525  -1.1537
psi0         =   0.8957   0.1375   0.3155   0.2159   0.1095   0.0884   0.0127   0.0197   0.1112
psiG         =   0.8805   0.1011   0.3585   0.2115   0.1502   0.0782  -0.0198   0.0527   0.0973
1-overlap_G  =   0.0038

E_G= -1.145673

H_imp=
  -1.0000  -0.6962  -0.3441  -0.7063  -0.3694  -2.0153  -1.6217   1.5501  -2.0710
  -0.0092  -0.7500   0.0242  -0.0970  -0.0365   0.1783  -0.7994  -0.1532   0.2445
  -0.0571   0.3045  -0.5000  -0.1975  -0.5875  -0.4407   4.0350  -0.9535  -0.8728
  -0.0407  -0.4240  -0.0687  -0.2500   0.1001   0.6022   0.4838  -0.5014  -0.0572
  -0.0107  -0.0805  -0.1031   0.0505   0.0000  -0.0404  -1.0404  -0.6358   0.0606
  -0.0159   0.1066  -0.0210   0.0823  -0.0109   0.2500   0.8963  -0.2900   0.0620
  -0.0008  -0.0308   0.0124   0.0043  -0.0182   0.0578   0.5000   0.0781  -0.0260
   0.0056  -0.0416  -0.0206  -0.0312  -0.0783  -0.1319   0.5510   0.7500   0.0285
  -0.0253   0.2265  -0.0643  -0.0121   0.0255   0.0962  -0.6254   0.0970   1.0000

P_imp=
   0.9969   0.0139   0.0069   0.0141   0.0074   0.0403   0.0324  -0.0310   0.0414
   0.0002   0.9919  -0.0005   0.0019   0.0007  -0.0036   0.0160   0.0031  -0.0049
   0.0011  -0.0061   0.9869   0.0040   0.0118   0.0088  -0.0807   0.0191   0.0175
   0.0008   0.0085   0.0014   0.9819  -0.0020  -0.0120  -0.0097   0.0100   0.0011
   0.0002   0.0016   0.0021  -0.0010   0.9769   0.0008   0.0208   0.0127  -0.0012
   0.0003  -0.0021   0.0004  -0.0016   0.0002   0.9719  -0.0179   0.0058  -0.0012
   0.0000   0.0006  -0.0002  -0.0001   0.0004  -0.0012   0.9669  -0.0016   0.0005
  -0.0001   0.0008   0.0004   0.0006   0.0016   0.0026  -0.0110   0.9619  -0.0006
   0.0005  -0.0045   0.0013   0.0002  -0.0005  -0.0019   0.0125  -0.0019   0.9569
tau_av_expon_proj    = 6.048660 0.523379 1.518565 0.846619 0.815332 0.280677 0.099473 0.234791 0.292176
tau_av_expon_proj_new= 6.504622 2.476861 1.529668 1.106517 0.866749 0.712384 0.604691 0.525283 0.464309
factor=                1.072613 2.200518 1.007284 1.264755 1.061117 1.833090 2.305963 1.738493 1.448793
factor2=                 1.0754   4.7324   1.0073   1.3070   1.0631   2.5381   6.0790   2.2372   1.5891

eigenvalues of P_imp=  0.953835  0.957765  0.963171  0.973933  0.976522  0.982440  0.989117  0.995544  1.000000
eigenvalues of H_imp=  1.154489  0.958038  0.687698  0.149593  0.020158 -0.275736 -0.609584 -0.930919 -1.153737

eigenval_p,eigenval_h=  1.000000 -1.153737
psi0_psiG    =   0.7912   0.0139   0.1135   0.0458   0.0165   0.0069  -0.0003   0.0010   0.0109

imp-sampled: sum_P_eig,sum_abs_P_eig,sign_condition_number=  1.000000  1.001559  0.925061

P_FN1=
   0.9968   0.0139   0.0069   0.0141   0.0074   0.0403   0.0324   0.0000   0.0414
   0.0002   0.9792   0.0000   0.0019   0.0007   0.0000   0.0160   0.0031   0.0000
   0.0011   0.0000   0.9862   0.0040   0.0118   0.0088   0.0000   0.0191   0.0175
   0.0008   0.0085   0.0014   0.9792   0.0000   0.0000   0.0000   0.0100   0.0011
   0.0002   0.0016   0.0021   0.0000   0.9744   0.0008   0.0208   0.0127   0.0000
   0.0003   0.0000   0.0004   0.0000   0.0002   0.9532   0.0000   0.0058   0.0000
   0.0000   0.0006   0.0000   0.0000   0.0004   0.0000   0.8476   0.0000   0.0005
   0.0000   0.0008   0.0004   0.0006   0.0016   0.0026   0.0000   0.9274   0.0000
   0.0005   0.0000   0.0013   0.0002   0.0000   0.0000   0.0125   0.0000   0.9490

eigenvalues of P_FN1=  0.847404  0.926225  0.948045  0.953446  0.972372  0.975610  0.982390  0.987627  0.999935
eigenvalues of H_FN1=  6.476056  2.535024  1.444031  1.173972  0.227638  0.065753 -0.273236 -0.535083 -1.150510

eigenval_p,eigenval_h=  0.999935 -1.150510
psiFN1_psiG =    0.7900   0.0123   0.1148   0.0451   0.0180   0.0067   0.0002   0.0018   0.0110
psiFN1      =    0.8956   0.1212   0.3196   0.2130   0.1196   0.0857  -0.0108   0.0344   0.1130

E_0, E_G, E_FN1, E_G-E_0, E_FN1-E_0, rms fluctuation of E_L  -1.15374  -1.14567  -1.15051   0.00806   0.00323   0.09854
E_L     =  -1.1542  -1.3857  -1.0853  -1.1571  -0.9754  -1.4437   2.3791  -0.0587  -1.6315
P_L     =   1.0001   1.0047   0.9987   1.0001   0.9965   1.0059   0.9294   0.9782   1.0096
P_abs_L =   1.0001   1.0174   0.9994   1.0028   0.9989   1.0245   1.0487   1.0126   1.0175

P_propos=
   0.9968   0.0137   0.0069   0.0141   0.0074   0.0393   0.0309   0.0000   0.0407
   0.0002   0.9750   0.0000   0.0019   0.0007   0.0000   0.0152   0.0030   0.0000
   0.0011   0.0000   0.9876   0.0039   0.0118   0.0086   0.0000   0.0188   0.0172
   0.0008   0.0083   0.0014   0.9792   0.0000   0.0000   0.0000   0.0099   0.0011
   0.0002   0.0016   0.0021   0.0000   0.9780   0.0008   0.0198   0.0126   0.0000
   0.0003   0.0000   0.0004   0.0000   0.0002   0.9487   0.0000   0.0057   0.0000
   0.0000   0.0006   0.0000   0.0000   0.0004   0.0000   0.9221   0.0000   0.0005
   0.0000   0.0008   0.0004   0.0006   0.0016   0.0026   0.0000   0.9500   0.0000
   0.0005   0.0000   0.0013   0.0002   0.0000   0.0000   0.0119   0.0000   0.9405
sum P_propos  1.000000  1.000000  1.000000  1.000000  1.000000  1.000000  1.000000  1.000000  1.000000
E_FN1= -1.150510 -1.150510
psiG**2=         0.7752   0.0102   0.1285   0.0447   0.0226   0.0061   0.0004   0.0028   0.0095
psiG**2 * P_L=   0.7753   0.0103   0.1284   0.0447   0.0225   0.0061   0.0004   0.0027   0.0096
psiG_psiFN=      0.7900   0.0123   0.1148   0.0451   0.0180   0.0067   0.0002   0.0018   0.0110
P_L=             1.0001   1.0047   0.9987   1.0001   0.9965   1.0059   0.9294   0.9782   1.0096
psiFN1_by_psiG=          1.0191   1.2001   0.8932   1.0092   0.7979   1.0988   0.5475   0.6530   1.1634

P_markov=
   0.9968   0.0137   0.0069   0.0141   0.0074   0.0393   0.0309   0.0000   0.0407
   0.0002   0.9750   0.0000   0.0019   0.0007   0.0000   0.0152   0.0030   0.0000
   0.0011   0.0000   0.9876   0.0039   0.0118   0.0086   0.0000   0.0188   0.0172
   0.0008   0.0083   0.0014   0.9792   0.0000   0.0000   0.0000   0.0099   0.0011
   0.0002   0.0016   0.0021   0.0000   0.9780   0.0008   0.0198   0.0126   0.0000
   0.0003   0.0000   0.0004   0.0000   0.0002   0.9487   0.0000   0.0057   0.0000
   0.0000   0.0006   0.0000   0.0000   0.0003   0.0000   0.9221   0.0000   0.0005
   0.0000   0.0008   0.0004   0.0006   0.0015   0.0026   0.0000   0.9500   0.0000
   0.0005   0.0000   0.0013   0.0002   0.0000   0.0000   0.0119   0.0000   0.9405

eigenvalues of P_markov=  0.921447  0.940030  0.945031  0.952370  0.972200  0.976942  0.980780  0.989155  1.000000
eigenvalues of H_markov=  2.773924  1.844746  1.594716  1.227769  0.236278 -0.000837 -0.192739 -0.611476 -1.153737

eigenval_p,eigenval_h=  1.000000 -1.150510
psi for P_mar=   0.7752   0.0102   0.1285   0.0447   0.0226   0.0061   0.0004   0.0028   0.0095
psiG**2      =   0.7752   0.0102   0.1285   0.0447   0.0226   0.0061   0.0004   0.0028   0.0095
Above 2 lines should be equal since Markov matrix has dominant state psiG**2
The exception to this occurs when there is no sign problem, but some components of psiG have the wrong sign, in which case one has 2 decoupled spaces with degenerate dominant eigenvalues

P_FN3=
   0.9969   0.0138   0.0069   0.0141   0.0074   0.0396   0.0287   0.0000   0.0411
   0.0002   0.9796   0.0000   0.0019   0.0007   0.0000   0.0142   0.0029   0.0000
   0.0011   0.0000   0.9863   0.0039   0.0117   0.0087   0.0000   0.0184   0.0173
   0.0008   0.0084   0.0014   0.9793   0.0000   0.0000   0.0000   0.0097   0.0011
   0.0002   0.0016   0.0021   0.0000   0.9746   0.0008   0.0184   0.0123   0.0000
   0.0003   0.0000   0.0004   0.0000   0.0002   0.9543   0.0000   0.0055   0.0000
   0.0000   0.0006   0.0000   0.0000   0.0003   0.0000   0.8570   0.0000   0.0005
   0.0000   0.0008   0.0004   0.0006   0.0015   0.0026   0.0000   0.9293   0.0000
   0.0005   0.0000   0.0013   0.0002   0.0000   0.0000   0.0111   0.0000   0.9496
E_FN3= -1.150409 -1.150409

eigenvalues of P_FN3=  0.856781  0.928120  0.948609  0.954450  0.972594  0.975886  0.982626  0.987738  0.999998
eigenvalues of H_FN3=  6.010450  2.443477  1.419039  1.126975  0.219771  0.055174 -0.281827 -0.537417 -1.150409

eigenval_p,eigenval_h=  0.999998 -1.150409
psiFN3_psiG  =   0.7901   0.0122   0.1149   0.0451   0.0180   0.0067   0.0002   0.0018   0.0109
psiFN3      =    0.8957   0.1209   0.3198   0.2130   0.1198   0.0854  -0.0110   0.0347   0.1121

P_FN4=
   0.9969   0.0138   0.0069   0.0141   0.0074   0.0396   0.0287   0.0000   0.0411
   0.0002   0.9796   0.0000   0.0019   0.0007   0.0000   0.0142   0.0030   0.0000
   0.0011   0.0000   0.9863   0.0039   0.0117   0.0087   0.0000   0.0184   0.0173
   0.0008   0.0084   0.0014   0.9793   0.0000   0.0000   0.0000   0.0097   0.0011
   0.0002   0.0016   0.0021   0.0000   0.9745   0.0008   0.0184   0.0123   0.0000
   0.0003   0.0000   0.0004   0.0000   0.0002   0.9543   0.0000   0.0056   0.0000
   0.0000   0.0006   0.0000   0.0000   0.0004   0.0000   0.8570   0.0000   0.0005
   0.0000   0.0008   0.0004   0.0006   0.0016   0.0026   0.0000   0.9292   0.0000
   0.0005   0.0000   0.0013   0.0002   0.0000   0.0000   0.0111   0.0000   0.9495
E_FN4= -1.150536 -1.150536

eigenvalues of P_FN4=  0.856774  0.928030  0.948576  0.954447  0.972528  0.975835  0.982623  0.987699  1.000001
eigenvalues of H_FN4=  6.010787  2.447999  1.420672  1.127142  0.223086  0.057752 -0.281684 -0.535441 -1.150536

eigenval_p,eigenval_h=  1.000001 -1.150536
psiFN4_psiG  =   0.7895   0.0124   0.1148   0.0452   0.0180   0.0068   0.0002   0.0019   0.0111
psiFN4      =    0.8950   0.1228   0.3195   0.2134   0.1196   0.0874  -0.0115   0.0352   0.1140
FN5: sum_pos  0.005557
FN5: sum_pos  0.637495
FN5: sum_pos  0.036603
FN5: sum_pos  0.137046
FN5: sum_pos  0.125557
FN5: sum_pos  0.934535
FN5: sum_pos  5.966059
FN5: sum_pos  1.725225
FN5: sum_pos  0.395569

P_FN5=
   0.9968   0.0139   0.0069   0.0141   0.0074   0.0403   0.0324   0.0000   0.0414
   0.0002   0.9792   0.0000   0.0019   0.0007   0.0000   0.0160   0.0031   0.0000
   0.0011   0.0000   0.9862   0.0040   0.0118   0.0088   0.0000   0.0191   0.0175
   0.0008   0.0085   0.0014   0.9792   0.0000   0.0000   0.0000   0.0100   0.0011
   0.0002   0.0016   0.0021   0.0000   0.9744   0.0008   0.0208   0.0127   0.0000
   0.0003   0.0000   0.0004   0.0000   0.0002   0.9532   0.0000   0.0058   0.0000
   0.0000   0.0006   0.0000   0.0000   0.0004   0.0000   0.8481   0.0000   0.0005
   0.0000   0.0008   0.0004   0.0006   0.0016   0.0026   0.0000   0.9274   0.0000
   0.0005   0.0000   0.0013   0.0002   0.0000   0.0000   0.0125   0.0000   0.9490
E_FN5= -1.150521 -1.150507

eigenvalues of P_FN5=  0.847861  0.926250  0.948051  0.953451  0.972373  0.975611  0.982390  0.987627  0.999936
eigenvalues of H_FN5=  6.453223  2.533772  1.443705  1.173724  0.227613  0.065728 -0.273252 -0.535094 -1.150521

eigenval_p,eigenval_h=  0.999936 -1.150521
psiFN5_psiG  =   0.7900   0.0123   0.1148   0.0451   0.0180   0.0067   0.0002   0.0018   0.0110
psiFN5      =    0.8956   0.1212   0.3196   0.2130   0.1196   0.0857  -0.0109   0.0344   0.1131

E_G, E_FN1, E_FN3, E_FN4, E_0, recover_FN1, recover_FN3, recover_FN4, 1-ovlp_FN1, 1-ovlp_FN3, 1-ovlp_FN4, sign_cond_num= -1.145673 -1.150510 -1.150409 -1.150536 -1.153737 0.600 0.587 0.603 6.E-04 6.E-04 6.E-04 0.925

P_propos2=
   0.9968   0.0139   0.0069   0.0141   0.0074   0.0401   0.0349   0.0000   0.0410
   0.0002   0.9747   0.0000   0.0019   0.0007   0.0000   0.0172   0.0031   0.0000
   0.0011   0.0000   0.9875   0.0040   0.0118   0.0088   0.0000   0.0195   0.0173
   0.0008   0.0084   0.0014   0.9791   0.0000   0.0000   0.0000   0.0103   0.0011
   0.0002   0.0016   0.0021   0.0000   0.9779   0.0008   0.0224   0.0130   0.0000
   0.0003   0.0000   0.0004   0.0000   0.0002   0.9477   0.0000   0.0059   0.0000
   0.0000   0.0006   0.0000   0.0000   0.0004   0.0000   0.9121   0.0000   0.0005
   0.0000   0.0008   0.0004   0.0006   0.0016   0.0026   0.0000   0.9482   0.0000
   0.0005   0.0000   0.0013   0.0002   0.0000   0.0000   0.0135   0.0000   0.9400

eigenvalues of P_FN1_propos=  0.911516  0.939465  0.943521  0.951081  0.971890  0.976812  0.980665  0.989102  1.000000
psi for P_FN1_propos=   0.7753   0.0103   0.1284   0.0447   0.0225   0.0061   0.0004   0.0027   0.0096
psiG**2 * P_L       =   0.7753   0.0103   0.1284   0.0447   0.0225   0.0061   0.0004   0.0027   0.0096
Above 2 lines should be equal since proposal part of P_FN1 has dominant state psiG**2 * P_L
The exception to this occurs when there is no sign problem, but some components of psiG have the wrong sign, in which case one has 2 decoupled spaces with degenerate dominant eigenvalues

P_L=              1.0001   1.0047   0.9987   1.0001   0.9965   1.0059   0.9294   0.9782   1.0096
P_L_der=          0.0018  -0.1257  -0.0048   0.0192   0.0072  -0.0353   0.1581   0.0303  -0.0483
P_L_der_by_P_L=   0.0018  -0.1251  -0.0048   0.0192   0.0072  -0.0351   0.1701   0.0310  -0.0479

P_L_der_by_P_L=   0.0018  -0.1251  -0.0048   0.0192   0.0072  -0.0351   0.1701   0.0310  -0.0479
psiG_psiFN    =   0.7900   0.0123   0.1148   0.0451   0.0180   0.0067   0.0002   0.0018   0.0110
tmp_vec1      =   0.0014  -0.0015  -0.0006   0.0009   0.0001  -0.0002   0.0000   0.0001  -0.0005

PP_FN1=
   1.9969   0.0139   0.0069   0.0141   0.0074   0.0403   0.0324   0.0000   0.0414
   0.0002   1.9792   0.0000   0.0019   0.0007   0.0000   0.0160   0.0031   0.0000
   0.0011   0.0000   1.9863   0.0040   0.0118   0.0088   0.0000   0.0191   0.0175
   0.0008   0.0085   0.0014   1.9792   0.0000   0.0000   0.0000   0.0100   0.0011
   0.0002   0.0016   0.0021   0.0000   1.9745   0.0008   0.0208   0.0127   0.0000
   0.0003   0.0000   0.0004   0.0000   0.0002   1.9533   0.0000   0.0058   0.0000
   0.0000   0.0006   0.0000   0.0000   0.0004   0.0000   1.8477   0.0000   0.0005
   0.0000   0.0008   0.0004   0.0006   0.0016   0.0026   0.0000   1.9275   0.0000
   0.0005   0.0000   0.0013   0.0002   0.0000   0.0000   0.0125   0.0000   1.9491
iter, W_der_by_W, change=    1  0.001647  1.6E-03

PP_FN1=
   2.9907   0.0416   0.0206   0.0421   0.0221   0.1190   0.0932   0.0006   0.1222
   0.0005   2.9382   0.0000   0.0057   0.0022   0.0000   0.0452   0.0089   0.0000
   0.0034   0.0001   2.9590   0.0117   0.0348   0.0260   0.0005   0.0558   0.0513
   0.0024   0.0251   0.0041   2.9382   0.0000   0.0001   0.0002   0.0292   0.0034
   0.0006   0.0048   0.0061   0.0000   2.9241   0.0024   0.0588   0.0369   0.0001
   0.0009   0.0000   0.0012   0.0000   0.0007   2.8621   0.0000   0.0167   0.0000
   0.0000   0.0017   0.0000   0.0000   0.0010   0.0000   2.5662   0.0000   0.0015
   0.0000   0.0024   0.0012   0.0018   0.0046   0.0076   0.0000   2.7878   0.0000
   0.0015   0.0000   0.0038   0.0007   0.0000   0.0000   0.0350   0.0000   2.8499
iter, W_der_by_W, change=    2  0.002394  7.5E-04
iter, W_der_by_W, change=    3  0.003095  7.0E-04
iter, W_der_by_W, change=    4  0.003756  6.6E-04
iter, W_der_by_W, change=    5  0.004380  6.2E-04
iter, W_der_by_W, change=    6  0.004969  5.9E-04
iter, W_der_by_W, change=    7  0.005528  5.6E-04
iter, W_der_by_W, change=    8  0.006057  5.3E-04
iter, W_der_by_W, change=    9  0.006560  5.0E-04
iter, W_der_by_W, change=   10  0.007038  4.8E-04
iter, W_der_by_W, change=   20  0.010781  3.1E-04
iter, W_der_by_W, change=   30  0.013254  2.1E-04
iter, W_der_by_W, change=   40  0.014959  1.4E-04
iter, W_der_by_W, change=   50  0.016162  1.0E-04
iter, W_der_by_W, change=   60  0.017026  7.4E-05
iter, W_der_by_W, change=   70  0.017653  5.4E-05
iter, W_der_by_W, change=   80  0.018111  4.0E-05
iter, W_der_by_W, change=   90  0.018447  2.9E-05
iter, W_der_by_W, change=  100  0.018694  2.1E-05
iter, W_der_by_W, change=  200  0.019275 -2.2E-07
iter, W_der_by_W, change=  300  0.019200 -7.4E-07
iter, W_der_by_W, change=  400  0.019149 -3.1E-07
iter, W_der_by_W, change=  500  0.019130 -1.0E-07
iter, W_der_by_W, change=  600  0.019124 -3.3E-08
iter, W_der_by_W, change=  700  0.019122 -9.9E-09
iter, W_der_by_W, change=  800  0.019122 -2.9E-09
iter, W_der_by_W, change=  900  0.019121 -8.6E-10
iter, W_der_by_W, change= 1000  0.019121 -2.5E-10
Final iter, W_der_by_W, change= 1820  0.019121 -1.0E-14

PP_FN1=
1475.03401658.41861218.80541398.87151090.11101553.8276 768.7817 892.39291638.9229
  21.8843  75.2609  19.0347  25.7546  18.3422  23.4546  17.0569  16.7302  24.7996
 202.0777 239.1618 251.7201 209.9437 190.8816 231.3537 114.6426 156.2818 253.9386
  80.6991 112.5920  73.0482 128.2435  63.8500  86.8393  45.1964  59.4397  92.9992
  31.7174  40.4426  33.4970  32.2030  66.8304  36.0919  23.1690  29.4155  37.8328
  12.2503  14.0130  11.0011  11.8677   9.7797  34.6130   6.5336   9.5492  13.9163
   0.3907   0.6570   0.3514   0.3982   0.4047   0.4212   6.8133   0.2780   0.5119
   3.1993   4.5452   3.3792   3.6939   3.6245   4.3423   1.9607  16.3485   3.8225
  20.0340  22.9729  18.7221  19.7060  15.8947  21.5769  12.3121  13.0334  42.6696

gradient_vmc_FD, gradient_vmc= -0.048547 -0.048547
E_L_der =         -0.0908   6.2850   0.2396  -0.9590  -0.3610   1.7633  -7.9043  -1.5152   2.4171
E_L_der_increm =  -0.0908   6.2850   0.2396  -0.9590  -0.3610   1.7633  -7.9043  -1.5152   2.4171
The above 2 lines should be equal
psiFN1_psiG  =   0.7900   0.0123   0.1148   0.0451   0.0180   0.0067   0.0002   0.0018   0.0110
psiG_increm**2=                 0.7752    0.0102    0.1285    0.0447    0.0226    0.0061    0.0004    0.0028    0.0095
psiG_increm**2 * P_L_increm=    0.7753    0.0103    0.1284    0.0447    0.0225    0.0061    0.0004    0.0027    0.0096
psiG_psiFN_increm=              0.7900    0.0123    0.1148    0.0451    0.0180    0.0067    0.0002    0.0018    0.0110
psiFN1_by_psiG_increm                   1.0191    1.2001    0.8932    1.0092    0.7979    1.0988    0.5475    0.6530    1.1634
psiFN1_by_psiG                          1.0191    1.2001    0.8932    1.0092    0.7979    1.0988    0.5475    0.6530    1.1634
psiFN1_by_psiG_increm                  1.019114343   1.200113612   0.893188925   1.009200537   0.797937475   1.098823957   0.547478192   0.652970672   1.163415906
psiFN1_by_psiG                         1.019114338   1.200114040   0.893188963   1.009200473   0.797937469   1.098824042   0.547478120   0.652970647   1.163416024
psiFN1_by_psiG_der=                     0.0477   -4.2767   -0.3753    0.6406    0.0612   -0.8558    0.7161    0.2486   -1.1837

gradient_FN1_1=  0.000592 -0.056504 -0.001514  0.000060 -0.000638  0.000398 -0.000154 -0.000401  0.001073

gradient_FN1_2= -0.000137  0.010288 -0.003145 -0.000188  0.000242  0.001534  0.000996  0.000754  0.005395

gradient_FN1_3= -0.071759  0.077158  0.027507 -0.043282 -0.006498  0.011842 -0.001705 -0.002750  0.026647

E_FN1, E_FN1_increm, gradient_FN1_FD, gradient_FN1= -1.150510 -1.150510 -0.024189 -0.024190

gradient_FN1_FD, gradient_FN1, 1st+2*2nd terms, gradient_FU2000, gradient_FN1_1, gradient_FN1_2, gradient_FN1_3, W_der_by_W= -0.024189 -0.024190 -0.022768 -0.020807 -0.057088  0.015738  0.017160  0.019121

  1  1 gradient_vmc, gradient_vmc_eval_in_dmc, gradient_FN1, gradient_FN1_1+2*gradient_FN1_3, gradient_FN1_1+W_der_by_W+gradient_FN1_3= -0.048547 -0.057175 -0.024190 -0.022768 -0.020807

 1 Ratio: Error replace 2nd by 3rd term  to  Error replace 2nd by W_der_by_W=  0.420220
FN1*G=  0.7885212374  0.0122532437  0.1145823704  0.0450462578  0.0179632807  0.0067028761  0.0002153045  0.0018112477  0.0110036057  0.9980994239
FN1_G=  0.7900227357  0.0122765763  0.1148005576  0.0451320347  0.0179974863  0.0067156397  0.0002157144  0.0018146966  0.0110245587  1.0000000000
test=  0.759696  0.761143
test2=  0.008213 -0.034604 -0.034604  0.008213 -0.023242  0.020995 -0.001418861034 -0.001542949233  0.003227308232
test3=  1.000000  0.633285  1.000000  0.989770  0.020201 -0.018248
test4=  0.003064 -0.011363
test5=  0.453924  0.226915 -0.000441  0.000489  0.405370  0.667855  0.483774  0.226915
test6= -0.089050  0.989770 -0.036260 -0.021389 -0.015190 -0.007907  0.002008 -0.005332 -0.009846
test6= -0.090580  1.185580 -0.032325 -0.021544 -0.012097 -0.008672  0.001097 -0.003475 -0.011433
test6= -0.046939  0.754087 -0.165984  0.114074 -0.002694 -0.075278 -0.013112  0.009672 -0.126218
------------------------------------------------------------

Data set    2

H=
  -1.0000   0.2078   0.2465  -0.1774   0.1550   0.0818   0.1172   0.0597   0.0351
   0.2078  -0.7500   0.0317   0.1078  -0.1529   0.2204  -0.0884   0.0460  -0.1722
   0.2465   0.0317  -0.5000  -0.0188   0.1205   0.0786   0.1065   0.0542  -0.2134
  -0.1774   0.1078  -0.0188  -0.2500   0.1196   0.2078   0.0252   0.1955   0.1204
   0.1550  -0.1529   0.1205   0.1196   0.0000  -0.1889   0.1373  -0.1491  -0.1836
   0.0818   0.2204   0.0786   0.2078  -0.1889   0.2500   0.0471   0.2473  -0.0761
   0.1172  -0.0884   0.1065   0.0252   0.1373   0.0471   0.5000  -0.0512   0.1073
   0.0597   0.0460   0.0542   0.1955  -0.1491   0.2473  -0.0512   0.7500  -0.1677
   0.0351  -0.1722  -0.2134   0.1204  -0.1836  -0.0761   0.1073  -0.1677   1.0000

eigenval_p,eigenval_h=  1.000000 -1.275242
psi for P    =   0.8174  -0.4330  -0.2248   0.2275  -0.1681  -0.0167  -0.0476  -0.0495  -0.0940

eigenvalues of P=  0.950560  0.956825  0.962966  0.969652  0.974931  0.980377  0.985440  0.989706  1.000000
eigenvalues of H=  1.196769  0.883489  0.576467  0.242178 -0.021770 -0.294090 -0.547235 -0.760567 -1.275242
tau, tau_max= 0.020000 0.404529
P=
   0.9945  -0.0042  -0.0049   0.0035  -0.0031  -0.0016  -0.0023  -0.0012  -0.0007
  -0.0042   0.9895  -0.0006  -0.0022   0.0031  -0.0044   0.0018  -0.0009   0.0034
  -0.0049  -0.0006   0.9845   0.0004  -0.0024  -0.0016  -0.0021  -0.0011   0.0043
   0.0035  -0.0022   0.0004   0.9795  -0.0024  -0.0042  -0.0005  -0.0039  -0.0024
  -0.0031   0.0031  -0.0024  -0.0024   0.9745   0.0038  -0.0027   0.0030   0.0037
  -0.0016  -0.0044  -0.0016  -0.0042   0.0038   0.9695  -0.0009  -0.0049   0.0015
  -0.0023   0.0018  -0.0021  -0.0005  -0.0027  -0.0009   0.9645   0.0010  -0.0021
  -0.0012  -0.0009  -0.0011  -0.0039   0.0030  -0.0049   0.0010   0.9595   0.0034
  -0.0007   0.0034   0.0043  -0.0024   0.0037   0.0015  -0.0021   0.0034   0.9545

sum_P_eig,sum_abs_P_eig,sign_condition_number=  2.078525  2.091526  0.732144

P after making eigenvec +ve =
   0.9945   0.0042   0.0049   0.0035   0.0031   0.0016   0.0023   0.0012   0.0007
   0.0042   0.9895  -0.0006   0.0022   0.0031  -0.0044   0.0018  -0.0009   0.0034
   0.0049  -0.0006   0.9845  -0.0004  -0.0024  -0.0016  -0.0021  -0.0011   0.0043
   0.0035   0.0022  -0.0004   0.9795   0.0024   0.0042   0.0005   0.0039   0.0024
   0.0031   0.0031  -0.0024   0.0024   0.9745   0.0038  -0.0027   0.0030   0.0037
   0.0016  -0.0044  -0.0016   0.0042   0.0038   0.9695  -0.0009  -0.0049   0.0015
   0.0023   0.0018  -0.0021   0.0005  -0.0027  -0.0009   0.9645   0.0010  -0.0021
   0.0012  -0.0009  -0.0011   0.0039   0.0030  -0.0049   0.0010   0.9595   0.0034
   0.0007   0.0034   0.0043   0.0024   0.0037   0.0015  -0.0021   0.0034   0.9545

1+(E_0*1-H) (i.e. P with tau=1) after making eigenvec +ve =
   0.7248  -0.2078  -0.2465  -0.1774  -0.1550  -0.0818  -0.1172  -0.0597  -0.0351
  -0.2078   0.4748   0.0317  -0.1078  -0.1529   0.2204  -0.0884   0.0460  -0.1722
  -0.2465   0.0317   0.2248   0.0188   0.1205   0.0786   0.1065   0.0542  -0.2134
  -0.1774  -0.1078   0.0188  -0.0252  -0.1196  -0.2078  -0.0252  -0.1955  -0.1204
  -0.1550  -0.1529   0.1205  -0.1196  -0.2752  -0.1889   0.1373  -0.1491  -0.1836
  -0.0818   0.2204   0.0786  -0.2078  -0.1889  -0.5252   0.0471   0.2473  -0.0761
  -0.1172  -0.0884   0.1065  -0.0252   0.1373   0.0471  -0.7752  -0.0512   0.1073
  -0.0597   0.0460   0.0542  -0.1955  -0.1491   0.2473  -0.0512  -1.0252  -0.1677
  -0.0351  -0.1722  -0.2134  -0.1204  -0.1836  -0.0761   0.1073  -0.1677  -1.2752
psi0         =   0.8174   0.4330   0.2248   0.2275   0.1681   0.0167   0.0476   0.0495   0.0940
psiG         =   0.8184   0.4291   0.2516   0.2296   0.1446   0.0409   0.0392   0.0289   0.0722
1-overlap_G  =   0.0014

E_G= -1.271376

H_imp=
  -1.0000  -0.3963  -0.8020  -0.6322  -0.8774  -1.6355  -2.4461  -1.6890  -0.3982
  -0.1090  -0.7500   0.0540  -0.2015  -0.4539   2.3120  -0.9675   0.6832  -1.0230
  -0.0758   0.0186  -0.5000   0.0206   0.2096   0.4831   0.6831   0.4719  -0.7434
  -0.0498  -0.0577   0.0171  -0.2500  -0.1899  -1.1662  -0.1476  -1.5529  -0.3828
  -0.0274  -0.0515   0.0692  -0.0753   0.0000  -0.6676   0.5063  -0.7458  -0.3676
  -0.0041   0.0210   0.0128  -0.0370  -0.0535   0.2500   0.0491   0.3500  -0.0431
  -0.0056  -0.0081   0.0166  -0.0043   0.0373   0.0451   0.5000  -0.0695   0.0583
  -0.0021   0.0031   0.0062  -0.0246  -0.0298   0.1747  -0.0377   0.7500  -0.0671
  -0.0031  -0.0290  -0.0612  -0.0379  -0.0917  -0.1344   0.1975  -0.4188   1.0000

P_imp=
   0.9945   0.0079   0.0160   0.0126   0.0175   0.0327   0.0489   0.0338   0.0080
   0.0022   0.9895  -0.0011   0.0040   0.0091  -0.0462   0.0194  -0.0137   0.0205
   0.0015  -0.0004   0.9845  -0.0004  -0.0042  -0.0097  -0.0137  -0.0094   0.0149
   0.0010   0.0012  -0.0003   0.9795   0.0038   0.0233   0.0030   0.0311   0.0077
   0.0005   0.0010  -0.0014   0.0015   0.9745   0.0134  -0.0101   0.0149   0.0074
   0.0001  -0.0004  -0.0003   0.0007   0.0011   0.9695  -0.0010  -0.0070   0.0009
   0.0001   0.0002  -0.0003   0.0001  -0.0007  -0.0009   0.9645   0.0014  -0.0012
   0.0000  -0.0001  -0.0001   0.0005   0.0006  -0.0035   0.0008   0.9595   0.0013
   0.0001   0.0006   0.0012   0.0008   0.0018   0.0027  -0.0040   0.0084   0.9545
tau_av_expon_proj    = 3.612589 1.708648 0.962266 0.967666 0.514629 0.151090 0.198612 0.167191 0.324306
tau_av_expon_proj_new= 3.633167 1.903884 1.289920 0.975379 0.784165 0.655634 0.563303 0.493768 0.439514
factor=                1.005680 1.107988 1.289186 1.007940 1.410188 2.158797 1.910598 1.937497 1.299689
factor2=                 1.0057   1.1143   1.3405   1.0080   1.5237   4.3394   2.8362   2.9533   1.3552

eigenvalues of P_imp=  0.950560  0.956825  0.962966  0.969652  0.974931  0.980377  0.985440  0.989706  1.000000
eigenvalues of H_imp=  1.196769  0.883489  0.576467  0.242178 -0.021770 -0.294090 -0.547235 -0.760567 -1.275242

eigenval_p,eigenval_h=  1.000000 -1.275242
psi0_psiG    =   0.6699   0.1860   0.0566   0.0523   0.0243   0.0007   0.0019   0.0014   0.0068

imp-sampled: sum_P_eig,sum_abs_P_eig,sign_condition_number=  1.000000  1.001292  0.937498

P_FN1=
   0.9945   0.0079   0.0160   0.0126   0.0175   0.0327   0.0489   0.0338   0.0080
   0.0022   0.9886   0.0000   0.0040   0.0091   0.0000   0.0194   0.0000   0.0205
   0.0015   0.0000   0.9810   0.0000   0.0000   0.0000   0.0000   0.0000   0.0149
   0.0010   0.0012   0.0000   0.9791   0.0038   0.0233   0.0030   0.0311   0.0077
   0.0005   0.0010   0.0000   0.0015   0.9696   0.0134   0.0000   0.0149   0.0074
   0.0001   0.0000   0.0000   0.0007   0.0011   0.9092   0.0000   0.0000   0.0009
   0.0001   0.0002   0.0000   0.0001   0.0000   0.0000   0.9358   0.0014   0.0000
   0.0000   0.0000   0.0000   0.0005   0.0006   0.0000   0.0008   0.9294   0.0013
   0.0001   0.0006   0.0012   0.0008   0.0018   0.0027   0.0000   0.0084   0.9533

eigenvalues of P_FN1=  0.908669  0.928418  0.935759  0.951857  0.969235  0.978817  0.980232  0.987484  0.999975
eigenvalues of H_FN1=  3.291287  2.303881  1.936791  1.131906  0.263019 -0.216108 -0.286832 -0.649438 -1.273996

eigenval_p,eigenval_h=  0.999975 -1.273996
psiFN1_psiG =    0.6722   0.1819   0.0589   0.0523   0.0236   0.0014   0.0017   0.0011   0.0068
psiFN1      =    0.8209   0.4237   0.2340   0.2276   0.1634   0.0336   0.0441   0.0385   0.0935

E_0, E_G, E_FN1, E_G-E_0, E_FN1-E_0, rms fluctuation of E_L  -1.27524  -1.27138  -1.27400   0.00387   0.00125   0.08392
E_L     =  -1.2768  -1.2499  -1.1872  -1.2423  -1.4494  -0.3387  -1.6629  -2.2209  -1.9670
P_L     =   1.0001   0.9995   0.9983   0.9994   1.0035   0.9813   1.0078   1.0189   1.0139
P_abs_L =   1.0000   1.0003   1.0018   0.9998   1.0084   1.0416   1.0365   1.0490   1.0150

P_propos=
   0.9945   0.0079   0.0160   0.0126   0.0174   0.0314   0.0472   0.0322   0.0078
   0.0022   0.9892   0.0000   0.0040   0.0090   0.0000   0.0187   0.0000   0.0202
   0.0015   0.0000   0.9828   0.0000   0.0000   0.0000   0.0000   0.0000   0.0146
   0.0010   0.0012   0.0000   0.9797   0.0038   0.0224   0.0028   0.0296   0.0075
   0.0005   0.0010   0.0000   0.0015   0.9664   0.0128   0.0000   0.0142   0.0072
   0.0001   0.0000   0.0000   0.0007   0.0011   0.9308   0.0000   0.0000   0.0008
   0.0001   0.0002   0.0000   0.0001   0.0000   0.0000   0.9306   0.0013   0.0000
   0.0000   0.0000   0.0000   0.0005   0.0006   0.0000   0.0007   0.9147   0.0013
   0.0001   0.0006   0.0012   0.0008   0.0018   0.0026   0.0000   0.0080   0.9404
sum P_propos  1.000000  1.000000  1.000000  1.000000  1.000000  1.000000  1.000000  1.000000  1.000000
E_FN1= -1.273996 -1.273996
psiG**2=         0.6697   0.1841   0.0633   0.0527   0.0209   0.0017   0.0015   0.0008   0.0052
psiG**2 * P_L=   0.6697   0.1840   0.0632   0.0527   0.0210   0.0016   0.0016   0.0009   0.0053
psiG_psiFN=      0.6722   0.1819   0.0589   0.0523   0.0236   0.0014   0.0017   0.0011   0.0068
P_L=             1.0001   0.9995   0.9983   0.9994   1.0035   0.9813   1.0078   1.0189   1.0139
psiFN1_by_psiG=          1.0038   0.9881   0.9309   0.9918   1.1310   0.8212   1.1240   1.3318   1.2961

P_markov=
   0.9945   0.0079   0.0160   0.0126   0.0174   0.0314   0.0472   0.0322   0.0078
   0.0022   0.9892   0.0000   0.0040   0.0090   0.0000   0.0187   0.0000   0.0202
   0.0015   0.0000   0.9828   0.0000   0.0000   0.0000   0.0000   0.0000   0.0146
   0.0010   0.0012   0.0000   0.9798   0.0038   0.0224   0.0028   0.0296   0.0075
   0.0005   0.0010   0.0000   0.0015   0.9664   0.0128   0.0000   0.0142   0.0072
   0.0001   0.0000   0.0000   0.0007   0.0010   0.9308   0.0000   0.0000   0.0008
   0.0001   0.0002   0.0000   0.0001   0.0000   0.0000   0.9306   0.0013   0.0000
   0.0000   0.0000   0.0000   0.0005   0.0006   0.0000   0.0007   0.9147   0.0013
   0.0001   0.0006   0.0012   0.0007   0.0018   0.0026   0.0000   0.0080   0.9405

eigenvalues of P_markov=  0.913907  0.930060  0.930512  0.939612  0.966230  0.979337  0.981534  0.987981  1.000000
eigenvalues of H_markov=  3.029415  2.221759  2.199176  1.744138  0.413260 -0.242081 -0.351930 -0.674292 -1.275242

eigenval_p,eigenval_h=  1.000000 -1.273996
psi for P_mar=   0.6697   0.1841   0.0633   0.0527   0.0209   0.0017   0.0015   0.0008   0.0052
psiG**2      =   0.6697   0.1841   0.0633   0.0527   0.0209   0.0017   0.0015   0.0008   0.0052
Above 2 lines should be equal since Markov matrix has dominant state psiG**2
The exception to this occurs when there is no sign problem, but some components of psiG have the wrong sign, in which case one has 2 decoupled spaces with degenerate dominant eigenvalues

P_FN3=
   0.9945   0.0079   0.0160   0.0126   0.0175   0.0308   0.0476   0.0328   0.0080
   0.0022   0.9887   0.0000   0.0040   0.0090   0.0000   0.0188   0.0000   0.0204
   0.0015   0.0000   0.9811   0.0000   0.0000   0.0000   0.0000   0.0000   0.0149
   0.0010   0.0012   0.0000   0.9792   0.0038   0.0220   0.0029   0.0302   0.0076
   0.0005   0.0010   0.0000   0.0015   0.9698   0.0126   0.0000   0.0145   0.0073
   0.0001   0.0000   0.0000   0.0007   0.0010   0.9134   0.0000   0.0000   0.0008
   0.0001   0.0002   0.0000   0.0001   0.0000   0.0000   0.9378   0.0013   0.0000
   0.0000   0.0000   0.0000   0.0005   0.0006   0.0000   0.0007   0.9320   0.0013
   0.0001   0.0006   0.0012   0.0007   0.0018   0.0025   0.0000   0.0081   0.9535
E_FN3= -1.273892 -1.273892

eigenvalues of P_FN3=  0.912884  0.931008  0.937792  0.952056  0.969485  0.978908  0.980327  0.987538  0.999998
eigenvalues of H_FN3=  3.081825  2.175620  1.836403  1.123190  0.251743 -0.219402 -0.290345 -0.650911 -1.273892

eigenval_p,eigenval_h=  0.999998 -1.273892
psiFN3_psiG  =   0.6722   0.1820   0.0590   0.0523   0.0236   0.0014   0.0017   0.0011   0.0067
psiFN3      =    0.8210   0.4239   0.2344   0.2276   0.1629   0.0338   0.0439   0.0381   0.0923

P_FN4=
   0.9945   0.0079   0.0160   0.0126   0.0175   0.0308   0.0476   0.0328   0.0080
   0.0022   0.9887   0.0000   0.0040   0.0090   0.0000   0.0188   0.0000   0.0204
   0.0015   0.0000   0.9811   0.0000   0.0000   0.0000   0.0000   0.0000   0.0149
   0.0010   0.0012   0.0000   0.9791   0.0038   0.0220   0.0029   0.0302   0.0076
   0.0005   0.0010   0.0000   0.0015   0.9697   0.0126   0.0000   0.0145   0.0073
   0.0001   0.0000   0.0000   0.0007   0.0011   0.9134   0.0000   0.0000   0.0009
   0.0001   0.0002   0.0000   0.0001   0.0000   0.0000   0.9378   0.0013   0.0000
   0.0000   0.0000   0.0000   0.0005   0.0006   0.0000   0.0007   0.9320   0.0013
   0.0001   0.0006   0.0012   0.0008   0.0018   0.0025   0.0000   0.0081   0.9534
E_FN4= -1.274004 -1.274004

eigenvalues of P_FN4=  0.912864  0.930974  0.937779  0.951983  0.969416  0.978872  0.980304  0.987520  1.000000
eigenvalues of H_FN4=  3.082799  2.177307  1.837066  1.126873  0.255214 -0.217576 -0.289196 -0.649993 -1.274004

eigenval_p,eigenval_h=  1.000000 -1.274004
psiFN4_psiG  =   0.6718   0.1820   0.0591   0.0523   0.0238   0.0014   0.0018   0.0012   0.0068
psiFN4      =    0.8203   0.4238   0.2346   0.2275   0.1642   0.0352   0.0454   0.0399   0.0936
FN5: sum_pos  0.000000
FN5: sum_pos  0.042691
FN5: sum_pos  0.176014
FN5: sum_pos  0.020575
FN5: sum_pos  0.246875
FN5: sum_pos  3.014957
FN5: sum_pos  1.436018
FN5: sum_pos  1.505121
FN5: sum_pos  0.058260

P_FN5=
   0.9945   0.0079   0.0160   0.0126   0.0175   0.0327   0.0489   0.0338   0.0080
   0.0022   0.9886   0.0000   0.0040   0.0091   0.0000   0.0194   0.0000   0.0205
   0.0015   0.0000   0.9810   0.0000   0.0000   0.0000   0.0000   0.0000   0.0149
   0.0010   0.0012   0.0000   0.9791   0.0038   0.0233   0.0030   0.0311   0.0077
   0.0005   0.0010   0.0000   0.0015   0.9696   0.0134   0.0000   0.0149   0.0074
   0.0001   0.0000   0.0000   0.0007   0.0011   0.9093   0.0000   0.0000   0.0009
   0.0001   0.0002   0.0000   0.0001   0.0000   0.0000   0.9358   0.0014   0.0000
   0.0000   0.0000   0.0000   0.0005   0.0006   0.0000   0.0008   0.9294   0.0013
   0.0001   0.0006   0.0012   0.0008   0.0018   0.0027   0.0000   0.0084   0.9533
E_FN5= -1.274007 -1.273997

eigenvalues of P_FN5=  0.908731  0.928440  0.935775  0.951861  0.969236  0.978818  0.980232  0.987484  0.999975
eigenvalues of H_FN5=  3.288221  2.302752  1.935990  1.131684  0.262966 -0.216137 -0.286847 -0.649441 -1.274007

eigenval_p,eigenval_h=  0.999975 -1.274007
psiFN5_psiG  =   0.6722   0.1819   0.0589   0.0523   0.0236   0.0014   0.0017   0.0011   0.0068
psiFN5      =    0.8209   0.4237   0.2340   0.2276   0.1634   0.0336   0.0441   0.0385   0.0935

E_G, E_FN1, E_FN3, E_FN4, E_0, recover_FN1, recover_FN3, recover_FN4, 1-ovlp_FN1, 1-ovlp_FN3, 1-ovlp_FN4, sign_cond_num= -1.271376 -1.273996 -1.273892 -1.274004 -1.275242 0.678 0.651 0.680 3.E-04 3.E-04 3.E-04 0.937

P_propos2=
   0.9945   0.0079   0.0161   0.0127   0.0175   0.0333   0.0485   0.0332   0.0079
   0.0022   0.9891   0.0000   0.0040   0.0090   0.0000   0.0192   0.0000   0.0202
   0.0015   0.0000   0.9827   0.0000   0.0000   0.0000   0.0000   0.0000   0.0147
   0.0010   0.0012   0.0000   0.9797   0.0038   0.0238   0.0029   0.0305   0.0076
   0.0005   0.0010   0.0000   0.0015   0.9662   0.0136   0.0000   0.0146   0.0073
   0.0001   0.0000   0.0000   0.0007   0.0011   0.9266   0.0000   0.0000   0.0009
   0.0001   0.0002   0.0000   0.0001   0.0000   0.0000   0.9286   0.0014   0.0000
   0.0000   0.0000   0.0000   0.0005   0.0006   0.0000   0.0007   0.9121   0.0013
   0.0001   0.0006   0.0012   0.0008   0.0018   0.0027   0.0000   0.0082   0.9403

eigenvalues of P_FN1_propos=  0.911375  0.925836  0.928506  0.939440  0.965997  0.979266  0.981464  0.987950  1.000000
psi for P_FN1_propos=   0.6698   0.1840   0.0632   0.0527   0.0210   0.0016   0.0016   0.0009   0.0053
psiG**2 * P_L       =   0.6698   0.1840   0.0632   0.0527   0.0210   0.0016   0.0016   0.0009   0.0053
Above 2 lines should be equal since proposal part of P_FN1 has dominant state psiG**2 * P_L
