Input hamiltonian
hamiltonian=random                                                                          
Input ndim, E_T, tau_in
ndim, E_T, tau_in=    9-20.000000 0.020000
Input fraction_positive, off_diag_mag, psiG_noise
fraction_positive, off_diag_mag,psiG_noise= 0.500000 0.500000 0.080000
psiG_correct_sign
psiG_correct_sign= F
plot_deriv= T
Input irand_seed
irand_seed=1425565376542456

Data set    1

H=
  -1.0000   0.0800   0.1401  -0.1696   0.0630   0.1789  -0.0366  -0.0928  -0.2290
   0.0800  -0.7500   0.0859   0.2028  -0.0542   0.1379   0.1569  -0.0799  -0.2353
   0.1401   0.0859  -0.5000   0.1165  -0.2461  -0.0961  -0.2234  -0.1402   0.2370
  -0.1696   0.2028   0.1165  -0.2500  -0.0711  -0.2226   0.0454   0.1250  -0.0263
   0.0630  -0.0542  -0.2461  -0.0711   0.0000  -0.0210   0.1375  -0.2232  -0.0393
   0.1789   0.1379  -0.0961  -0.2226  -0.0210   0.2500  -0.2276  -0.1955  -0.0772
  -0.0366   0.1569  -0.2234   0.0454   0.1375  -0.2276   0.5000  -0.2075  -0.1275
  -0.0928  -0.0799  -0.1402   0.1250  -0.2232  -0.1955  -0.2075   0.7500  -0.0525
  -0.2290  -0.2353   0.2370  -0.0263  -0.0393  -0.0772  -0.1275  -0.0525   1.0000

eigenval_p,eigenval_h=  1.000000 -1.153737
psi for P    =   0.8957  -0.1375  -0.3155   0.2159  -0.1095  -0.0884  -0.0127  -0.0197   0.1112

eigenvalues of P=  0.953835  0.957765  0.963171  0.973933  0.976522  0.982440  0.989117  0.995544  1.000000
eigenvalues of H=  1.154489  0.958038  0.687698  0.149593  0.020158 -0.275736 -0.609584 -0.930919 -1.153737
tau, tau_max= 0.020000 0.433233
P=
   0.9969  -0.0016  -0.0028   0.0034  -0.0013  -0.0036   0.0007   0.0019   0.0046
  -0.0016   0.9919  -0.0017  -0.0041   0.0011  -0.0028  -0.0031   0.0016   0.0047
  -0.0028  -0.0017   0.9869  -0.0023   0.0049   0.0019   0.0045   0.0028  -0.0047
   0.0034  -0.0041  -0.0023   0.9819   0.0014   0.0045  -0.0009  -0.0025   0.0005
  -0.0013   0.0011   0.0049   0.0014   0.9769   0.0004  -0.0028   0.0045   0.0008
  -0.0036  -0.0028   0.0019   0.0045   0.0004   0.9719   0.0046   0.0039   0.0015
   0.0007  -0.0031   0.0045  -0.0009  -0.0028   0.0046   0.9669   0.0041   0.0026
   0.0019   0.0016   0.0028  -0.0025   0.0045   0.0039   0.0041   0.9619   0.0011
   0.0046   0.0047  -0.0047   0.0005   0.0008   0.0015   0.0026   0.0011   0.9569

sum_P_eig,sum_abs_P_eig,sign_condition_number=  1.905979  1.922966  0.641680

P after making eigenvec +ve =
   0.9969   0.0016   0.0028   0.0034   0.0013   0.0036  -0.0007  -0.0019   0.0046
   0.0016   0.9919  -0.0017   0.0041   0.0011  -0.0028  -0.0031   0.0016  -0.0047
   0.0028  -0.0017   0.9869   0.0023   0.0049   0.0019   0.0045   0.0028   0.0047
   0.0034   0.0041   0.0023   0.9819  -0.0014  -0.0045   0.0009   0.0025   0.0005
   0.0013   0.0011   0.0049  -0.0014   0.9769   0.0004  -0.0028   0.0045  -0.0008
   0.0036  -0.0028   0.0019  -0.0045   0.0004   0.9719   0.0046   0.0039  -0.0015
  -0.0007  -0.0031   0.0045   0.0009  -0.0028   0.0046   0.9669   0.0041  -0.0026
  -0.0019   0.0016   0.0028   0.0025   0.0045   0.0039   0.0041   0.9619  -0.0011
   0.0046  -0.0047   0.0047   0.0005  -0.0008  -0.0015  -0.0026  -0.0011   0.9569

1+(E_0*1-H) (i.e. P with tau=1) after making eigenvec +ve =
   0.8463  -0.0800  -0.1401  -0.1696  -0.0630  -0.1789   0.0366   0.0928  -0.2290
  -0.0800   0.5963   0.0859  -0.2028  -0.0542   0.1379   0.1569  -0.0799   0.2353
  -0.1401   0.0859   0.3463  -0.1165  -0.2461  -0.0961  -0.2234  -0.1402  -0.2370
  -0.1696  -0.2028  -0.1165   0.0963   0.0711   0.2226  -0.0454  -0.1250  -0.0263
  -0.0630  -0.0542  -0.2461   0.0711  -0.1537  -0.0210   0.1375  -0.2232   0.0393
  -0.1789   0.1379  -0.0961   0.2226  -0.0210  -0.4037  -0.2276  -0.1955   0.0772
   0.0366   0.1569  -0.2234  -0.0454   0.1375  -0.2276  -0.6537  -0.2075   0.1275
   0.0928  -0.0799  -0.1402  -0.1250  -0.2232  -0.1955  -0.2075  -0.9037   0.0525
  -0.2290   0.2353  -0.2370  -0.0263   0.0393   0.0772   0.1275   0.0525  -1.1537
psi0         =   0.8957   0.1375   0.3155   0.2159   0.1095   0.0884   0.0127   0.0197   0.1112
psiG         =   0.8814   0.0895   0.3589   0.2117   0.1504   0.0783  -0.0199   0.0528   0.0975
1-overlap_G  =   0.0043

E_G= -1.145048

H_imp=
  -1.0000  -0.7875  -0.3441  -0.7063  -0.3694  -2.0153  -1.6217   1.5501  -2.0710
  -0.0081  -0.7500   0.0214  -0.0857  -0.0323   0.1577  -0.7067  -0.1355   0.2161
  -0.0571   0.3444  -0.5000  -0.1975  -0.5875  -0.4407   4.0350  -0.9535  -0.8728
  -0.0407  -0.4797  -0.0687  -0.2500   0.1001   0.6022   0.4838  -0.5014  -0.0572
  -0.0107  -0.0911  -0.1031   0.0505   0.0000  -0.0404  -1.0404  -0.6358   0.0606
  -0.0159   0.1205  -0.0210   0.0823  -0.0109   0.2500   0.8963  -0.2900   0.0620
  -0.0008  -0.0348   0.0124   0.0043  -0.0182   0.0578   0.5000   0.0781  -0.0260
   0.0056  -0.0471  -0.0206  -0.0312  -0.0783  -0.1319   0.5510   0.7500   0.0285
  -0.0253   0.2562  -0.0643  -0.0121   0.0255   0.0962  -0.6254   0.0970   1.0000

P_imp=
   0.9969   0.0158   0.0069   0.0141   0.0074   0.0403   0.0324  -0.0310   0.0414
   0.0002   0.9919  -0.0004   0.0017   0.0006  -0.0032   0.0141   0.0027  -0.0043
   0.0011  -0.0069   0.9869   0.0040   0.0118   0.0088  -0.0807   0.0191   0.0175
   0.0008   0.0096   0.0014   0.9819  -0.0020  -0.0120  -0.0097   0.0100   0.0011
   0.0002   0.0018   0.0021  -0.0010   0.9769   0.0008   0.0208   0.0127  -0.0012
   0.0003  -0.0024   0.0004  -0.0016   0.0002   0.9719  -0.0179   0.0058  -0.0012
   0.0000   0.0007  -0.0002  -0.0001   0.0004  -0.0012   0.9669  -0.0016   0.0005
  -0.0001   0.0009   0.0004   0.0006   0.0016   0.0026  -0.0110   0.9619  -0.0006
   0.0005  -0.0051   0.0013   0.0002  -0.0005  -0.0019   0.0125  -0.0019   0.9569
tau_av_expon_proj    = 6.087888 0.462689 1.525073 0.854759 0.818156 0.282316 0.100398 0.235775 0.294616
tau_av_expon_proj_new= 6.504622 2.476861 1.529668 1.106517 0.866749 0.712384 0.604691 0.525283 0.464309
factor=                1.066164 2.255103 1.003008 1.255486 1.057664 1.828878 2.302435 1.735241 1.441198
factor2=                 1.0685   5.3532   1.0030   1.2945   1.0594   2.5234   6.0229   2.2279   1.5760

eigenvalues of P_imp=  0.953835  0.957765  0.963171  0.973933  0.976522  0.982440  0.989117  0.995544  1.000000
eigenvalues of H_imp=  1.154489  0.958038  0.687698  0.149593  0.020158 -0.275736 -0.609584 -0.930919 -1.153737

eigenval_p,eigenval_h=  1.000000 -1.153737
psi0_psiG    =   0.7925   0.0124   0.1137   0.0459   0.0165   0.0069  -0.0003   0.0010   0.0109

imp-sampled: sum_P_eig,sum_abs_P_eig,sign_condition_number=  1.000000  1.001530  0.926413

P_FN1=
   0.9968   0.0158   0.0069   0.0141   0.0074   0.0403   0.0324   0.0000   0.0414
   0.0002   0.9775   0.0000   0.0017   0.0006   0.0000   0.0141   0.0027   0.0000
   0.0011   0.0000   0.9862   0.0040   0.0118   0.0088   0.0000   0.0191   0.0175
   0.0008   0.0096   0.0014   0.9792   0.0000   0.0000   0.0000   0.0100   0.0011
   0.0002   0.0018   0.0021   0.0000   0.9744   0.0008   0.0208   0.0127   0.0000
   0.0003   0.0000   0.0004   0.0000   0.0002   0.9536   0.0000   0.0058   0.0000
   0.0000   0.0007   0.0000   0.0000   0.0004   0.0000   0.8476   0.0000   0.0005
   0.0000   0.0009   0.0004   0.0006   0.0016   0.0026   0.0000   0.9274   0.0000
   0.0005   0.0000   0.0013   0.0002   0.0000   0.0000   0.0125   0.0000   0.9496

eigenvalues of P_FN1=  0.847404  0.926232  0.948596  0.953851  0.972145  0.975006  0.981588  0.987668  0.999929
eigenvalues of H_FN1=  6.476086  2.534671  1.416451  1.153714  0.239029  0.095949 -0.233149 -0.537139 -1.150185

eigenval_p,eigenval_h=  0.999929 -1.150185
psiFN1_psiG =    0.7914   0.0100   0.1156   0.0449   0.0180   0.0068   0.0002   0.0018   0.0112
psiFN1      =    0.8961   0.1119   0.3216   0.2116   0.1196   0.0866  -0.0107   0.0342   0.1145
overlap_G_FN1=    0.9981

E_0, E_G, E_FN1, E_G-E_0, E_FN1-E_0, rms fluctuation of E_L  -1.15374  -1.14505  -1.15019   0.00869   0.00355   0.10318
E_L     =  -1.1531  -1.4691  -1.0881  -1.1458  -0.9711  -1.4644   2.4718  -0.0409  -1.6598
P_L     =   1.0001   1.0064   0.9988   0.9999   0.9964   1.0063   0.9276   0.9778   1.0102
P_abs_L =   1.0001   1.0207   0.9994   1.0026   0.9989   1.0245   1.0468   1.0122   1.0175

P_propos=
   0.9968   0.0154   0.0069   0.0141   0.0074   0.0393   0.0310   0.0000   0.0407
   0.0002   0.9718   0.0000   0.0017   0.0006   0.0000   0.0135   0.0027   0.0000
   0.0011   0.0000   0.9876   0.0039   0.0118   0.0086   0.0000   0.0188   0.0172
   0.0008   0.0094   0.0014   0.9794   0.0000   0.0000   0.0000   0.0099   0.0011
   0.0002   0.0018   0.0021   0.0000   0.9780   0.0008   0.0199   0.0126   0.0000
   0.0003   0.0000   0.0004   0.0000   0.0002   0.9487   0.0000   0.0057   0.0000
   0.0000   0.0007   0.0000   0.0000   0.0004   0.0000   0.9237   0.0000   0.0005
   0.0000   0.0009   0.0004   0.0006   0.0016   0.0026   0.0000   0.9503   0.0000
   0.0005   0.0000   0.0013   0.0002   0.0000   0.0000   0.0119   0.0000   0.9405
sum P_propos  1.000000  1.000000  1.000000  1.000000  1.000000  1.000000  1.000000  1.000000  1.000000
E_FN1= -1.150185 -1.150185
psiG**2=         0.7769   0.0080   0.1288   0.0448   0.0226   0.0061   0.0004   0.0028   0.0095
psiG**2 * P_L=   0.7770   0.0081   0.1287   0.0448   0.0225   0.0062   0.0004   0.0027   0.0096
psiG_psiFN=      0.7899   0.0100   0.1154   0.0448   0.0180   0.0068   0.0002   0.0018   0.0112
P_L=             1.0001   1.0064   0.9988   0.9999   0.9964   1.0063   0.9276   0.9778   1.0102
psiFN1_by_psiG=          1.0167   1.2502   0.8960   0.9995   0.7957   1.1069   0.5377   0.6487   1.1753

P_markov=
   0.9968   0.0154   0.0069   0.0141   0.0074   0.0393   0.0310   0.0000   0.0407
   0.0002   0.9718   0.0000   0.0017   0.0006   0.0000   0.0135   0.0027   0.0000
   0.0011   0.0000   0.9876   0.0039   0.0118   0.0086   0.0000   0.0188   0.0172
   0.0008   0.0094   0.0014   0.9794   0.0000   0.0000   0.0000   0.0099   0.0011
   0.0002   0.0018   0.0021   0.0000   0.9781   0.0008   0.0199   0.0126   0.0000
   0.0003   0.0000   0.0004   0.0000   0.0002   0.9487   0.0000   0.0057   0.0000
   0.0000   0.0007   0.0000   0.0000   0.0003   0.0000   0.9237   0.0000   0.0005
   0.0000   0.0009   0.0004   0.0006   0.0015   0.0026   0.0000   0.9504   0.0000
   0.0005   0.0000   0.0013   0.0002   0.0000   0.0000   0.0119   0.0000   0.9405

eigenvalues of P_markov=  0.923028  0.940060  0.945179  0.952552  0.969948  0.976849  0.980276  0.989174  1.000000
eigenvalues of H_markov=  2.694863  1.843245  1.587315  1.218661  0.348885  0.003833 -0.167539 -0.612452 -1.153737

eigenval_p,eigenval_h=  1.000000 -1.150185
psi for P_mar=   0.7769   0.0080   0.1288   0.0448   0.0226   0.0061   0.0004   0.0028   0.0095
psiG**2      =   0.7769   0.0080   0.1288   0.0448   0.0226   0.0061   0.0004   0.0028   0.0095
Above 2 lines should be equal since Markov matrix has dominant state psiG**2
The exception to this occurs when there is no sign problem, but some components of psiG have the wrong sign, in which case one has 2 decoupled spaces with degenerate dominant eigenvalues

P_FN3=
   0.9969   0.0155   0.0069   0.0141   0.0074   0.0396   0.0287   0.0000   0.0411
   0.0002   0.9780   0.0000   0.0017   0.0006   0.0000   0.0125   0.0026   0.0000
   0.0011   0.0000   0.9864   0.0039   0.0117   0.0087   0.0000   0.0184   0.0173
   0.0008   0.0095   0.0014   0.9794   0.0000   0.0000   0.0000   0.0097   0.0011
   0.0002   0.0018   0.0021   0.0000   0.9746   0.0008   0.0184   0.0123   0.0000
   0.0003   0.0000   0.0004   0.0000   0.0002   0.9547   0.0000   0.0055   0.0000
   0.0000   0.0007   0.0000   0.0000   0.0003   0.0000   0.8568   0.0000   0.0005
   0.0000   0.0009   0.0004   0.0006   0.0015   0.0026   0.0000   0.9293   0.0000
   0.0005   0.0000   0.0013   0.0002   0.0000   0.0000   0.0111   0.0000   0.9501
E_FN3= -1.150073 -1.150073

eigenvalues of P_FN3=  0.856591  0.928131  0.949133  0.954840  0.972417  0.975329  0.981835  0.987785  0.999998
eigenvalues of H_FN3=  6.020245  2.443240  1.393165  1.107804  0.228956  0.083348 -0.241938 -0.539426 -1.150073

eigenval_p,eigenval_h=  0.999998 -1.150073
psiFN3_psiG  =   0.7915   0.0100   0.1157   0.0449   0.0181   0.0068   0.0002   0.0018   0.0111
psiFN3      =    0.8962   0.1116   0.3217   0.2116   0.1199   0.0863  -0.0109   0.0346   0.1135

P_FN4=
   0.9969   0.0155   0.0069   0.0141   0.0074   0.0396   0.0287   0.0000   0.0411
   0.0002   0.9780   0.0000   0.0017   0.0006   0.0000   0.0125   0.0026   0.0000
   0.0011   0.0000   0.9863   0.0039   0.0117   0.0087   0.0000   0.0184   0.0173
   0.0008   0.0095   0.0014   0.9793   0.0000   0.0000   0.0000   0.0097   0.0011
   0.0002   0.0018   0.0021   0.0000   0.9745   0.0008   0.0184   0.0123   0.0000
   0.0003   0.0000   0.0004   0.0000   0.0002   0.9547   0.0000   0.0056   0.0000
   0.0000   0.0007   0.0000   0.0000   0.0004   0.0000   0.8568   0.0000   0.0005
   0.0000   0.0009   0.0004   0.0006   0.0016   0.0026   0.0000   0.9292   0.0000
   0.0005   0.0000   0.0013   0.0002   0.0000   0.0000   0.0111   0.0000   0.9501
E_FN4= -1.150227 -1.150227

eigenvalues of P_FN4=  0.856585  0.928031  0.949101  0.954837  0.972347  0.975275  0.981836  0.987746  1.000001
eigenvalues of H_FN4=  6.020554  2.448242  1.394777  1.107973  0.232486  0.086041 -0.241970 -0.537461 -1.150227

eigenval_p,eigenval_h=  1.000001 -1.150227
psiFN4_psiG  =   0.7909   0.0102   0.1156   0.0450   0.0180   0.0069   0.0002   0.0019   0.0113
psiFN4      =    0.8955   0.1138   0.3214   0.2120   0.1197   0.0883  -0.0114   0.0350   0.1154
FN5: sum_pos  0.005557
FN5: sum_pos  0.721114
FN5: sum_pos  0.033793
FN5: sum_pos  0.137046
FN5: sum_pos  0.125557
FN5: sum_pos  0.913855
FN5: sum_pos  5.966059
FN5: sum_pos  1.725225
FN5: sum_pos  0.367221

P_FN5=
   0.9968   0.0158   0.0069   0.0141   0.0074   0.0403   0.0324   0.0000   0.0414
   0.0002   0.9775   0.0000   0.0017   0.0006   0.0000   0.0141   0.0027   0.0000
   0.0011   0.0000   0.9862   0.0040   0.0118   0.0088   0.0000   0.0191   0.0175
   0.0008   0.0096   0.0014   0.9792   0.0000   0.0000   0.0000   0.0100   0.0011
   0.0002   0.0018   0.0021   0.0000   0.9744   0.0008   0.0208   0.0127   0.0000
   0.0003   0.0000   0.0004   0.0000   0.0002   0.9537   0.0000   0.0058   0.0000
   0.0000   0.0007   0.0000   0.0000   0.0004   0.0000   0.8481   0.0000   0.0005
   0.0000   0.0009   0.0004   0.0006   0.0016   0.0026   0.0000   0.9274   0.0000
   0.0005   0.0000   0.0013   0.0002   0.0000   0.0000   0.0125   0.0000   0.9496
E_FN5= -1.150196 -1.150183

eigenvalues of P_FN5=  0.847860  0.926257  0.948602  0.953856  0.972145  0.975007  0.981589  0.987668  0.999929
eigenvalues of H_FN5=  6.453252  2.533419  1.416139  1.153475  0.239007  0.095918 -0.233165 -0.537151 -1.150196

eigenval_p,eigenval_h=  0.999929 -1.150196
psiFN5_psiG  =   0.7914   0.0100   0.1156   0.0449   0.0180   0.0068   0.0002   0.0018   0.0112
psiFN5      =    0.8961   0.1119   0.3216   0.2116   0.1196   0.0866  -0.0107   0.0342   0.1146

E_G, E_FN1, E_FN3, E_FN4, E_0, recover_FN1, recover_FN3, recover_FN4, 1-ovlp_FN1, 1-ovlp_FN3, 1-ovlp_FN4, sign_cond_num= -1.145048 -1.150185 -1.150073 -1.150227 -1.153737 0.591 0.578 0.596 8.E-04 8.E-04 8.E-04 0.926

P_propos2=
   0.9968   0.0157   0.0069   0.0141   0.0074   0.0401   0.0350   0.0000   0.0410
   0.0002   0.9714   0.0000   0.0017   0.0006   0.0000   0.0152   0.0028   0.0000
   0.0011   0.0000   0.9875   0.0040   0.0118   0.0088   0.0000   0.0195   0.0173
   0.0008   0.0095   0.0014   0.9793   0.0000   0.0000   0.0000   0.0103   0.0011
   0.0002   0.0018   0.0021   0.0000   0.9780   0.0008   0.0224   0.0130   0.0000
   0.0003   0.0000   0.0004   0.0000   0.0002   0.9478   0.0000   0.0059   0.0000
   0.0000   0.0007   0.0000   0.0000   0.0004   0.0000   0.9139   0.0000   0.0005
   0.0000   0.0009   0.0004   0.0006   0.0016   0.0026   0.0000   0.9485   0.0000
   0.0005   0.0000   0.0013   0.0002   0.0000   0.0000   0.0135   0.0000   0.9401

eigenvalues of P_FN1_propos=  0.913304  0.939516  0.943701  0.951254  0.969532  0.976720  0.980174  0.989122  1.000000
psi for P_FN1_propos=   0.7771   0.0081   0.1287   0.0448   0.0225   0.0062   0.0004   0.0027   0.0096
psiG**2 * P_L       =   0.7771   0.0081   0.1287   0.0448   0.0225   0.0062   0.0004   0.0027   0.0096
Above 2 lines should be equal since proposal part of P_FN1 has dominant state psiG**2 * P_L
The exception to this occurs when there is no sign problem, but some components of psiG have the wrong sign, in which case one has 2 decoupled spaces with degenerate dominant eigenvalues

P_L=              1.0001   1.0064   0.9988   0.9999   0.9964   1.0063   0.9276   0.9778   1.0102
P_L_der=          0.0018  -0.1607  -0.0048   0.0192   0.0072  -0.0352   0.1579   0.0303  -0.0483
P_L_der_by_P_L=   0.0018  -0.1596  -0.0048   0.0192   0.0072  -0.0350   0.1702   0.0310  -0.0478

P_L_der_by_P_L=   0.0018  -0.1596  -0.0048   0.0192   0.0072  -0.0350   0.1702   0.0310  -0.0478
psiG_psiFN    =   0.7899   0.0100   0.1154   0.0448   0.0180   0.0068   0.0002   0.0018   0.0112
tmp_vec1      =   0.0014  -0.0016  -0.0006   0.0009   0.0001  -0.0002   0.0000   0.0001  -0.0005

PP_FN1=
   1.9969   0.0158   0.0069   0.0141   0.0074   0.0403   0.0324   0.0000   0.0414
   0.0002   1.9776   0.0000   0.0017   0.0006   0.0000   0.0141   0.0027   0.0000
   0.0011   0.0000   1.9863   0.0040   0.0118   0.0088   0.0000   0.0191   0.0175
   0.0008   0.0096   0.0014   1.9793   0.0000   0.0000   0.0000   0.0100   0.0011
   0.0002   0.0018   0.0021   0.0000   1.9745   0.0008   0.0208   0.0127   0.0000
   0.0003   0.0000   0.0004   0.0000   0.0002   1.9537   0.0000   0.0058   0.0000
   0.0000   0.0007   0.0000   0.0000   0.0004   0.0000   1.8477   0.0000   0.0005
   0.0000   0.0009   0.0004   0.0006   0.0016   0.0026   0.0000   1.9275   0.0000
   0.0005   0.0000   0.0013   0.0002   0.0000   0.0000   0.0125   0.0000   1.9497
iter, W_der_by_W, change=    1  0.002014  2.0E-03

PP_FN1=
   2.9907   0.0470   0.0206   0.0421   0.0221   0.1190   0.0932   0.0006   0.1222
   0.0005   2.9333   0.0000   0.0051   0.0019   0.0000   0.0400   0.0079   0.0000
   0.0034   0.0001   2.9592   0.0117   0.0348   0.0260   0.0005   0.0558   0.0513
   0.0024   0.0284   0.0041   2.9382   0.0000   0.0001   0.0002   0.0292   0.0034
   0.0006   0.0054   0.0061   0.0000   2.9242   0.0024   0.0588   0.0369   0.0001
   0.0009   0.0000   0.0012   0.0000   0.0007   2.8633   0.0000   0.0167   0.0000
   0.0000   0.0020   0.0000   0.0000   0.0010   0.0000   2.5663   0.0000   0.0015
   0.0000   0.0027   0.0012   0.0018   0.0046   0.0076   0.0000   2.7878   0.0000
   0.0015   0.0000   0.0038   0.0007   0.0000   0.0000   0.0350   0.0000   2.8515
iter, W_der_by_W, change=    2  0.002934  9.2E-04
iter, W_der_by_W, change=    3  0.003803  8.7E-04
iter, W_der_by_W, change=    4  0.004626  8.2E-04
iter, W_der_by_W, change=    5  0.005405  7.8E-04
iter, W_der_by_W, change=    6  0.006146  7.4E-04
iter, W_der_by_W, change=    7  0.006850  7.0E-04
iter, W_der_by_W, change=    8  0.007520  6.7E-04
iter, W_der_by_W, change=    9  0.008160  6.4E-04
iter, W_der_by_W, change=   10  0.008770  6.1E-04
iter, W_der_by_W, change=   20  0.013621  4.0E-04
iter, W_der_by_W, change=   30  0.016903  2.8E-04
iter, W_der_by_W, change=   40  0.019201  2.0E-04
iter, W_der_by_W, change=   50  0.020841  1.4E-04
iter, W_der_by_W, change=   60  0.022026  1.0E-04
iter, W_der_by_W, change=   70  0.022890  7.5E-05
iter, W_der_by_W, change=   80  0.023521  5.5E-05
iter, W_der_by_W, change=   90  0.023984  4.0E-05
iter, W_der_by_W, change=  100  0.024323  2.9E-05
iter, W_der_by_W, change=  200  0.025124 -1.2E-07
iter, W_der_by_W, change=  300  0.025042 -8.2E-07
iter, W_der_by_W, change=  400  0.024986 -3.3E-07
iter, W_der_by_W, change=  500  0.024966 -1.1E-07
iter, W_der_by_W, change=  600  0.024960 -3.4E-08
iter, W_der_by_W, change=  700  0.024958 -1.0E-08
iter, W_der_by_W, change=  800  0.024957 -3.0E-09
iter, W_der_by_W, change=  900  0.024957 -8.8E-10
iter, W_der_by_W, change= 1000  0.024957 -2.6E-10
Final iter, W_der_by_W, change= 1824  0.024957 -1.0E-14

PP_FN1=
1479.99461741.64741229.61781394.16081093.40361574.1326 760.0370 891.86871664.9687
  17.9616  67.8567  15.7060  21.0008  15.0427  19.4362  13.8330  13.6737  20.6083
 203.8704 252.5019 254.6045 210.3764 192.3724 235.5883 114.0001 157.0380 259.2573
  80.4273 117.4745  73.1988 127.3352  63.5794  87.3852  44.2595  58.9899  93.8499
  31.8132  42.4394  33.7586  32.0665  66.9112  36.5485  22.9438  29.3957  38.4222
  12.4103  14.8583  11.2024  11.9423   9.9034  35.1088   6.5223   9.6372  14.2742
   0.3863   0.6818   0.3495   0.3900   0.4008   0.4205   6.8066   0.2733   0.5132
   3.1974   4.7533   3.3956   3.6659   3.6220   4.3823   1.9280  16.3387   3.8687
  20.3524  24.4268  19.1142  19.8862  16.1423  22.1318  12.3420  13.1912  43.5510

gradient_vmc_FD, gradient_vmc= -0.058005 -0.058005
E_L_der =         -0.0907   8.0329   0.2393  -0.9579  -0.3606   1.7613  -7.8954  -1.5135   2.4144
E_L_der_increm =  -0.0907   8.0329   0.2393  -0.9579  -0.3606   1.7613  -7.8954  -1.5135   2.4144
The above 2 lines should be equal
psiFN1_psiG  =   0.7914   0.0100   0.1156   0.0449   0.0180   0.0068   0.0002   0.0018   0.0112
psiG_increm**2=                 0.7769    0.0080    0.1288    0.0448    0.0226    0.0061    0.0004    0.0028    0.0095
psiG_increm**2 * P_L_increm=    0.7770    0.0081    0.1287    0.0448    0.0225    0.0062    0.0004    0.0027    0.0096
psiG_psiFN_increm=              0.7914    0.0100    0.1156    0.0449    0.0180    0.0068    0.0002    0.0018    0.0112
psiFN1_by_psiG_increm                   1.0186    1.2526    0.8977    1.0014    0.7972    1.1091    0.5387    0.6499    1.1776
psiFN1_by_psiG                          1.0167    1.2502    0.8960    0.9995    0.7957    1.1069    0.5377    0.6487    1.1753
psiFN1_by_psiG_increm                  1.018632882   1.252570545   0.897701343   1.001444063   0.797198103   1.109050850   0.538720394   0.649909241   1.177568210
psiFN1_by_psiG                         1.016674371   1.250162716   0.895975388   0.999518537   0.795665338   1.106918587   0.537684528   0.648659644   1.175304244
psiFN1_by_psiG_der=                 19585.106224078.286517259.549619255.266915327.650121322.636210358.657112495.961922639.6666

gradient_FN1_1= -0.000000 -0.071503  0.000000  0.000000  0.000000 -0.000000 -0.000000  0.000000 -0.000000

gradient_FN1_2=-45.144269-61.637027138.257624  3.767233 62.154341-41.120999 14.844682 38.684631**********

gradient_FN1_3= -0.071806  0.080621  0.027676 -0.042997 -0.006499  0.011965 -0.001680 -0.002740  0.027001

E_FN1, E_FN1_increm, gradient_FN1_FD, gradient_FN1= -1.150185 -1.150185 -0.031241 -0.031205

gradient_FN1_FD, gradient_FN1, 1st+2*2nd terms, gradient_FU2000, gradient_FN1_1, gradient_FN1_2, gradient_FN1_3, W_der_by_W= -0.031241 -0.031205 -0.028418 -0.025004 -0.071503  0.018755  0.021543  0.024957

  1  1 gradient_vmc, gradient_vmc_eval_in_dmc, gradient_FN1, gradient_FN1_1+2*gradient_FN1_3, gradient_FN1_1+W_der_by_W+gradient_FN1_3= -0.058005 -0.072655 -0.031205 -0.028418 -0.025004 <psi_FNi(H-e)psi>, <psi_i(H-e)psiFN>= -0.017032 -0.014209

 1 Ratio: Error replace 2nd by 3rd term  to  Error replace 2nd by W_der_by_W=  0.449441
gradient_FN1_FD, gradient_FN1, gradient_FN1_FD-gradient_FN1= -0.031241 -0.031205 -3.5E-05
