Input hamiltonian
hamiltonian=random                                                                          
Input ndim, E_T, tau
ndim, E_T, tau=    9-20.000000 0.020000
Input fraction_positive, off_diag_mag, psiG_noise
fraction_positive, off_diag_mag,psiG_noise= 1.000000 0.500000 0.010000
psiG_correct_sign
psiG_correct_sign= F
Input irand_seed
irand_seed=1425565376542456

Data set    1

H=
  -1.0000  -0.1700  -0.1099  -0.4196  -0.1870  -0.0711  -0.2866  -0.3428  -0.4790
  -0.1700  -0.7500  -0.1641  -0.0472  -0.3042  -0.1121  -0.0931  -0.3299  -0.4853
  -0.1099  -0.1641  -0.5000  -0.1335  -0.4961  -0.3461  -0.4734  -0.3902  -0.0130
  -0.4196  -0.0472  -0.1335  -0.2500  -0.3211  -0.4726  -0.2046  -0.1250  -0.2763
  -0.1870  -0.3042  -0.4961  -0.3211   0.0000  -0.2710  -0.1125  -0.4732  -0.2893
  -0.0711  -0.1121  -0.3461  -0.4726  -0.2710   0.2500  -0.4776  -0.4455  -0.3272
  -0.2866  -0.0931  -0.4734  -0.2046  -0.1125  -0.4776   0.5000  -0.4575  -0.3775
  -0.3428  -0.3299  -0.3902  -0.1250  -0.4732  -0.4455  -0.4575   0.7500  -0.3025
  -0.4790  -0.4853  -0.0130  -0.2763  -0.2893  -0.3272  -0.3775  -0.3025   1.0000

eigenval_p,eigenval_h=  1.000000 -2.370229
psi for P    =   0.4562   0.3342   0.3623   0.3185   0.3385   0.3031   0.2851   0.3050   0.2583

eigenvalues of P=  0.924912  0.928440  0.934224  0.945119  0.948103  0.956397  0.966213  0.969951  1.000000
eigenvalues of H=  1.384192  1.207773  0.918559  0.373842  0.224625 -0.190092 -0.680871 -0.867801 -2.370229
tau, tau_max= 0.020000 0.266353
P=
   0.9726   0.0034   0.0022   0.0084   0.0037   0.0014   0.0057   0.0069   0.0096
   0.0034   0.9676   0.0033   0.0009   0.0061   0.0022   0.0019   0.0066   0.0097
   0.0022   0.0033   0.9626   0.0027   0.0099   0.0069   0.0095   0.0078   0.0003
   0.0084   0.0009   0.0027   0.9576   0.0064   0.0095   0.0041   0.0025   0.0055
   0.0037   0.0061   0.0099   0.0064   0.9526   0.0054   0.0022   0.0095   0.0058
   0.0014   0.0022   0.0069   0.0095   0.0054   0.9476   0.0096   0.0089   0.0065
   0.0057   0.0019   0.0095   0.0041   0.0022   0.0096   0.9426   0.0091   0.0076
   0.0069   0.0066   0.0078   0.0025   0.0095   0.0089   0.0091   0.9376   0.0061
   0.0096   0.0097   0.0003   0.0055   0.0058   0.0065   0.0076   0.0061   0.9326

sum_P_eig,sum_abs_P_eig,sign_condition_number=  2.961211  2.961211  1.000000

P after making eigenvec +ve =
   0.9726   0.0034   0.0022   0.0084   0.0037   0.0014   0.0057   0.0069   0.0096
   0.0034   0.9676   0.0033   0.0009   0.0061   0.0022   0.0019   0.0066   0.0097
   0.0022   0.0033   0.9626   0.0027   0.0099   0.0069   0.0095   0.0078   0.0003
   0.0084   0.0009   0.0027   0.9576   0.0064   0.0095   0.0041   0.0025   0.0055
   0.0037   0.0061   0.0099   0.0064   0.9526   0.0054   0.0022   0.0095   0.0058
   0.0014   0.0022   0.0069   0.0095   0.0054   0.9476   0.0096   0.0089   0.0065
   0.0057   0.0019   0.0095   0.0041   0.0022   0.0096   0.9426   0.0091   0.0076
   0.0069   0.0066   0.0078   0.0025   0.0095   0.0089   0.0091   0.9376   0.0061
   0.0096   0.0097   0.0003   0.0055   0.0058   0.0065   0.0076   0.0061   0.9326

1+(E_0*1-H) (i.e. P with tau=1) after making eigenvec +ve =
  -0.3702  -0.1700  -0.1099  -0.4196  -0.1870  -0.0711  -0.2866  -0.3428  -0.4790
  -0.1700  -0.6202  -0.1641  -0.0472  -0.3042  -0.1121  -0.0931  -0.3299  -0.4853
  -0.1099  -0.1641  -0.8702  -0.1335  -0.4961  -0.3461  -0.4734  -0.3902  -0.0130
  -0.4196  -0.0472  -0.1335  -1.1202  -0.3211  -0.4726  -0.2046  -0.1250  -0.2763
  -0.1870  -0.3042  -0.4961  -0.3211  -1.3702  -0.2710  -0.1125  -0.4732  -0.2893
  -0.0711  -0.1121  -0.3461  -0.4726  -0.2710  -1.6202  -0.4776  -0.4455  -0.3272
  -0.2866  -0.0931  -0.4734  -0.2046  -0.1125  -0.4776  -1.8702  -0.4575  -0.3775
  -0.3428  -0.3299  -0.3902  -0.1250  -0.4732  -0.4455  -0.4575  -2.1202  -0.3025
  -0.4790  -0.4853  -0.0130  -0.2763  -0.2893  -0.3272  -0.3775  -0.3025  -2.3702
psi0         =   0.4562   0.3342   0.3623   0.3185   0.3385   0.3031   0.2851   0.3050   0.2583
psiG         =   0.4526   0.3299   0.3673   0.3179   0.3437   0.3021   0.2816   0.3094   0.2567

E_G= -2.369952

H_imp=
  -1.0000  -0.2333  -0.1354  -0.5975  -0.2463  -0.1065  -0.4607  -0.5014  -0.8446
  -0.1239  -0.7500  -0.1474  -0.0490  -0.2920  -0.1225  -0.1091  -0.3517  -0.6237
  -0.0892  -0.1827  -0.5000  -0.1542  -0.5302  -0.4209  -0.6176  -0.4632  -0.0186
  -0.2947  -0.0455  -0.1155  -0.2500  -0.2970  -0.4974  -0.2310  -0.1284  -0.3422
  -0.1420  -0.3169  -0.4642  -0.3471   0.0000  -0.3084  -0.1373  -0.5255  -0.3873
  -0.0474  -0.1027  -0.2846  -0.4491  -0.2382   0.2500  -0.5124  -0.4349  -0.3851
  -0.1783  -0.0795  -0.3629  -0.1812  -0.0922  -0.4451   0.5000  -0.4162  -0.4141
  -0.2344  -0.3094  -0.3287  -0.1217  -0.4260  -0.4564  -0.5028   0.7500  -0.3647
  -0.2716  -0.3776  -0.0091  -0.2231  -0.2161  -0.2781  -0.3442  -0.2510   1.0000

P_imp=
   0.9726   0.0047   0.0027   0.0119   0.0049   0.0021   0.0092   0.0100   0.0169
   0.0025   0.9676   0.0029   0.0010   0.0058   0.0024   0.0022   0.0070   0.0125
   0.0018   0.0037   0.9626   0.0031   0.0106   0.0084   0.0124   0.0093   0.0004
   0.0059   0.0009   0.0023   0.9576   0.0059   0.0099   0.0046   0.0026   0.0068
   0.0028   0.0063   0.0093   0.0069   0.9526   0.0062   0.0027   0.0105   0.0077
   0.0009   0.0021   0.0057   0.0090   0.0048   0.9476   0.0102   0.0087   0.0077
   0.0036   0.0016   0.0073   0.0036   0.0018   0.0089   0.9426   0.0083   0.0083
   0.0047   0.0062   0.0066   0.0024   0.0085   0.0091   0.0101   0.9376   0.0073
   0.0054   0.0076   0.0002   0.0045   0.0043   0.0056   0.0069   0.0050   0.9326
tau_av_expon_proj    = 0.723846 0.606991 0.541178 0.471037 0.427723 0.379478 0.343058 0.325480 0.295817
tau_av_expon_proj_new= 0.729805 0.617197 0.534694 0.471647 0.421900 0.381646 0.348404 0.320489 0.296716
factor=                1.008199 1.016673 0.987947 1.001294 0.986294 1.005696 1.015464 0.984548 1.003032
factor2=                 1.0082   1.0168   0.9880   1.0013   0.9864   1.0057   1.0156   0.9847   1.0030

eigenvalues of P_imp=  0.924912  0.928440  0.934224  0.945119  0.948103  0.956397  0.966213  0.969951  1.000000
eigenvalues of H_imp=  1.384192  1.207773  0.918559  0.373842  0.224625 -0.190092 -0.680871 -0.867801 -2.370229

eigenval_p,eigenval_h=  1.000000 -2.370229
psi0_psiG    =   0.2065   0.1103   0.1331   0.1013   0.1163   0.0916   0.0803   0.0944   0.0663

imp-sampled: sum_P_eig,sum_abs_P_eig,sign_condition_number=  1.000000  1.000000  1.000000

P_FN1=
   0.9726   0.0047   0.0027   0.0119   0.0049   0.0021   0.0092   0.0100   0.0169
   0.0025   0.9676   0.0029   0.0010   0.0058   0.0024   0.0022   0.0070   0.0125
   0.0018   0.0037   0.9626   0.0031   0.0106   0.0084   0.0124   0.0093   0.0004
   0.0059   0.0009   0.0023   0.9576   0.0059   0.0099   0.0046   0.0026   0.0068
   0.0028   0.0063   0.0093   0.0069   0.9526   0.0062   0.0027   0.0105   0.0077
   0.0009   0.0021   0.0057   0.0090   0.0048   0.9476   0.0102   0.0087   0.0077
   0.0036   0.0016   0.0073   0.0036   0.0018   0.0089   0.9426   0.0083   0.0083
   0.0047   0.0062   0.0066   0.0024   0.0085   0.0091   0.0101   0.9376   0.0073
   0.0054   0.0076   0.0002   0.0045   0.0043   0.0056   0.0069   0.0050   0.9326

eigenvalues of P_FN1=  0.924912  0.928440  0.934224  0.945119  0.948103  0.956397  0.966213  0.969951  1.000000
eigenvalues of H_FN1=  1.384192  1.207773  0.918559  0.373842  0.224625 -0.190092 -0.680871 -0.867801 -2.370229

eigenval_p,eigenval_h=  1.000000 -2.370229
psiFN1_psiG =    0.2065   0.1103   0.1331   0.1013   0.1163   0.0916   0.0803   0.0944   0.0663

E_0, E_G, E_FN1, E_G-E_0, E_FN1-E_0, rms fluctuation of E_L  -2.37023  -2.36995  -2.37023   0.00028   0.00000   0.02648
E_L     =  -2.3815  -2.3975  -2.3478  -2.3730  -2.3380  -2.3852  -2.4150  -2.3224  -2.3805
P_L     =   1.0002   1.0005   0.9996   1.0001   0.9994   1.0003   1.0009   0.9990   1.0002
P_abs_L =   1.0002   1.0005   0.9996   1.0001   0.9994   1.0003   1.0009   0.9990   1.0002

P_propos=
   0.9724   0.0047   0.0027   0.0119   0.0049   0.0021   0.0092   0.0100   0.0169
   0.0025   0.9671   0.0029   0.0010   0.0058   0.0024   0.0022   0.0070   0.0125
   0.0018   0.0037   0.9630   0.0031   0.0106   0.0084   0.0123   0.0093   0.0004
   0.0059   0.0009   0.0023   0.9575   0.0059   0.0099   0.0046   0.0026   0.0068
   0.0028   0.0063   0.0093   0.0069   0.9532   0.0062   0.0027   0.0105   0.0077
   0.0009   0.0021   0.0057   0.0090   0.0048   0.9473   0.0102   0.0087   0.0077
   0.0036   0.0016   0.0073   0.0036   0.0018   0.0089   0.9418   0.0083   0.0083
   0.0047   0.0062   0.0066   0.0024   0.0085   0.0091   0.0100   0.9385   0.0073
   0.0054   0.0075   0.0002   0.0045   0.0043   0.0056   0.0069   0.0050   0.9324
sum P_propos  1.000000  1.000000  1.000000  1.000000  1.000000  1.000000  1.000000  1.000000  1.000000
E_FN1= -2.370229 -2.370229
psiG**2=         0.2049   0.1088   0.1349   0.1011   0.1181   0.0912   0.0793   0.0958   0.0659
psiG**2 * P_L=   0.2049   0.1089   0.1349   0.1011   0.1180   0.0913   0.0793   0.0957   0.0659
psiFN_psiG=      0.2065   0.1103   0.1331   0.1013   0.1163   0.0916   0.0803   0.0944   0.0663
P_L=             1.0002   1.0005   0.9996   1.0001   0.9994   1.0003   1.0009   0.9990   1.0002
W_prod=          1.0080   1.0131   0.9865   1.0020   0.9849   1.0034   1.0127   0.9856   1.0062

P_markov=
   0.9724   0.0047   0.0027   0.0119   0.0049   0.0021   0.0092   0.0100   0.0169
   0.0025   0.9671   0.0029   0.0010   0.0058   0.0024   0.0022   0.0070   0.0125
   0.0018   0.0037   0.9630   0.0031   0.0106   0.0084   0.0123   0.0093   0.0004
   0.0059   0.0009   0.0023   0.9576   0.0059   0.0099   0.0046   0.0026   0.0068
   0.0028   0.0063   0.0093   0.0069   0.9532   0.0062   0.0027   0.0105   0.0077
   0.0009   0.0021   0.0057   0.0090   0.0048   0.9473   0.0102   0.0087   0.0077
   0.0036   0.0016   0.0073   0.0036   0.0018   0.0089   0.9418   0.0083   0.0083
   0.0047   0.0062   0.0066   0.0024   0.0085   0.0091   0.0100   0.9386   0.0073
   0.0054   0.0075   0.0002   0.0045   0.0043   0.0056   0.0069   0.0050   0.9324

eigenvalues of P_markov=  0.924685  0.929097  0.933757  0.945417  0.948180  0.956433  0.965839  0.969922  1.000000
eigenvalues of H_markov=  1.395505  1.174925  0.941940  0.358933  0.220759 -0.191902 -0.662180 -0.866343 -2.370229

eigenval_p,eigenval_h=  1.000000 -2.370229
psi for P_mar=   0.2049   0.1088   0.1349   0.1011   0.1181   0.0912   0.0793   0.0958   0.0659
psiG**2      =   0.2049   0.1088   0.1349   0.1011   0.1181   0.0912   0.0793   0.0958   0.0659
Above 2 lines should be equal since Markov matrix has dominant state psiG**2
The exception to this occurs when there is no sign problem, but some components of psiG have the wrong sign, in which case one has 2 decoupled spaces with degenerate dominant eigenvalues

P_FN3=
   0.9726   0.0047   0.0027   0.0119   0.0049   0.0021   0.0092   0.0100   0.0169
   0.0025   0.9676   0.0029   0.0010   0.0058   0.0024   0.0022   0.0070   0.0125
   0.0018   0.0037   0.9626   0.0031   0.0106   0.0084   0.0124   0.0093   0.0004
   0.0059   0.0009   0.0023   0.9576   0.0059   0.0099   0.0046   0.0026   0.0068
   0.0028   0.0063   0.0093   0.0069   0.9526   0.0062   0.0027   0.0105   0.0077
   0.0009   0.0021   0.0057   0.0090   0.0048   0.9476   0.0102   0.0087   0.0077
   0.0036   0.0016   0.0072   0.0036   0.0018   0.0089   0.9426   0.0083   0.0083
   0.0047   0.0062   0.0066   0.0024   0.0085   0.0091   0.0101   0.9377   0.0073
   0.0054   0.0076   0.0002   0.0045   0.0043   0.0056   0.0069   0.0050   0.9326
E_FN3= -2.370215 -2.370215

eigenvalues of P_FN3=  0.924925  0.928498  0.934231  0.945143  0.948120  0.956409  0.966216  0.969960  1.000000
eigenvalues of H_FN3=  1.383501  1.204862  0.918212  0.372645  0.223775 -0.190659 -0.681043 -0.868219 -2.370215

eigenval_p,eigenval_h=  1.000000 -2.370215
psiFN3_psiG  =   0.2065   0.1102   0.1332   0.1013   0.1164   0.0915   0.0802   0.0945   0.0663

P_FN4=
   0.9726   0.0047   0.0027   0.0119   0.0049   0.0021   0.0092   0.0100   0.0169
   0.0025   0.9676   0.0029   0.0010   0.0058   0.0024   0.0022   0.0070   0.0125
   0.0018   0.0037   0.9626   0.0031   0.0106   0.0084   0.0124   0.0093   0.0004
   0.0059   0.0009   0.0023   0.9576   0.0059   0.0099   0.0046   0.0026   0.0068
   0.0028   0.0063   0.0093   0.0069   0.9526   0.0062   0.0027   0.0105   0.0077
   0.0009   0.0021   0.0057   0.0090   0.0048   0.9476   0.0102   0.0087   0.0077
   0.0036   0.0016   0.0073   0.0036   0.0018   0.0089   0.9426   0.0083   0.0083
   0.0047   0.0062   0.0066   0.0024   0.0085   0.0091   0.0101   0.9376   0.0073
   0.0054   0.0076   0.0002   0.0045   0.0043   0.0056   0.0069   0.0050   0.9326
E_FN4= -2.370229 -2.370229

eigenvalues of P_FN4=  0.924912  0.928440  0.934224  0.945119  0.948103  0.956397  0.966213  0.969951  1.000000
eigenvalues of H_FN4=  1.384192  1.207773  0.918559  0.373842  0.224625 -0.190092 -0.680871 -0.867801 -2.370229

eigenval_p,eigenval_h=  1.000000 -2.370229
psiFN4_psiG  =   0.2065   0.1103   0.1331   0.1013   0.1163   0.0916   0.0803   0.0944   0.0663
FN5: sum_pos  0.000000
FN5: sum_pos  0.000000
FN5: sum_pos  0.000000
FN5: sum_pos  0.000000
FN5: sum_pos  0.000000
FN5: sum_pos  0.000000
FN5: sum_pos  0.000000
FN5: sum_pos  0.000000
FN5: sum_pos  0.000000

P_FN5=
   0.9726   0.0047   0.0027   0.0119   0.0049   0.0021   0.0092   0.0100   0.0169
   0.0025   0.9676   0.0029   0.0010   0.0058   0.0024   0.0022   0.0070   0.0125
   0.0018   0.0037   0.9626   0.0031   0.0106   0.0084   0.0124   0.0093   0.0004
   0.0059   0.0009   0.0023   0.9576   0.0059   0.0099   0.0046   0.0026   0.0068
   0.0028   0.0063   0.0093   0.0069   0.9526   0.0062   0.0027   0.0105   0.0077
   0.0009   0.0021   0.0057   0.0090   0.0048   0.9476   0.0102   0.0087   0.0077
   0.0036   0.0016   0.0073   0.0036   0.0018   0.0089   0.9426   0.0083   0.0083
   0.0047   0.0062   0.0066   0.0024   0.0085   0.0091   0.0101   0.9376   0.0073
   0.0054   0.0076   0.0002   0.0045   0.0043   0.0056   0.0069   0.0050   0.9326
E_FN5= -2.370501 -2.370228

eigenvalues of P_FN5=  0.924928  0.928454  0.934233  0.945124  0.948110  0.956400  0.966215  0.969953  1.000005
eigenvalues of H_FN5=  1.383382  1.207096  0.918134  0.373593  0.224281 -0.190244 -0.680975 -0.867879 -2.370501

eigenval_p,eigenval_h=  1.000005 -2.370501
psiFN5_psiG  =   0.2065   0.1103   0.1331   0.1013   0.1163   0.0916   0.0803   0.0944   0.0663

E_G, E_FN1, E_FN3, E_FN4, E_0, recover_FN1, recover_FN3, recover_FN4, 1-ovlp_FN1, 1-ovlp_FN3, 1-ovlp_FN4, sign_cond_num= -2.369952 -2.370229 -2.370215 -2.370229 -2.370229 1.000 0.950 1.000 0.E+00 1.E-07-2.E-16 1.000

P_propos2=
   0.9724   0.0047   0.0027   0.0119   0.0049   0.0021   0.0092   0.0100   0.0169
   0.0025   0.9671   0.0029   0.0010   0.0058   0.0024   0.0022   0.0070   0.0125
   0.0018   0.0037   0.9630   0.0031   0.0106   0.0084   0.0123   0.0093   0.0004
   0.0059   0.0009   0.0023   0.9575   0.0059   0.0099   0.0046   0.0026   0.0068
   0.0028   0.0063   0.0093   0.0069   0.9532   0.0062   0.0027   0.0105   0.0077
   0.0009   0.0021   0.0057   0.0090   0.0048   0.9473   0.0102   0.0087   0.0077
   0.0036   0.0016   0.0073   0.0036   0.0018   0.0089   0.9418   0.0083   0.0083
   0.0047   0.0062   0.0066   0.0024   0.0085   0.0091   0.0100   0.9385   0.0073
   0.0054   0.0075   0.0002   0.0045   0.0043   0.0056   0.0069   0.0050   0.9324

eigenvalues of P_FN1_propos=  0.924672  0.929040  0.933749  0.945394  0.948162  0.956422  0.965836  0.969913  1.000000
psi for P_FN1_propos=   0.2049   0.1089   0.1349   0.1011   0.1180   0.0913   0.0793   0.0957   0.0659
psiG**2 * P_L       =   0.2049   0.1089   0.1349   0.1011   0.1180   0.0913   0.0793   0.0957   0.0659
Above 2 lines should be equal since proposal part of P_FN1 has dominant state psiG**2 * P_L
The exception to this occurs when there is no sign problem, but some components of psiG have the wrong sign, in which case one has 2 decoupled spaces with degenerate dominant eigenvalues

gradient_vmc_FD, gradient_vmc= -0.018157 -0.018157
E_L_der =         -0.3756   4.9935  -0.4467  -0.1485  -0.8852  -0.3713  -0.3307  -1.0660  -1.8906
E_L_der_increm =  -0.3756   4.9935  -0.4467  -0.1485  -0.8852  -0.3713  -0.3307  -1.0660  -1.8906
The above 2 lines should be equal
psiFN1_psiG  =   0.2065   0.1103   0.1331   0.1013   0.1163   0.0916   0.0803   0.0944   0.0663
psiG_increm**2=                 0.2049    0.1088    0.1349    0.1011    0.1181    0.0912    0.0793    0.0958    0.0659
psiG_increm**2 * P_L_increm=    0.2049    0.1089    0.1349    0.1011    0.1180    0.0913    0.0793    0.0957    0.0659
psiFN_psiG_increm=              0.2065    0.1103    0.1331    0.1013    0.1163    0.0916    0.0803    0.0944    0.0663
W_prod_increm                   1.0080    1.0131    0.9865    1.0020    0.9849    1.0034    1.0127    0.9856    1.0062
W_prod                          1.0080    1.0131    0.9865    1.0020    0.9849    1.0034    1.0127    0.9856    1.0062
W_prod_increm                  1.007953917   1.013079566   0.986485367   1.002018026   0.984874607   1.003398316   1.012725607   0.985620554   1.006238539
W_prod                         1.007953884   1.013079840   0.986485335   1.002017993   0.984874575   1.003398284   1.012725575   0.985620522   1.006238507
W_prod_der=                     0.3282   -2.7408    0.3212    0.3263    0.3207    0.3267    0.3298    0.3209    0.3276

gradient_FN1_1= -0.000000 -0.018210  0.000000 -0.000000  0.000000 -0.000000 -0.000000  0.000000 -0.000000

gradient_FN1_2= -0.000759  0.008127  0.000971 -0.000091  0.001222 -0.000446 -0.001169  0.001470 -0.000221

gradient_FN1_3= -0.077570  0.550647 -0.059463 -0.015034 -0.102978 -0.033993 -0.026548 -0.100612 -0.125345

E_FN1, E_FN1_increm, gradient_FN1_FD, gradient_FN1= -2.370229 -2.370229 -0.000000 -0.000000

gradient_FN1_FD, gradient_FN1, 1st+2*2nd terms, gradient_FN1_1, gradient_FN1_2, gradient_FN1_3= -0.000000 -0.000000 -0.000000 -0.018210  0.009105  0.009105
------------------------------------------------------------

Data set    2

H=
  -1.0000  -0.0422  -0.0035  -0.4274  -0.0950  -0.1682  -0.1328  -0.1903  -0.2149
  -0.0422  -0.7500  -0.2183  -0.1422  -0.4029  -0.0296  -0.3384  -0.2040  -0.4222
  -0.0035  -0.2183  -0.5000  -0.2688  -0.1295  -0.1714  -0.1435  -0.1958  -0.4634
  -0.4274  -0.1422  -0.2688  -0.2500  -0.1304  -0.0422  -0.2248  -0.0545  -0.1296
  -0.0950  -0.4029  -0.1295  -0.1304   0.0000  -0.4389  -0.1127  -0.3991  -0.4336
  -0.1682  -0.0296  -0.1714  -0.0422  -0.4389   0.2500  -0.2029  -0.0027  -0.3261
  -0.1328  -0.3384  -0.1435  -0.2248  -0.1127  -0.2029   0.5000  -0.3012  -0.1427
  -0.1903  -0.2040  -0.1958  -0.0545  -0.3991  -0.0027  -0.3012   0.7500  -0.4177
  -0.2149  -0.4222  -0.4634  -0.1296  -0.4336  -0.3261  -0.1427  -0.4177   1.0000

eigenval_p,eigenval_h=  1.000000 -1.865285
psi for P    =   0.4188   0.4833   0.3583   0.3105   0.3554   0.2170   0.2267   0.2296   0.2979

eigenvalues of P=  0.933770  0.941972  0.951988  0.953071  0.961893  0.966605  0.971751  0.983198  1.000000
eigenvalues of H=  1.446192  1.036117  0.535291  0.481175  0.040080 -0.195512 -0.452860 -1.025199 -1.865285
tau, tau_max= 0.020000 0.301980
P=
   0.9827   0.0008   0.0001   0.0085   0.0019   0.0034   0.0027   0.0038   0.0043
   0.0008   0.9777   0.0044   0.0028   0.0081   0.0006   0.0068   0.0041   0.0084
   0.0001   0.0044   0.9727   0.0054   0.0026   0.0034   0.0029   0.0039   0.0093
   0.0085   0.0028   0.0054   0.9677   0.0026   0.0008   0.0045   0.0011   0.0026
   0.0019   0.0081   0.0026   0.0026   0.9627   0.0088   0.0023   0.0080   0.0087
   0.0034   0.0006   0.0034   0.0008   0.0088   0.9577   0.0041   0.0001   0.0065
   0.0027   0.0068   0.0029   0.0045   0.0023   0.0041   0.9527   0.0060   0.0029
   0.0038   0.0041   0.0039   0.0011   0.0080   0.0001   0.0060   0.9477   0.0084
   0.0043   0.0084   0.0093   0.0026   0.0087   0.0065   0.0029   0.0084   0.9427

sum_P_eig,sum_abs_P_eig,sign_condition_number=  2.897480  2.897480  1.000000

P after making eigenvec +ve =
   0.9827   0.0008   0.0001   0.0085   0.0019   0.0034   0.0027   0.0038   0.0043
   0.0008   0.9777   0.0044   0.0028   0.0081   0.0006   0.0068   0.0041   0.0084
   0.0001   0.0044   0.9727   0.0054   0.0026   0.0034   0.0029   0.0039   0.0093
   0.0085   0.0028   0.0054   0.9677   0.0026   0.0008   0.0045   0.0011   0.0026
   0.0019   0.0081   0.0026   0.0026   0.9627   0.0088   0.0023   0.0080   0.0087
   0.0034   0.0006   0.0034   0.0008   0.0088   0.9577   0.0041   0.0001   0.0065
   0.0027   0.0068   0.0029   0.0045   0.0023   0.0041   0.9527   0.0060   0.0029
   0.0038   0.0041   0.0039   0.0011   0.0080   0.0001   0.0060   0.9477   0.0084
   0.0043   0.0084   0.0093   0.0026   0.0087   0.0065   0.0029   0.0084   0.9427

1+(E_0*1-H) (i.e. P with tau=1) after making eigenvec +ve =
   0.1347  -0.0422  -0.0035  -0.4274  -0.0950  -0.1682  -0.1328  -0.1903  -0.2149
  -0.0422  -0.1153  -0.2183  -0.1422  -0.4029  -0.0296  -0.3384  -0.2040  -0.4222
  -0.0035  -0.2183  -0.3653  -0.2688  -0.1295  -0.1714  -0.1435  -0.1958  -0.4634
  -0.4274  -0.1422  -0.2688  -0.6153  -0.1304  -0.0422  -0.2248  -0.0545  -0.1296
  -0.0950  -0.4029  -0.1295  -0.1304  -0.8653  -0.4389  -0.1127  -0.3991  -0.4336
  -0.1682  -0.0296  -0.1714  -0.0422  -0.4389  -1.1153  -0.2029  -0.0027  -0.3261
  -0.1328  -0.3384  -0.1435  -0.2248  -0.1127  -0.2029  -1.3653  -0.3012  -0.1427
  -0.1903  -0.2040  -0.1958  -0.0545  -0.3991  -0.0027  -0.3012  -1.6153  -0.4177
  -0.2149  -0.4222  -0.4634  -0.1296  -0.4336  -0.3261  -0.1427  -0.4177  -1.8653
psi0         =   0.4188   0.4833   0.3583   0.3105   0.3554   0.2170   0.2267   0.2296   0.2979
psiG         =   0.4221   0.4834   0.3617   0.3109   0.3520   0.2195   0.2250   0.2264   0.2944

E_G= -1.865151

H_imp=
  -1.0000  -0.0368  -0.0040  -0.5801  -0.1139  -0.3235  -0.2490  -0.3549  -0.3080
  -0.0483  -0.7500  -0.2918  -0.2210  -0.5533  -0.0652  -0.7271  -0.4356  -0.6931
  -0.0030  -0.1634  -0.5000  -0.3127  -0.1331  -0.2826  -0.2307  -0.3128  -0.5693
  -0.3149  -0.0914  -0.2311  -0.2500  -0.1152  -0.0598  -0.3106  -0.0748  -0.1369
  -0.0792  -0.2934  -0.1261  -0.1476   0.0000  -0.7040  -0.1763  -0.6207  -0.5184
  -0.0875  -0.0134  -0.1040  -0.0298  -0.2736   0.2500  -0.1979  -0.0026  -0.2431
  -0.0708  -0.1575  -0.0893  -0.1627  -0.0720  -0.2081   0.5000  -0.2994  -0.1091
  -0.1021  -0.0955  -0.1225  -0.0397  -0.2566  -0.0028  -0.3030   0.7500  -0.3211
  -0.1499  -0.2571  -0.3772  -0.1227  -0.3627  -0.4375  -0.1868  -0.5433   1.0000

P_imp=
   0.9827   0.0007   0.0001   0.0116   0.0023   0.0065   0.0050   0.0071   0.0062
   0.0010   0.9777   0.0058   0.0044   0.0111   0.0013   0.0145   0.0087   0.0139
   0.0001   0.0033   0.9727   0.0063   0.0027   0.0057   0.0046   0.0063   0.0114
   0.0063   0.0018   0.0046   0.9677   0.0023   0.0012   0.0062   0.0015   0.0027
   0.0016   0.0059   0.0025   0.0030   0.9627   0.0141   0.0035   0.0124   0.0104
   0.0017   0.0003   0.0021   0.0006   0.0055   0.9577   0.0040   0.0001   0.0049
   0.0014   0.0032   0.0018   0.0033   0.0014   0.0042   0.9527   0.0060   0.0022
   0.0020   0.0019   0.0025   0.0008   0.0051   0.0001   0.0061   0.9477   0.0064
   0.0030   0.0051   0.0075   0.0025   0.0073   0.0088   0.0037   0.0109   0.9427
tau_av_expon_proj    = 1.168692 0.902003 0.742987 0.618708 0.531770 0.479972 0.419911 0.378176 0.344959
tau_av_expon_proj_new= 1.155689 0.896632 0.732448 0.619086 0.536111 0.472750 0.422782 0.382368 0.349005
factor=                0.988811 0.994027 0.985714 1.000611 1.008130 0.984839 1.006814 1.011022 1.011661
factor2=                 0.9889   0.9940   0.9858   1.0006   1.0082   0.9850   1.0068   1.0111   1.0117

eigenvalues of P_imp=  0.933770  0.941972  0.951988  0.953071  0.961893  0.966605  0.971751  0.983198  1.000000
eigenvalues of H_imp=  1.446192  1.036117  0.535291  0.481175  0.040080 -0.195512 -0.452860 -1.025199 -1.865285

eigenval_p,eigenval_h=  1.000000 -1.865285
psi0_psiG    =   0.1768   0.2336   0.1296   0.0966   0.1251   0.0476   0.0510   0.0520   0.0877

imp-sampled: sum_P_eig,sum_abs_P_eig,sign_condition_number=  1.000000  1.000000  1.000000

P_FN1=
   0.9827   0.0007   0.0001   0.0116   0.0023   0.0065   0.0050   0.0071   0.0062
   0.0010   0.9777   0.0058   0.0044   0.0111   0.0013   0.0145   0.0087   0.0139
   0.0001   0.0033   0.9727   0.0063   0.0027   0.0057   0.0046   0.0063   0.0114
   0.0063   0.0018   0.0046   0.9677   0.0023   0.0012   0.0062   0.0015   0.0027
   0.0016   0.0059   0.0025   0.0030   0.9627   0.0141   0.0035   0.0124   0.0104
   0.0017   0.0003   0.0021   0.0006   0.0055   0.9577   0.0040   0.0001   0.0049
   0.0014   0.0032   0.0018   0.0033   0.0014   0.0042   0.9527   0.0060   0.0022
   0.0020   0.0019   0.0025   0.0008   0.0051   0.0001   0.0061   0.9477   0.0064
   0.0030   0.0051   0.0075   0.0025   0.0073   0.0088   0.0037   0.0109   0.9427

eigenvalues of P_FN1=  0.933770  0.941972  0.951988  0.953071  0.961893  0.966605  0.971751  0.983198  1.000000
eigenvalues of H_FN1=  1.446192  1.036117  0.535291  0.481175  0.040080 -0.195512 -0.452860 -1.025199 -1.865285

eigenval_p,eigenval_h=  1.000000 -1.865285
psiFN1_psiG =    0.1768   0.2336   0.1296   0.0966   0.1251   0.0476   0.0510   0.0520   0.0877

E_0, E_G, E_FN1, E_G-E_0, E_FN1-E_0, rms fluctuation of E_L  -1.86528  -1.86515  -1.86528   0.00013   0.00000   0.01757
E_L     =  -1.8557  -1.8586  -1.8459  -1.8663  -1.8805  -1.8335  -1.8815  -1.8943  -1.8989
P_L     =   0.9998   0.9999   0.9996   1.0000   1.0003   0.9994   1.0003   1.0006   1.0007
P_abs_L =   0.9998   0.9999   0.9996   1.0000   1.0003   0.9994   1.0003   1.0006   1.0007

P_propos=
   0.9829   0.0007   0.0001   0.0116   0.0023   0.0065   0.0050   0.0071   0.0062
   0.0010   0.9778   0.0058   0.0044   0.0111   0.0013   0.0145   0.0087   0.0139
   0.0001   0.0033   0.9731   0.0063   0.0027   0.0057   0.0046   0.0063   0.0114
   0.0063   0.0018   0.0046   0.9677   0.0023   0.0012   0.0062   0.0015   0.0027
   0.0016   0.0059   0.0025   0.0030   0.9624   0.0141   0.0035   0.0124   0.0104
   0.0018   0.0003   0.0021   0.0006   0.0055   0.9583   0.0040   0.0001   0.0049
   0.0014   0.0032   0.0018   0.0033   0.0014   0.0042   0.9524   0.0060   0.0022
   0.0020   0.0019   0.0025   0.0008   0.0051   0.0001   0.0061   0.9471   0.0064
   0.0030   0.0051   0.0075   0.0025   0.0073   0.0088   0.0037   0.0109   0.9421
sum P_propos  1.000000  1.000000  1.000000  1.000000  1.000000  1.000000  1.000000  1.000000  1.000000
E_FN1= -1.865285 -1.865285
psiG**2=         0.1781   0.2337   0.1308   0.0967   0.1239   0.0482   0.0506   0.0512   0.0867
psiG**2 * P_L=   0.1781   0.2337   0.1308   0.0967   0.1240   0.0481   0.0506   0.0513   0.0868
psiFN_psiG=      0.1768   0.2336   0.1296   0.0966   0.1251   0.0476   0.0510   0.0520   0.0877
P_L=             0.9998   0.9999   0.9996   1.0000   1.0003   0.9994   1.0003   1.0006   1.0007
W_prod=          0.9924   0.9997   0.9905   0.9987   1.0097   0.9889   1.0074   1.0144   1.0116

P_markov=
   0.9829   0.0007   0.0001   0.0116   0.0023   0.0065   0.0050   0.0071   0.0062
   0.0010   0.9778   0.0058   0.0044   0.0111   0.0013   0.0145   0.0087   0.0139
   0.0001   0.0033   0.9731   0.0063   0.0027   0.0057   0.0046   0.0063   0.0114
   0.0063   0.0018   0.0046   0.9677   0.0023   0.0012   0.0062   0.0015   0.0027
   0.0016   0.0059   0.0025   0.0030   0.9624   0.0141   0.0035   0.0124   0.0104
   0.0018   0.0003   0.0021   0.0006   0.0055   0.9583   0.0040   0.0001   0.0049
   0.0014   0.0031   0.0018   0.0033   0.0014   0.0042   0.9524   0.0060   0.0022
   0.0020   0.0019   0.0024   0.0008   0.0051   0.0001   0.0061   0.9471   0.0064
   0.0030   0.0051   0.0075   0.0025   0.0072   0.0087   0.0037   0.0109   0.9421

eigenvalues of P_markov=  0.933255  0.941606  0.951694  0.953233  0.961957  0.966700  0.972029  0.983358  1.000000
eigenvalues of H_markov=  1.471965  1.054438  0.550001  0.473073  0.036852 -0.200277 -0.466748 -1.033194 -1.865285

eigenval_p,eigenval_h=  1.000000 -1.865285
psi for P_mar=   0.1781   0.2337   0.1308   0.0967   0.1239   0.0482   0.0506   0.0512   0.0867
psiG**2      =   0.1781   0.2337   0.1308   0.0967   0.1239   0.0482   0.0506   0.0512   0.0867
Above 2 lines should be equal since Markov matrix has dominant state psiG**2
The exception to this occurs when there is no sign problem, but some components of psiG have the wrong sign, in which case one has 2 decoupled spaces with degenerate dominant eigenvalues

P_FN3=
   0.9827   0.0007   0.0001   0.0116   0.0023   0.0065   0.0050   0.0071   0.0062
   0.0010   0.9777   0.0058   0.0044   0.0111   0.0013   0.0145   0.0087   0.0139
   0.0001   0.0033   0.9727   0.0063   0.0027   0.0056   0.0046   0.0063   0.0114
   0.0063   0.0018   0.0046   0.9677   0.0023   0.0012   0.0062   0.0015   0.0027
   0.0016   0.0059   0.0025   0.0030   0.9627   0.0141   0.0035   0.0124   0.0104
   0.0017   0.0003   0.0021   0.0006   0.0055   0.9577   0.0040   0.0001   0.0049
   0.0014   0.0031   0.0018   0.0033   0.0014   0.0042   0.9527   0.0060   0.0022
   0.0020   0.0019   0.0024   0.0008   0.0051   0.0001   0.0061   0.9477   0.0064
   0.0030   0.0051   0.0075   0.0025   0.0073   0.0087   0.0037   0.0109   0.9427
E_FN3= -1.865279 -1.865279

eigenvalues of P_FN3=  0.933776  0.941979  0.951994  0.953092  0.961901  0.966616  0.971765  0.983205  1.000000
eigenvalues of H_FN3=  1.445912  1.035764  0.535007  0.480114  0.039677 -0.196105 -0.453537 -1.025551 -1.865279

eigenval_p,eigenval_h=  1.000000 -1.865279
psiFN3_psiG  =   0.1768   0.2337   0.1297   0.0966   0.1251   0.0477   0.0510   0.0519   0.0876

P_FN4=
   0.9827   0.0007   0.0001   0.0116   0.0023   0.0065   0.0050   0.0071   0.0062
   0.0010   0.9777   0.0058   0.0044   0.0111   0.0013   0.0145   0.0087   0.0139
   0.0001   0.0033   0.9727   0.0063   0.0027   0.0057   0.0046   0.0063   0.0114
   0.0063   0.0018   0.0046   0.9677   0.0023   0.0012   0.0062   0.0015   0.0027
   0.0016   0.0059   0.0025   0.0030   0.9627   0.0141   0.0035   0.0124   0.0104
   0.0017   0.0003   0.0021   0.0006   0.0055   0.9577   0.0040   0.0001   0.0049
   0.0014   0.0032   0.0018   0.0033   0.0014   0.0042   0.9527   0.0060   0.0022
   0.0020   0.0019   0.0025   0.0008   0.0051   0.0001   0.0061   0.9477   0.0064
   0.0030   0.0051   0.0075   0.0025   0.0073   0.0088   0.0037   0.0109   0.9427
E_FN4= -1.865285 -1.865285

eigenvalues of P_FN4=  0.933770  0.941972  0.951988  0.953071  0.961893  0.966605  0.971751  0.983198  1.000000
eigenvalues of H_FN4=  1.446192  1.036117  0.535291  0.481175  0.040080 -0.195512 -0.452860 -1.025199 -1.865285

eigenval_p,eigenval_h=  1.000000 -1.865285
psiFN4_psiG  =   0.1768   0.2336   0.1296   0.0966   0.1251   0.0476   0.0510   0.0520   0.0877
FN5: sum_pos  0.000000
FN5: sum_pos  0.000000
FN5: sum_pos  0.000000
FN5: sum_pos  0.000000
FN5: sum_pos  0.000000
FN5: sum_pos  0.000000
FN5: sum_pos  0.000000
FN5: sum_pos  0.000000
FN5: sum_pos  0.000000

P_FN5=
   0.9827   0.0007   0.0001   0.0116   0.0023   0.0065   0.0050   0.0071   0.0062
   0.0010   0.9777   0.0058   0.0044   0.0111   0.0013   0.0145   0.0087   0.0139
   0.0001   0.0033   0.9727   0.0063   0.0027   0.0057   0.0046   0.0063   0.0114
   0.0063   0.0018   0.0046   0.9677   0.0023   0.0012   0.0062   0.0015   0.0027
   0.0016   0.0059   0.0025   0.0030   0.9627   0.0141   0.0035   0.0124   0.0104
   0.0017   0.0003   0.0021   0.0006   0.0055   0.9577   0.0040   0.0001   0.0049
   0.0014   0.0032   0.0018   0.0033   0.0014   0.0042   0.9527   0.0060   0.0022
   0.0020   0.0019   0.0025   0.0008   0.0051   0.0001   0.0061   0.9477   0.0064
   0.0030   0.0051   0.0075   0.0025   0.0073   0.0088   0.0037   0.0109   0.9427
E_FN5= -1.865392 -1.865286

eigenvalues of P_FN5=  0.933779  0.941978  0.951993  0.953074  0.961894  0.966607  0.971752  0.983199  1.000002
eigenvalues of H_FN5=  1.445755  1.035834  0.535046  0.481001  0.040029 -0.195613 -0.452887 -1.025217 -1.865392

eigenval_p,eigenval_h=  1.000002 -1.865392
psiFN5_psiG  =   0.1768   0.2336   0.1296   0.0966   0.1251   0.0476   0.0510   0.0520   0.0877

E_G, E_FN1, E_FN3, E_FN4, E_0, recover_FN1, recover_FN3, recover_FN4, 1-ovlp_FN1, 1-ovlp_FN3, 1-ovlp_FN4, sign_cond_num= -1.865151 -1.865285 -1.865279 -1.865285 -1.865285 1.000 0.954 1.000 0.E+00 4.E-08-4.E-16 1.000

P_propos2=
   0.9829   0.0007   0.0001   0.0116   0.0023   0.0065   0.0050   0.0071   0.0062
   0.0010   0.9778   0.0058   0.0044   0.0111   0.0013   0.0145   0.0087   0.0139
   0.0001   0.0033   0.9731   0.0063   0.0027   0.0057   0.0046   0.0063   0.0114
   0.0063   0.0018   0.0046   0.9677   0.0023   0.0012   0.0062   0.0015   0.0027
   0.0016   0.0059   0.0025   0.0030   0.9624   0.0141   0.0035   0.0124   0.0104
   0.0018   0.0003   0.0021   0.0006   0.0055   0.9583   0.0040   0.0001   0.0049
   0.0014   0.0032   0.0018   0.0033   0.0014   0.0042   0.9524   0.0060   0.0022
   0.0020   0.0019   0.0025   0.0008   0.0051   0.0001   0.0061   0.9471   0.0064
   0.0030   0.0051   0.0075   0.0025   0.0073   0.0088   0.0037   0.0109   0.9421

eigenvalues of P_FN1_propos=  0.933250  0.941599  0.951689  0.953211  0.961949  0.966687  0.972016  0.983351  1.000000
psi for P_FN1_propos=   0.1781   0.2337   0.1308   0.0967   0.1240   0.0481   0.0506   0.0513   0.0868
psiG**2 * P_L       =   0.1781   0.2337   0.1308   0.0967   0.1240   0.0481   0.0506   0.0513   0.0868
Above 2 lines should be equal since proposal part of P_FN1 has dominant state psiG**2 * P_L
The exception to this occurs when there is no sign problem, but some components of psiG have the wrong sign, in which case one has 2 decoupled spaces with degenerate dominant eigenvalues

gradient_vmc_FD, gradient_vmc=  0.006292  0.006292
E_L_der =         -0.1000   2.2933  -0.6036  -0.4572  -1.1446  -0.1348  -1.5041  -0.9011  -1.4337
E_L_der_increm =  -0.1000   2.2933  -0.6036  -0.4572  -1.1446  -0.1348  -1.5041  -0.9011  -1.4337
The above 2 lines should be equal
psiFN1_psiG  =   0.1768   0.2336   0.1296   0.0966   0.1251   0.0476   0.0510   0.0520   0.0877
psiG_increm**2=                 0.1781    0.2337    0.1308    0.0967    0.1239    0.0482    0.0506    0.0512    0.0867
psiG_increm**2 * P_L_increm=    0.1781    0.2337    0.1308    0.0967    0.1240    0.0481    0.0506    0.0513    0.0868
psiFN_psiG_increm=              0.1768    0.2336    0.1296    0.0966    0.1251    0.0476    0.0510    0.0520    0.0877
W_prod_increm                   0.9924    0.9997    0.9905    0.9987    1.0097    0.9889    1.0074    1.0144    1.0116
W_prod                          0.9924    0.9997    0.9905    0.9987    1.0097    0.9889    1.0074    1.0144    1.0116
W_prod_increm                  0.992424237   0.999682562   0.990535317   0.998680899   1.009740590   0.988872645   1.007400572   1.014392035   1.011607713
W_prod                         0.992424189   0.999682721   0.990535269   0.998680850   1.009740542   0.988872598   1.007400523   1.014391986   1.011607664
W_prod_der=                     0.4799   -1.5845    0.4790    0.4829    0.4883    0.4782    0.4872    0.4905    0.4892

gradient_FN1_1=  0.000000  0.006419  0.000000 -0.000000 -0.000000  0.000000 -0.000000 -0.000000 -0.000000

gradient_FN1_2=  0.000823 -0.002459  0.001214 -0.000046 -0.000921  0.000733 -0.000399 -0.000729 -0.001425

gradient_FN1_3= -0.017678  0.535775 -0.078222 -0.044150 -0.143225 -0.006419 -0.076713 -0.046834 -0.125743

E_FN1, E_FN1_increm, gradient_FN1_FD, gradient_FN1= -1.865285 -1.865285 -0.000000  0.000000

gradient_FN1_FD, gradient_FN1, 1st+2*2nd terms, gradient_FN1_1, gradient_FN1_2, gradient_FN1_3= -0.000000  0.000000 -0.000000  0.006419 -0.003210 -0.003210
------------------------------------------------------------

Data set    3

H=
  -1.0000  -0.2096  -0.1782  -0.3311  -0.1256  -0.2787  -0.4192  -0.2927  -0.4355
  -0.2096  -0.7500  -0.2384  -0.4219  -0.0984  -0.2966  -0.0313  -0.3513  -0.1554
  -0.1782  -0.2384  -0.5000  -0.0144  -0.3095  -0.3663  -0.0021  -0.4402  -0.3295
  -0.3311  -0.4219  -0.0144  -0.2500  -0.3195  -0.0229  -0.1952  -0.1409  -0.2890
  -0.1256  -0.0984  -0.3095  -0.3195   0.0000  -0.4433  -0.3528  -0.4493  -0.4009
  -0.2787  -0.2966  -0.3663  -0.0229  -0.4433   0.2500  -0.2414  -0.4737  -0.1322
  -0.4192  -0.0313  -0.0021  -0.1952  -0.3528  -0.2414   0.5000  -0.2409  -0.3926
  -0.2927  -0.3513  -0.4402  -0.1409  -0.4493  -0.4737  -0.2409   0.7500  -0.3974
  -0.4355  -0.1554  -0.3295  -0.2890  -0.4009  -0.1322  -0.3926  -0.3974   1.0000

eigenval_p,eigenval_h=  1.000000 -2.302216
psi for P    =   0.5041   0.3757   0.3390   0.2938   0.3257   0.2972   0.2289   0.2998   0.2584

eigenvalues of P=  0.925993  0.932576  0.939197  0.940960  0.951968  0.958953  0.966388  0.969566  1.000000
eigenvalues of H=  1.398133  1.068965  0.737940  0.649780  0.099378 -0.249862 -0.621622 -0.780496 -2.302216
tau, tau_max= 0.020000 0.270245
P=
   0.9740   0.0042   0.0036   0.0066   0.0025   0.0056   0.0084   0.0059   0.0087
   0.0042   0.9690   0.0048   0.0084   0.0020   0.0059   0.0006   0.0070   0.0031
   0.0036   0.0048   0.9640   0.0003   0.0062   0.0073   0.0000   0.0088   0.0066
   0.0066   0.0084   0.0003   0.9590   0.0064   0.0005   0.0039   0.0028   0.0058
   0.0025   0.0020   0.0062   0.0064   0.9540   0.0089   0.0071   0.0090   0.0080
   0.0056   0.0059   0.0073   0.0005   0.0089   0.9490   0.0048   0.0095   0.0026
   0.0084   0.0006   0.0000   0.0039   0.0071   0.0048   0.9440   0.0048   0.0079
   0.0059   0.0070   0.0088   0.0028   0.0090   0.0095   0.0048   0.9390   0.0079
   0.0087   0.0031   0.0066   0.0058   0.0080   0.0026   0.0079   0.0079   0.9340

sum_P_eig,sum_abs_P_eig,sign_condition_number=  2.922681  2.922681  1.000000

P after making eigenvec +ve =
   0.9740   0.0042   0.0036   0.0066   0.0025   0.0056   0.0084   0.0059   0.0087
   0.0042   0.9690   0.0048   0.0084   0.0020   0.0059   0.0006   0.0070   0.0031
   0.0036   0.0048   0.9640   0.0003   0.0062   0.0073   0.0000   0.0088   0.0066
   0.0066   0.0084   0.0003   0.9590   0.0064   0.0005   0.0039   0.0028   0.0058
   0.0025   0.0020   0.0062   0.0064   0.9540   0.0089   0.0071   0.0090   0.0080
   0.0056   0.0059   0.0073   0.0005   0.0089   0.9490   0.0048   0.0095   0.0026
   0.0084   0.0006   0.0000   0.0039   0.0071   0.0048   0.9440   0.0048   0.0079
   0.0059   0.0070   0.0088   0.0028   0.0090   0.0095   0.0048   0.9390   0.0079
   0.0087   0.0031   0.0066   0.0058   0.0080   0.0026   0.0079   0.0079   0.9340

1+(E_0*1-H) (i.e. P with tau=1) after making eigenvec +ve =
  -0.3022  -0.2096  -0.1782  -0.3311  -0.1256  -0.2787  -0.4192  -0.2927  -0.4355
  -0.2096  -0.5522  -0.2384  -0.4219  -0.0984  -0.2966  -0.0313  -0.3513  -0.1554
  -0.1782  -0.2384  -0.8022  -0.0144  -0.3095  -0.3663  -0.0021  -0.4402  -0.3295
  -0.3311  -0.4219  -0.0144  -1.0522  -0.3195  -0.0229  -0.1952  -0.1409  -0.2890
  -0.1256  -0.0984  -0.3095  -0.3195  -1.3022  -0.4433  -0.3528  -0.4493  -0.4009
  -0.2787  -0.2966  -0.3663  -0.0229  -0.4433  -1.5522  -0.2414  -0.4737  -0.1322
  -0.4192  -0.0313  -0.0021  -0.1952  -0.3528  -0.2414  -1.8022  -0.2409  -0.3926
  -0.2927  -0.3513  -0.4402  -0.1409  -0.4493  -0.4737  -0.2409  -2.0522  -0.3974
  -0.4355  -0.1554  -0.3295  -0.2890  -0.4009  -0.1322  -0.3926  -0.3974  -2.3022
psi0         =   0.5041   0.3757   0.3390   0.2938   0.3257   0.2972   0.2289   0.2998   0.2584
psiG         =   0.5034   0.3716   0.3415   0.2923   0.3297   0.2966   0.2298   0.2973   0.2620

E_G= -2.302069

H_imp=
  -1.0000  -0.2839  -0.2626  -0.5702  -0.1918  -0.4730  -0.9183  -0.4956  -0.8367
  -0.1547  -0.7500  -0.2593  -0.5363  -0.1109  -0.3716  -0.0506  -0.4391  -0.2203
  -0.1209  -0.2191  -0.5000  -0.0169  -0.3207  -0.4218  -0.0031  -0.5056  -0.4295
  -0.1923  -0.3319  -0.0123  -0.2500  -0.2833  -0.0226  -0.2484  -0.1385  -0.3225
  -0.0823  -0.0873  -0.2987  -0.3604   0.0000  -0.4927  -0.5062  -0.4982  -0.5044
  -0.1642  -0.2367  -0.3181  -0.0233  -0.3988   0.2500  -0.3115  -0.4726  -0.1496
