Input hamiltonian
hamiltonian=random                                                                          
Input ndim, E_T, tau_in
ndim, E_T, tau_in=    9-20.000000 0.020000
Input fraction_positive, off_diag_mag, psiG_noise
fraction_positive, off_diag_mag,psiG_noise= 1.000000 0.500000 0.200000
psiG_correct_sign
psiG_correct_sign= F
plot_deriv= F
Input irand_seed
irand_seed=1425565376542456

Data set    1

H=
  -1.0000  -0.1700  -0.1099  -0.4196  -0.1870  -0.0711  -0.2866  -0.3428  -0.4790
  -0.1700  -0.7500  -0.1641  -0.0472  -0.3042  -0.1121  -0.0931  -0.3299  -0.4853
  -0.1099  -0.1641  -0.5000  -0.1335  -0.4961  -0.3461  -0.4734  -0.3902  -0.0130
  -0.4196  -0.0472  -0.1335  -0.2500  -0.3211  -0.4726  -0.2046  -0.1250  -0.2763
  -0.1870  -0.3042  -0.4961  -0.3211   0.0000  -0.2710  -0.1125  -0.4732  -0.2893
  -0.0711  -0.1121  -0.3461  -0.4726  -0.2710   0.2500  -0.4776  -0.4455  -0.3272
  -0.2866  -0.0931  -0.4734  -0.2046  -0.1125  -0.4776   0.5000  -0.4575  -0.3775
  -0.3428  -0.3299  -0.3902  -0.1250  -0.4732  -0.4455  -0.4575   0.7500  -0.3025
  -0.4790  -0.4853  -0.0130  -0.2763  -0.2893  -0.3272  -0.3775  -0.3025   1.0000

eigenval_p,eigenval_h=  1.000000 -2.370229
psi for P    =   0.4562   0.3342   0.3623   0.3185   0.3385   0.3031   0.2851   0.3050   0.2583

eigenvalues of P=  0.924912  0.928440  0.934224  0.945119  0.948103  0.956397  0.966213  0.969951  1.000000
eigenvalues of H=  1.384192  1.207773  0.918559  0.373842  0.224625 -0.190092 -0.680871 -0.867801 -2.370229
tau, tau_max= 0.020000 0.266353
P=
   0.9726   0.0034   0.0022   0.0084   0.0037   0.0014   0.0057   0.0069   0.0096
   0.0034   0.9676   0.0033   0.0009   0.0061   0.0022   0.0019   0.0066   0.0097
   0.0022   0.0033   0.9626   0.0027   0.0099   0.0069   0.0095   0.0078   0.0003
   0.0084   0.0009   0.0027   0.9576   0.0064   0.0095   0.0041   0.0025   0.0055
   0.0037   0.0061   0.0099   0.0064   0.9526   0.0054   0.0022   0.0095   0.0058
   0.0014   0.0022   0.0069   0.0095   0.0054   0.9476   0.0096   0.0089   0.0065
   0.0057   0.0019   0.0095   0.0041   0.0022   0.0096   0.9426   0.0091   0.0076
   0.0069   0.0066   0.0078   0.0025   0.0095   0.0089   0.0091   0.9376   0.0061
   0.0096   0.0097   0.0003   0.0055   0.0058   0.0065   0.0076   0.0061   0.9326

sum_P_eig,sum_abs_P_eig,sign_condition_number=  2.961211  2.961211  1.000000

P after making eigenvec +ve =
   0.9726   0.0034   0.0022   0.0084   0.0037   0.0014   0.0057   0.0069   0.0096
   0.0034   0.9676   0.0033   0.0009   0.0061   0.0022   0.0019   0.0066   0.0097
   0.0022   0.0033   0.9626   0.0027   0.0099   0.0069   0.0095   0.0078   0.0003
   0.0084   0.0009   0.0027   0.9576   0.0064   0.0095   0.0041   0.0025   0.0055
   0.0037   0.0061   0.0099   0.0064   0.9526   0.0054   0.0022   0.0095   0.0058
   0.0014   0.0022   0.0069   0.0095   0.0054   0.9476   0.0096   0.0089   0.0065
   0.0057   0.0019   0.0095   0.0041   0.0022   0.0096   0.9426   0.0091   0.0076
   0.0069   0.0066   0.0078   0.0025   0.0095   0.0089   0.0091   0.9376   0.0061
   0.0096   0.0097   0.0003   0.0055   0.0058   0.0065   0.0076   0.0061   0.9326

1+(E_0*1-H) (i.e. P with tau=1) after making eigenvec +ve =
  -0.3702  -0.1700  -0.1099  -0.4196  -0.1870  -0.0711  -0.2866  -0.3428  -0.4790
  -0.1700  -0.6202  -0.1641  -0.0472  -0.3042  -0.1121  -0.0931  -0.3299  -0.4853
  -0.1099  -0.1641  -0.8702  -0.1335  -0.4961  -0.3461  -0.4734  -0.3902  -0.0130
  -0.4196  -0.0472  -0.1335  -1.1202  -0.3211  -0.4726  -0.2046  -0.1250  -0.2763
  -0.1870  -0.3042  -0.4961  -0.3211  -1.3702  -0.2710  -0.1125  -0.4732  -0.2893
  -0.0711  -0.1121  -0.3461  -0.4726  -0.2710  -1.6202  -0.4776  -0.4455  -0.3272
  -0.2866  -0.0931  -0.4734  -0.2046  -0.1125  -0.4776  -1.8702  -0.4575  -0.3775
  -0.3428  -0.3299  -0.3902  -0.1250  -0.4732  -0.4455  -0.4575  -2.1202  -0.3025
  -0.4790  -0.4853  -0.0130  -0.2763  -0.2893  -0.3272  -0.3775  -0.3025  -2.3702
psi0         =   0.4562   0.3342   0.3623   0.3185   0.3385   0.3031   0.2851   0.3050   0.2583
psiG         =   0.3736   0.2399   0.4543   0.2985   0.4356   0.2757   0.2067   0.3878   0.2203
1-overlap_G  =   0.0246

E_G= -2.258279

H_imp=
  -1.0000  -0.2648  -0.0904  -0.5251  -0.1603  -0.0963  -0.5180  -0.3302  -0.8122
  -0.1092  -0.7500  -0.0867  -0.0379  -0.1675  -0.0976  -0.1081  -0.2041  -0.5285
  -0.1336  -0.3107  -0.5000  -0.2031  -0.5173  -0.5703  -1.0406  -0.4571  -0.0268
  -0.3353  -0.0587  -0.0877  -0.2500  -0.2200  -0.5118  -0.2956  -0.0962  -0.3745
  -0.2181  -0.5524  -0.4758  -0.4685   0.0000  -0.4283  -0.2371  -0.5315  -0.5721
  -0.0524  -0.1289  -0.2100  -0.4365  -0.1715   0.2500  -0.6371  -0.3167  -0.4095
  -0.1585  -0.0802  -0.2154  -0.1416  -0.0534  -0.3580   0.5000  -0.2438  -0.3541
  -0.3559  -0.5333  -0.3331  -0.1624  -0.4212  -0.6267  -0.8585   0.7500  -0.5326
  -0.2824  -0.4456  -0.0063  -0.2039  -0.1463  -0.2615  -0.4025  -0.1719   1.0000

P_imp=
   0.9726   0.0053   0.0018   0.0105   0.0032   0.0019   0.0104   0.0066   0.0162
   0.0022   0.9676   0.0017   0.0008   0.0034   0.0020   0.0022   0.0041   0.0106
   0.0027   0.0062   0.9626   0.0041   0.0103   0.0114   0.0208   0.0091   0.0005
   0.0067   0.0012   0.0018   0.9576   0.0044   0.0102   0.0059   0.0019   0.0075
   0.0044   0.0110   0.0095   0.0094   0.9526   0.0086   0.0047   0.0106   0.0114
   0.0010   0.0026   0.0042   0.0087   0.0034   0.9476   0.0127   0.0063   0.0082
   0.0032   0.0016   0.0043   0.0028   0.0011   0.0072   0.9426   0.0049   0.0071
   0.0071   0.0107   0.0067   0.0032   0.0084   0.0125   0.0172   0.9376   0.0107
   0.0056   0.0089   0.0001   0.0041   0.0029   0.0052   0.0080   0.0034   0.9326
tau_av_expon_proj    = 0.607732 0.421123 0.664283 0.458902 0.538319 0.338930 0.244050 0.425269 0.276980
tau_av_expon_proj_new= 0.729805 0.617197 0.534694 0.471647 0.421900 0.381646 0.348404 0.320489 0.296716
factor=                1.182071 1.373943 0.784774 1.027391 0.758859 1.118429 1.349214 0.721130 1.068776
factor2=                 1.2009   1.4656   0.8049   1.0278   0.7837   1.1260   1.4276   0.7536   1.0713

eigenvalues of P_imp=  0.924912  0.928440  0.934224  0.945119  0.948103  0.956397  0.966213  0.969951  1.000000
eigenvalues of H_imp=  1.384192  1.207773  0.918559  0.373842  0.224625 -0.190092 -0.680871 -0.867801 -2.370229

eigenval_p,eigenval_h=  1.000000 -2.370229
psi0_psiG    =   0.1747   0.0822   0.1687   0.0975   0.1512   0.0857   0.0604   0.1213   0.0583

imp-sampled: sum_P_eig,sum_abs_P_eig,sign_condition_number=  1.000000  1.000000  1.000000

P_FN1=
   0.9726   0.0053   0.0018   0.0105   0.0032   0.0019   0.0104   0.0066   0.0162
   0.0022   0.9676   0.0017   0.0008   0.0034   0.0020   0.0022   0.0041   0.0106
   0.0027   0.0062   0.9626   0.0041   0.0103   0.0114   0.0208   0.0091   0.0005
   0.0067   0.0012   0.0018   0.9576   0.0044   0.0102   0.0059   0.0019   0.0075
   0.0044   0.0110   0.0095   0.0094   0.9526   0.0086   0.0047   0.0106   0.0114
   0.0010   0.0026   0.0042   0.0087   0.0034   0.9476   0.0127   0.0063   0.0082
   0.0032   0.0016   0.0043   0.0028   0.0011   0.0072   0.9426   0.0049   0.0071
   0.0071   0.0107   0.0067   0.0032   0.0084   0.0125   0.0172   0.9376   0.0107
   0.0056   0.0089   0.0001   0.0041   0.0029   0.0052   0.0080   0.0034   0.9326

eigenvalues of P_FN1=  0.924912  0.928440  0.934224  0.945119  0.948103  0.956397  0.966213  0.969951  1.000000
eigenvalues of H_FN1=  1.384192  1.207773  0.918559  0.373842  0.224625 -0.190092 -0.680871 -0.867801 -2.370229

eigenval_p,eigenval_h=  1.000000 -2.370229
psiFN1_psiG =    0.1747   0.0822   0.1687   0.0975   0.1512   0.0857   0.0604   0.1213   0.0583
psiFN1      =    0.4562   0.3342   0.3623   0.3185   0.3385   0.3031   0.2851   0.3050   0.2583

E_0, E_G, E_FN1, E_G-E_0, E_FN1-E_0, rms fluctuation of E_L  -2.37023  -2.25828  -2.37023   0.11195   0.00000   0.54580
E_L     =  -2.6455  -3.1246  -2.0054  -2.4291  -1.8576  -2.7005  -3.5975  -1.6015  -2.6104
P_L     =   1.0055   1.0151   0.9927   1.0012   0.9897   1.0066   1.0245   0.9846   1.0048
P_abs_L =   1.0055   1.0151   0.9927   1.0012   0.9897   1.0066   1.0245   0.9846   1.0048

P_propos=
   0.9673   0.0052   0.0018   0.0105   0.0032   0.0019   0.0101   0.0067   0.0162
   0.0022   0.9532   0.0017   0.0008   0.0034   0.0019   0.0021   0.0041   0.0105
   0.0027   0.0061   0.9697   0.0041   0.0105   0.0113   0.0203   0.0093   0.0005
   0.0067   0.0012   0.0018   0.9565   0.0044   0.0102   0.0058   0.0020   0.0075
   0.0043   0.0109   0.0096   0.0094   0.9625   0.0085   0.0046   0.0108   0.0114
   0.0010   0.0025   0.0042   0.0087   0.0035   0.9414   0.0124   0.0064   0.0082
   0.0032   0.0016   0.0043   0.0028   0.0011   0.0071   0.9200   0.0050   0.0070
   0.0071   0.0105   0.0067   0.0032   0.0085   0.0125   0.0168   0.9522   0.0106
   0.0056   0.0088   0.0001   0.0041   0.0030   0.0052   0.0079   0.0035   0.9281
sum P_propos  1.000000  1.000000  1.000000  1.000000  1.000000  1.000000  1.000000  1.000000  1.000000
E_FN1= -2.370229 -2.370229
psiG**2=         0.1396   0.0576   0.2064   0.0891   0.1898   0.0760   0.0427   0.1504   0.0485
psiG**2 * P_L=   0.1403   0.0584   0.2048   0.0892   0.1878   0.0765   0.0438   0.1481   0.0488
psiG_psiFN=      0.1747   0.0822   0.1687   0.0975   0.1512   0.0857   0.0604   0.1213   0.0583
P_L=             1.0055   1.0151   0.9927   1.0012   0.9897   1.0066   1.0245   0.9846   1.0048
psiFN_by_psi=          1.2520   1.4283   0.8178   1.0939   0.7966   1.1271   1.4146   0.8063   1.2020

P_markov=
   0.9674   0.0052   0.0018   0.0104   0.0032   0.0019   0.0101   0.0066   0.0162
   0.0022   0.9532   0.0017   0.0007   0.0033   0.0019   0.0021   0.0040   0.0104
   0.0027   0.0061   0.9699   0.0041   0.0104   0.0113   0.0203   0.0092   0.0005
   0.0067   0.0012   0.0018   0.9567   0.0044   0.0102   0.0058   0.0019   0.0075
   0.0043   0.0109   0.0096   0.0094   0.9628   0.0085   0.0046   0.0107   0.0114
   0.0010   0.0025   0.0042   0.0087   0.0034   0.9415   0.0124   0.0063   0.0081
   0.0031   0.0016   0.0042   0.0028   0.0010   0.0070   0.9200   0.0048   0.0069
   0.0071   0.0105   0.0067   0.0032   0.0085   0.0125   0.0168   0.9531   0.0106
   0.0056   0.0088   0.0001   0.0041   0.0029   0.0052   0.0079   0.0034   0.9284

eigenvalues of P_markov=  0.913080  0.922962  0.934829  0.947354  0.951118  0.955722  0.958186  0.969745  1.000000
eigenvalues of H_markov=  1.975750  1.481683  0.888303  0.262053  0.073860 -0.156317 -0.279512 -0.857473 -2.370229

eigenval_p,eigenval_h=  1.000000 -2.370229
psi for P_mar=   0.1396   0.0576   0.2064   0.0891   0.1898   0.0760   0.0427   0.1504   0.0485
psiG**2      =   0.1396   0.0576   0.2064   0.0891   0.1898   0.0760   0.0427   0.1504   0.0485
Above 2 lines should be equal since Markov matrix has dominant state psiG**2
The exception to this occurs when there is no sign problem, but some components of psiG have the wrong sign, in which case one has 2 decoupled spaces with degenerate dominant eigenvalues

P_FN3=
   0.9727   0.0053   0.0018   0.0105   0.0032   0.0019   0.0104   0.0065   0.0162
   0.0022   0.9676   0.0017   0.0007   0.0033   0.0019   0.0022   0.0040   0.0105
   0.0027   0.0062   0.9629   0.0041   0.0103   0.0114   0.0208   0.0091   0.0005
   0.0067   0.0012   0.0017   0.9578   0.0044   0.0102   0.0059   0.0019   0.0075
   0.0044   0.0110   0.0095   0.0094   0.9529   0.0086   0.0047   0.0106   0.0114
   0.0010   0.0026   0.0041   0.0087   0.0034   0.9477   0.0127   0.0062   0.0082
   0.0031   0.0016   0.0042   0.0028   0.0010   0.0070   0.9426   0.0047   0.0069
   0.0071   0.0107   0.0067   0.0032   0.0084   0.0125   0.0172   0.9384   0.0107
   0.0056   0.0089   0.0001   0.0041   0.0029   0.0052   0.0080   0.0034   0.9329
E_FN3= -2.365506 -2.365506

eigenvalues of P_FN3=  0.925223  0.929223  0.934389  0.945459  0.948333  0.956599  0.966269  0.970087  0.999906
eigenvalues of H_FN3=  1.368617  1.168607  0.910306  0.356803  0.213143 -0.200160 -0.683698 -0.874555 -2.365506

eigenval_p,eigenval_h=  0.999906 -2.365506
psiFN3_psiG  =   0.1743   0.0812   0.1696   0.0976   0.1524   0.0852   0.0590   0.1226   0.0582
psiFN3      =    0.4559   0.3306   0.3648   0.3194   0.3418   0.3018   0.2792   0.3088   0.2579

P_FN4=
   0.9726   0.0053   0.0018   0.0105   0.0032   0.0019   0.0104   0.0066   0.0162
   0.0022   0.9676   0.0017   0.0008   0.0034   0.0020   0.0022   0.0041   0.0106
   0.0027   0.0062   0.9626   0.0041   0.0103   0.0114   0.0208   0.0091   0.0005
   0.0067   0.0012   0.0018   0.9576   0.0044   0.0102   0.0059   0.0019   0.0075
   0.0044   0.0110   0.0095   0.0094   0.9526   0.0086   0.0047   0.0106   0.0114
   0.0010   0.0026   0.0042   0.0087   0.0034   0.9476   0.0127   0.0063   0.0082
   0.0032   0.0016   0.0043   0.0028   0.0011   0.0072   0.9426   0.0049   0.0071
   0.0071   0.0107   0.0067   0.0032   0.0084   0.0125   0.0172   0.9376   0.0107
   0.0056   0.0089   0.0001   0.0041   0.0029   0.0052   0.0080   0.0034   0.9326
E_FN4= -2.370229 -2.370229

eigenvalues of P_FN4=  0.924912  0.928440  0.934224  0.945119  0.948103  0.956397  0.966213  0.969951  1.000000
eigenvalues of H_FN4=  1.384192  1.207773  0.918559  0.373842  0.224625 -0.190092 -0.680871 -0.867801 -2.370229

eigenval_p,eigenval_h=  1.000000 -2.370229
psiFN4_psiG  =   0.1747   0.0822   0.1687   0.0975   0.1512   0.0857   0.0604   0.1213   0.0583
psiFN4      =    0.4562   0.3342   0.3623   0.3185   0.3385   0.3031   0.2851   0.3050   0.2583
FN5: sum_pos  0.000000
FN5: sum_pos  0.000000
FN5: sum_pos  0.000000
FN5: sum_pos  0.000000
FN5: sum_pos  0.000000
FN5: sum_pos  0.000000
FN5: sum_pos  0.000000
FN5: sum_pos  0.000000
FN5: sum_pos  0.000000

P_FN5=
   0.9726   0.0053   0.0018   0.0105   0.0032   0.0019   0.0104   0.0066   0.0162
   0.0022   0.9676   0.0017   0.0008   0.0034   0.0020   0.0022   0.0041   0.0106
   0.0027   0.0062   0.9626   0.0041   0.0103   0.0114   0.0208   0.0091   0.0005
   0.0067   0.0012   0.0018   0.9576   0.0044   0.0102   0.0059   0.0019   0.0075
   0.0044   0.0110   0.0095   0.0094   0.9526   0.0086   0.0047   0.0106   0.0114
   0.0010   0.0026   0.0042   0.0087   0.0034   0.9476   0.0127   0.0063   0.0082
   0.0032   0.0016   0.0043   0.0028   0.0011   0.0072   0.9426   0.0049   0.0071
   0.0071   0.0107   0.0067   0.0032   0.0084   0.0125   0.0172   0.9376   0.0107
   0.0056   0.0089   0.0001   0.0041   0.0029   0.0052   0.0080   0.0034   0.9326
E_FN5= -2.370501 -2.370220

eigenvalues of P_FN5=  0.924928  0.928454  0.934233  0.945124  0.948110  0.956400  0.966215  0.969953  1.000005
eigenvalues of H_FN5=  1.383382  1.207096  0.918134  0.373593  0.224281 -0.190244 -0.680975 -0.867879 -2.370501

eigenval_p,eigenval_h=  1.000005 -2.370501
psiFN5_psiG  =   0.1747   0.0822   0.1687   0.0975   0.1512   0.0857   0.0604   0.1213   0.0583
psiFN5      =    0.4561   0.3342   0.3623   0.3185   0.3385   0.3031   0.2852   0.3050   0.2583

E_G, E_FN1, E_FN3, E_FN4, E_0, recover_FN1, recover_FN3, recover_FN4, 1-ovlp_FN1, 1-ovlp_FN3, 1-ovlp_FN4, sign_cond_num= -2.258279 -2.370229 -2.365506 -2.370229 -2.370229 1.000 0.958 1.000-2.E-16 4.E-05-2.E-16 1.000

P_propos2=
   0.9673   0.0052   0.0018   0.0105   0.0032   0.0019   0.0101   0.0067   0.0162
   0.0022   0.9532   0.0017   0.0008   0.0034   0.0019   0.0021   0.0041   0.0105
   0.0027   0.0061   0.9697   0.0041   0.0105   0.0113   0.0203   0.0093   0.0005
   0.0067   0.0012   0.0018   0.9565   0.0044   0.0102   0.0058   0.0020   0.0075
   0.0043   0.0109   0.0096   0.0094   0.9625   0.0085   0.0046   0.0108   0.0114
   0.0010   0.0025   0.0042   0.0087   0.0035   0.9414   0.0124   0.0064   0.0082
   0.0032   0.0016   0.0043   0.0028   0.0011   0.0071   0.9200   0.0050   0.0070
   0.0071   0.0105   0.0067   0.0032   0.0085   0.0125   0.0168   0.9522   0.0106
   0.0056   0.0088   0.0001   0.0041   0.0030   0.0052   0.0079   0.0035   0.9281

eigenvalues of P_FN1_propos=  0.912891  0.922740  0.934418  0.946888  0.950826  0.955562  0.957978  0.969550  1.000000
psi for P_FN1_propos=   0.1406   0.0586   0.2053   0.0894   0.1883   0.0767   0.0439   0.1484   0.0489
psiG**2 * P_L       =   0.1406   0.0586   0.2053   0.0894   0.1883   0.0767   0.0439   0.1484   0.0489
Above 2 lines should be equal since proposal part of P_FN1 has dominant state psiG**2 * P_L
The exception to this occurs when there is no sign problem, but some components of psiG have the wrong sign, in which case one has 2 decoupled spaces with degenerate dominant eigenvalues

P_L=              1.0055   1.0151   0.9927   1.0012   0.9897   1.0066   1.0245   0.9846   1.0048
P_L_der=          0.0091  -0.1980   0.0072   0.0032   0.0140   0.0081   0.0090   0.0170   0.0441
P_L_der_by_P_L=   0.0091  -0.1950   0.0073   0.0032   0.0141   0.0081   0.0088   0.0173   0.0438

P_L_der_by_P_L=   0.0091  -0.1950   0.0073   0.0032   0.0141   0.0081   0.0088   0.0173   0.0438
psiG_psiFN    =   0.1747   0.0822   0.1687   0.0975   0.1512   0.0857   0.0604   0.1213   0.0583
tmp_vec1      =   0.0016  -0.0160   0.0012   0.0003   0.0021   0.0007   0.0005   0.0021   0.0026

PP_FN1=
   1.9726   0.0053   0.0018   0.0105   0.0032   0.0019   0.0104   0.0066   0.0162
   0.0022   1.9676   0.0017   0.0008   0.0034   0.0020   0.0022   0.0041   0.0106
   0.0027   0.0062   1.9626   0.0041   0.0103   0.0114   0.0208   0.0091   0.0005
   0.0067   0.0012   0.0018   1.9576   0.0044   0.0102   0.0059   0.0019   0.0075
   0.0044   0.0110   0.0095   0.0094   1.9526   0.0086   0.0047   0.0106   0.0114
   0.0010   0.0026   0.0042   0.0087   0.0034   1.9476   0.0127   0.0063   0.0082
   0.0032   0.0016   0.0043   0.0028   0.0011   0.0072   1.9426   0.0049   0.0071
   0.0071   0.0107   0.0067   0.0032   0.0084   0.0125   0.0172   1.9376   0.0107
   0.0056   0.0089   0.0001   0.0041   0.0029   0.0052   0.0080   0.0034   1.9326
iter, W_der_by_W, change=    1  0.025967  2.6E-02

PP_FN1=
   2.9188   0.0159   0.0055   0.0309   0.0096   0.0060   0.0306   0.0194   0.0475
   0.0065   2.9040   0.0052   0.0024   0.0099   0.0059   0.0065   0.0120   0.0308
   0.0081   0.0185   2.8895   0.0122   0.0303   0.0336   0.0609   0.0268   0.0021
   0.0198   0.0037   0.0053   2.8748   0.0129   0.0299   0.0175   0.0058   0.0220
   0.0130   0.0326   0.0279   0.0275   2.8604   0.0253   0.0144   0.0310   0.0335
   0.0033   0.0078   0.0124   0.0255   0.0101   2.8459   0.0372   0.0185   0.0239
   0.0094   0.0049   0.0126   0.0084   0.0032   0.0209   2.8315   0.0142   0.0206
   0.0209   0.0313   0.0196   0.0098   0.0246   0.0366   0.0500   2.8171   0.0312
   0.0165   0.0260   0.0005   0.0120   0.0086   0.0153   0.0234   0.0101   2.8027
iter, W_der_by_W, change=    2  0.038041  1.2E-02
iter, W_der_by_W, change=    3  0.049550  1.2E-02
iter, W_der_by_W, change=    4  0.060524  1.1E-02
iter, W_der_by_W, change=    5  0.070990  1.0E-02
iter, W_der_by_W, change=    6  0.080974  1.0E-02
iter, W_der_by_W, change=    7  0.090499  9.5E-03
iter, W_der_by_W, change=    8  0.099590  9.1E-03
iter, W_der_by_W, change=    9  0.108268  8.7E-03
iter, W_der_by_W, change=   10  0.116553  8.3E-03
iter, W_der_by_W, change=   20  0.181617  5.3E-03
iter, W_der_by_W, change=   30  0.223416  3.4E-03
iter, W_der_by_W, change=   40  0.250688  2.2E-03
iter, W_der_by_W, change=   50  0.268701  1.5E-03
iter, W_der_by_W, change=   60  0.280709  1.0E-03
iter, W_der_by_W, change=   70  0.288772  6.7E-04
iter, W_der_by_W, change=   80  0.294214  4.5E-04
iter, W_der_by_W, change=   90  0.297900  3.1E-04
iter, W_der_by_W, change=  100  0.300404  2.1E-04
iter, W_der_by_W, change=  200  0.305616  4.2E-06
iter, W_der_by_W, change=  300  0.305714  4.0E-08
iter, W_der_by_W, change=  400  0.305714 -3.2E-09
iter, W_der_by_W, change=  500  0.305714 -3.1E-10
iter, W_der_by_W, change=  600  0.305714 -2.0E-11
iter, W_der_by_W, change=  700  0.305714 -1.1E-12
iter, W_der_by_W, change=  800  0.305714 -5.9E-14
Final iter, W_der_by_W, change=  858  0.305714 -1.0E-14

PP_FN1=
 202.8549 195.2359 110.4890 153.7487 109.0141 153.5622 196.1408 111.8583 169.9540
  80.5154 121.2295  52.8651  69.7008  52.4916  72.7794  91.2842  53.2521  80.9466
 163.3687 189.5396 134.3059 145.0458 109.3496 153.7336 194.5546 109.9189 158.4730
  98.1829 107.9303  62.6440 106.7631  62.1105  89.5648 110.0086  62.1697  94.1050
 148.2456 173.0892 100.5695 132.2633 115.4077 136.6985 169.6226  98.7593 145.4329
  83.6292  96.1088  56.6229  76.3811  54.7442  95.4037  99.1869  56.0566  82.8765
  60.0183  67.7318  40.2631  52.7131  38.1681  55.7310  85.0081  39.5947  58.6790
 120.5466 139.1568  80.1141 104.9158  78.2646 110.9276 139.4467  93.3094 117.2741
  59.1003  68.2555  37.2703  51.2444  37.1896  52.9195  66.6844  37.8419  70.5137

gradient_vmc_FD, gradient_vmc= -0.415669 -0.415669
E_L_der =         -0.4551   9.8982  -0.3612  -0.1581  -0.6983  -0.4068  -0.4505  -0.8506  -2.2029
E_L_der_increm =  -0.4551   9.8981  -0.3612  -0.1581  -0.6983  -0.4068  -0.4505  -0.8506  -2.2029
The above 2 lines should be equal
psiFN1_psiG  =   0.1747   0.0822   0.1687   0.0975   0.1512   0.0857   0.0604   0.1213   0.0583
psiG_increm**2=                 0.1396    0.0576    0.2064    0.0891    0.1898    0.0760    0.0427    0.1504    0.0485
psiG_increm**2 * P_L_increm=    0.1403    0.0584    0.2048    0.0892    0.1878    0.0765    0.0438    0.1481    0.0488
psiG_psiFN_increm=              0.1747    0.0822    0.1687    0.0975    0.1512    0.0857    0.0604    0.1213    0.0583
psiFN_by_psi_increm                   1.2520    1.4283    0.8178    1.0939    0.7966    1.1271    1.4146    0.8063    1.2020
psiFN_by_psi                          1.2520    1.4283    0.8178    1.0939    0.7966    1.1271    1.4146    0.8063    1.2020
psiFN_by_psi_increm                  1.251971933   1.428284557   0.817776356   1.093877087   0.796563495   1.127123642   1.414581987   0.806257347   1.201980571
psiFN_by_psi                         1.251971915   1.428285133   0.817776345   1.093877072   0.796563484   1.127123627   1.414581968   0.806257336   1.201980554
psiFN_by_psiG_der=                     0.1717   -5.7577    0.1122    0.1500    0.1093    0.1546    0.1940    0.1106    0.1649

gradient_FN1_1=  0.023074 -0.487221 -0.029540  0.002754 -0.037181  0.013573  0.035573 -0.044728  0.006721

gradient_FN1_2= -0.006596  0.249982  0.008444 -0.000787  0.010628 -0.003880 -0.010169  0.012786 -0.001921

gradient_FN1_3= -0.079522  0.813660 -0.060960 -0.015412 -0.105570 -0.034848 -0.027216 -0.103144 -0.128500

E_FN1, E_FN1_increm, gradient_FN1_FD, gradient_FN1= -2.370229 -2.370229  0.000000 -0.000000

gradient_FN1_FD, gradient_FN1, 1st+2*2nd terms, gradient_FU2000, gradient_FN1_1, gradient_FN1_2, gradient_FN1_3, W_der_by_W=  0.000000 -0.000000 -0.000000  0.047226 -0.516975  0.258487  0.258487  0.305714

  1  1 gradient_vmc, gradient_vmc_eval_in_dmc, gradient_FN1, gradient_FN1_1+2*gradient_FN1_3, gradient_FN1_1+W_der_by_W+gradient_FN1_3= -0.415669 -0.526690 -0.000000 -0.000000  0.047226

 1 Ratio: Error replace 2nd by 3rd term  to  Error replace 2nd by W_der_by_W=  0.000002
FN1*G=  0.1704225960  0.0801800886  0.1645951800  0.0950879872  0.1474524626  0.0835560183  0.0589219011  0.1182749987  0.0568968239  0.9753880565
FN1_G=  0.1747228653  0.0822032709  0.1687484063  0.0974873401  0.1511731271  0.0856643853  0.0604086761  0.1212594289  0.0583325001  1.0000000000
test=  3.247651  3.329599
test2=  0.000000 -0.237541 -0.237541  0.000000 -0.237541  0.000000 -0.000000013009 -0.000000013009  0.000000000000
test3=  1.000000  0.000000  1.000000  0.942446  0.100218 -0.000000
test4=  0.000000 -0.000000
------------------------------------------------------------

Data set    2

H=
  -1.0000  -0.0422  -0.0035  -0.4274  -0.0950  -0.1682  -0.1328  -0.1903  -0.2149
  -0.0422  -0.7500  -0.2183  -0.1422  -0.4029  -0.0296  -0.3384  -0.2040  -0.4222
  -0.0035  -0.2183  -0.5000  -0.2688  -0.1295  -0.1714  -0.1435  -0.1958  -0.4634
  -0.4274  -0.1422  -0.2688  -0.2500  -0.1304  -0.0422  -0.2248  -0.0545  -0.1296
  -0.0950  -0.4029  -0.1295  -0.1304   0.0000  -0.4389  -0.1127  -0.3991  -0.4336
  -0.1682  -0.0296  -0.1714  -0.0422  -0.4389   0.2500  -0.2029  -0.0027  -0.3261
  -0.1328  -0.3384  -0.1435  -0.2248  -0.1127  -0.2029   0.5000  -0.3012  -0.1427
  -0.1903  -0.2040  -0.1958  -0.0545  -0.3991  -0.0027  -0.3012   0.7500  -0.4177
  -0.2149  -0.4222  -0.4634  -0.1296  -0.4336  -0.3261  -0.1427  -0.4177   1.0000

eigenval_p,eigenval_h=  1.000000 -1.865285
psi for P    =   0.4188   0.4833   0.3583   0.3105   0.3554   0.2170   0.2267   0.2296   0.2979

eigenvalues of P=  0.933770  0.941972  0.951988  0.953071  0.961893  0.966605  0.971751  0.983198  1.000000
eigenvalues of H=  1.446192  1.036117  0.535291  0.481175  0.040080 -0.195512 -0.452860 -1.025199 -1.865285
tau, tau_max= 0.020000 0.301980
P=
   0.9827   0.0008   0.0001   0.0085   0.0019   0.0034   0.0027   0.0038   0.0043
   0.0008   0.9777   0.0044   0.0028   0.0081   0.0006   0.0068   0.0041   0.0084
   0.0001   0.0044   0.9727   0.0054   0.0026   0.0034   0.0029   0.0039   0.0093
   0.0085   0.0028   0.0054   0.9677   0.0026   0.0008   0.0045   0.0011   0.0026
   0.0019   0.0081   0.0026   0.0026   0.9627   0.0088   0.0023   0.0080   0.0087
   0.0034   0.0006   0.0034   0.0008   0.0088   0.9577   0.0041   0.0001   0.0065
   0.0027   0.0068   0.0029   0.0045   0.0023   0.0041   0.9527   0.0060   0.0029
   0.0038   0.0041   0.0039   0.0011   0.0080   0.0001   0.0060   0.9477   0.0084
   0.0043   0.0084   0.0093   0.0026   0.0087   0.0065   0.0029   0.0084   0.9427

sum_P_eig,sum_abs_P_eig,sign_condition_number=  2.897480  2.897480  1.000000

P after making eigenvec +ve =
   0.9827   0.0008   0.0001   0.0085   0.0019   0.0034   0.0027   0.0038   0.0043
   0.0008   0.9777   0.0044   0.0028   0.0081   0.0006   0.0068   0.0041   0.0084
   0.0001   0.0044   0.9727   0.0054   0.0026   0.0034   0.0029   0.0039   0.0093
   0.0085   0.0028   0.0054   0.9677   0.0026   0.0008   0.0045   0.0011   0.0026
   0.0019   0.0081   0.0026   0.0026   0.9627   0.0088   0.0023   0.0080   0.0087
   0.0034   0.0006   0.0034   0.0008   0.0088   0.9577   0.0041   0.0001   0.0065
   0.0027   0.0068   0.0029   0.0045   0.0023   0.0041   0.9527   0.0060   0.0029
   0.0038   0.0041   0.0039   0.0011   0.0080   0.0001   0.0060   0.9477   0.0084
   0.0043   0.0084   0.0093   0.0026   0.0087   0.0065   0.0029   0.0084   0.9427

1+(E_0*1-H) (i.e. P with tau=1) after making eigenvec +ve =
   0.1347  -0.0422  -0.0035  -0.4274  -0.0950  -0.1682  -0.1328  -0.1903  -0.2149
  -0.0422  -0.1153  -0.2183  -0.1422  -0.4029  -0.0296  -0.3384  -0.2040  -0.4222
  -0.0035  -0.2183  -0.3653  -0.2688  -0.1295  -0.1714  -0.1435  -0.1958  -0.4634
  -0.4274  -0.1422  -0.2688  -0.6153  -0.1304  -0.0422  -0.2248  -0.0545  -0.1296
  -0.0950  -0.4029  -0.1295  -0.1304  -0.8653  -0.4389  -0.1127  -0.3991  -0.4336
  -0.1682  -0.0296  -0.1714  -0.0422  -0.4389  -1.1153  -0.2029  -0.0027  -0.3261
  -0.1328  -0.3384  -0.1435  -0.2248  -0.1127  -0.2029  -1.3653  -0.3012  -0.1427
  -0.1903  -0.2040  -0.1958  -0.0545  -0.3991  -0.0027  -0.3012  -1.6153  -0.4177
  -0.2149  -0.4222  -0.4634  -0.1296  -0.4336  -0.3261  -0.1427  -0.4177  -1.8653
psi0         =   0.4188   0.4833   0.3583   0.3105   0.3554   0.2170   0.2267   0.2296   0.2979
psiG         =   0.4738   0.4813   0.4180   0.3150   0.2885   0.2600   0.1936   0.1671   0.2317
1-overlap_G  =   0.0112

E_G= -1.819459

H_imp=
  -1.0000  -0.0415  -0.0039  -0.6428  -0.1560  -0.3066  -0.3249  -0.5397  -0.4394
  -0.0429  -0.7500  -0.2514  -0.2172  -0.6722  -0.0548  -0.8412  -0.5875  -0.8769
  -0.0031  -0.1896  -0.5000  -0.3567  -0.1877  -0.2756  -0.3098  -0.4898  -0.8360
  -0.2842  -0.0931  -0.2026  -0.2500  -0.1424  -0.0511  -0.3657  -0.1027  -0.1762
  -0.0578  -0.2415  -0.0894  -0.1194   0.0000  -0.4870  -0.1679  -0.6892  -0.5400
  -0.0923  -0.0160  -0.1066  -0.0348  -0.3956   0.2500  -0.2725  -0.0042  -0.3660
  -0.0543  -0.1362  -0.0665  -0.1382  -0.0756  -0.1511   0.5000  -0.3490  -0.1193
  -0.0671  -0.0708  -0.0782  -0.0289  -0.2312  -0.0017  -0.2599   0.7500  -0.3012
  -0.1051  -0.2032  -0.2568  -0.0953  -0.3482  -0.2906  -0.1708  -0.5792   1.0000

P_imp=
   0.9827   0.0008   0.0001   0.0129   0.0031   0.0061   0.0065   0.0108   0.0088
   0.0009   0.9777   0.0050   0.0043   0.0134   0.0011   0.0168   0.0118   0.0175
   0.0001   0.0038   0.9727   0.0071   0.0038   0.0055   0.0062   0.0098   0.0167
   0.0057   0.0019   0.0041   0.9677   0.0028   0.0010   0.0073   0.0021   0.0035
   0.0012   0.0048   0.0018   0.0024   0.9627   0.0097   0.0034   0.0138   0.0108
   0.0018   0.0003   0.0021   0.0007   0.0079   0.9577   0.0055   0.0001   0.0073
   0.0011   0.0027   0.0013   0.0028   0.0015   0.0030   0.9527   0.0070   0.0024
   0.0013   0.0014   0.0016   0.0006   0.0046   0.0000   0.0052   0.9477   0.0060
   0.0021   0.0041   0.0051   0.0019   0.0070   0.0058   0.0034   0.0116   0.9427
tau_av_expon_proj    = 1.415017 1.008131 0.947494 0.612255 0.452728 0.617844 0.368625 0.299277 0.273596
tau_av_expon_proj_new= 1.155689 0.896632 0.732448 0.619086 0.536111 0.472750 0.422782 0.382368 0.349005
factor=                0.799001 0.883068 0.745575 1.011094 1.168281 0.735712 1.136664 1.242724 1.241187
factor2=                 0.8167   0.8894   0.7730   1.0112   1.1842   0.7652   1.1469   1.2776   1.2756

eigenvalues of P_imp=  0.933770  0.941972  0.951988  0.953071  0.961893  0.966605  0.971751  0.983198  1.000000
eigenvalues of H_imp=  1.446192  1.036117  0.535291  0.481175  0.040080 -0.195512 -0.452860 -1.025199 -1.865285

eigenval_p,eigenval_h=  1.000000 -1.865285
psi0_psiG    =   0.2007   0.2352   0.1515   0.0989   0.1037   0.0571   0.0444   0.0388   0.0698

imp-sampled: sum_P_eig,sum_abs_P_eig,sign_condition_number=  1.000000  1.000000  1.000000

P_FN1=
   0.9827   0.0008   0.0001   0.0129   0.0031   0.0061   0.0065   0.0108   0.0088
   0.0009   0.9777   0.0050   0.0043   0.0134   0.0011   0.0168   0.0118   0.0175
   0.0001   0.0038   0.9727   0.0071   0.0038   0.0055   0.0062   0.0098   0.0167
   0.0057   0.0019   0.0041   0.9677   0.0028   0.0010   0.0073   0.0021   0.0035
   0.0012   0.0048   0.0018   0.0024   0.9627   0.0097   0.0034   0.0138   0.0108
   0.0018   0.0003   0.0021   0.0007   0.0079   0.9577   0.0055   0.0001   0.0073
   0.0011   0.0027   0.0013   0.0028   0.0015   0.0030   0.9527   0.0070   0.0024
   0.0013   0.0014   0.0016   0.0006   0.0046   0.0000   0.0052   0.9477   0.0060
   0.0021   0.0041   0.0051   0.0019   0.0070   0.0058   0.0034   0.0116   0.9427

eigenvalues of P_FN1=  0.933770  0.941972  0.951988  0.953071  0.961893  0.966605  0.971751  0.983198  1.000000
eigenvalues of H_FN1=  1.446192  1.036117  0.535291  0.481175  0.040080 -0.195512 -0.452860 -1.025199 -1.865285

eigenval_p,eigenval_h=  1.000000 -1.865285
psiFN1_psiG =    0.2007   0.2352   0.1515   0.0989   0.1037   0.0571   0.0444   0.0388   0.0698
psiFN1      =    0.4188   0.4833   0.3583   0.3105   0.3554   0.2170   0.2267   0.2296   0.2979

E_0, E_G, E_FN1, E_G-E_0, E_FN1-E_0, rms fluctuation of E_L  -1.86528  -1.81946  -1.86528   0.04583   0.00000   0.34476
E_L     =  -1.7067  -1.7419  -1.5554  -1.8833  -2.2088  -1.3685  -2.2128  -2.5914  -2.6550
P_L     =   0.9968   0.9975   0.9938   1.0004   1.0069   0.9901   1.0070   1.0145   1.0158
P_abs_L =   0.9968   0.9975   0.9938   1.0004   1.0069   0.9901   1.0070   1.0145   1.0158

P_propos=
   0.9858   0.0008   0.0001   0.0129   0.0031   0.0062   0.0065   0.0106   0.0087
   0.0009   0.9801   0.0051   0.0043   0.0134   0.0011   0.0167   0.0116   0.0173
   0.0001   0.0038   0.9788   0.0071   0.0037   0.0056   0.0062   0.0097   0.0165
   0.0057   0.0019   0.0041   0.9673   0.0028   0.0010   0.0073   0.0020   0.0035
   0.0012   0.0048   0.0018   0.0024   0.9561   0.0098   0.0033   0.0136   0.0106
   0.0019   0.0003   0.0021   0.0007   0.0079   0.9673   0.0054   0.0001   0.0072
   0.0011   0.0027   0.0013   0.0028   0.0015   0.0031   0.9461   0.0069   0.0023
   0.0013   0.0014   0.0016   0.0006   0.0046   0.0000   0.0052   0.9341   0.0059
   0.0021   0.0041   0.0052   0.0019   0.0069   0.0059   0.0034   0.0114   0.9280
sum P_propos  1.000000  1.000000  1.000000  1.000000  1.000000  1.000000  1.000000  1.000000  1.000000
E_FN1= -1.865285 -1.865285
psiG**2=         0.2245   0.2316   0.1747   0.0992   0.0832   0.0676   0.0375   0.0279   0.0537
psiG**2 * P_L=   0.2238   0.2311   0.1737   0.0993   0.0838   0.0669   0.0377   0.0283   0.0545
psiG_psiFN=      0.2007   0.2352   0.1515   0.0989   0.1037   0.0571   0.0444   0.0388   0.0698
P_L=             0.9968   0.9975   0.9938   1.0004   1.0069   0.9901   1.0070   1.0145   1.0158
psiFN_by_psi=          0.8940   1.0154   0.8668   0.9969   1.2459   0.8441   1.1839   1.3897   1.3001

P_markov=
   0.9859   0.0008   0.0001   0.0129   0.0031   0.0062   0.0065   0.0106   0.0087
   0.0009   0.9803   0.0050   0.0043   0.0134   0.0011   0.0167   0.0116   0.0173
   0.0001   0.0038   0.9790   0.0071   0.0037   0.0055   0.0062   0.0097   0.0165
   0.0057   0.0019   0.0040   0.9674   0.0028   0.0010   0.0073   0.0020   0.0035
   0.0011   0.0048   0.0018   0.0024   0.9562   0.0097   0.0033   0.0136   0.0106
   0.0019   0.0003   0.0021   0.0007   0.0079   0.9678   0.0054   0.0001   0.0072
   0.0011   0.0027   0.0013   0.0027   0.0015   0.0030   0.9462   0.0069   0.0023
   0.0013   0.0014   0.0015   0.0006   0.0046   0.0000   0.0051   0.9341   0.0059
   0.0021   0.0040   0.0051   0.0019   0.0069   0.0057   0.0034   0.0114   0.9280

eigenvalues of P_markov=  0.920611  0.931438  0.945250  0.952309  0.962741  0.970291  0.976314  0.986003  1.000000
eigenvalues of H_markov=  2.104150  1.562811  0.872218  0.519271 -0.002319 -0.379821 -0.681003 -1.165433 -1.865285

eigenval_p,eigenval_h=  1.000000 -1.865285
psi for P_mar=   0.2245   0.2316   0.1747   0.0992   0.0832   0.0676   0.0375   0.0279   0.0537
psiG**2      =   0.2245   0.2316   0.1747   0.0992   0.0832   0.0676   0.0375   0.0279   0.0537
Above 2 lines should be equal since Markov matrix has dominant state psiG**2
The exception to this occurs when there is no sign problem, but some components of psiG have the wrong sign, in which case one has 2 decoupled spaces with degenerate dominant eigenvalues

P_FN3=
   0.9828   0.0008   0.0001   0.0129   0.0031   0.0061   0.0065   0.0108   0.0088
   0.0009   0.9779   0.0050   0.0043   0.0134   0.0011   0.0168   0.0118   0.0175
   0.0001   0.0038   0.9729   0.0071   0.0038   0.0055   0.0062   0.0098   0.0167
   0.0057   0.0019   0.0040   0.9678   0.0028   0.0010   0.0073   0.0021   0.0035
   0.0011   0.0048   0.0018   0.0024   0.9628   0.0096   0.0034   0.0138   0.0108
   0.0018   0.0003   0.0021   0.0007   0.0079   0.9581   0.0055   0.0001   0.0073
   0.0011   0.0027   0.0013   0.0027   0.0015   0.0030   0.9528   0.0070   0.0024
   0.0013   0.0014   0.0015   0.0006   0.0046   0.0000   0.0052   0.9477   0.0060
   0.0021   0.0040   0.0050   0.0019   0.0069   0.0057   0.0034   0.0116   0.9427
E_FN3= -1.863180 -1.863180

eigenvalues of P_FN3=  0.933866  0.942110  0.952088  0.953373  0.962020  0.966780  0.971949  0.983306  0.999958
eigenvalues of H_FN3=  1.441434  1.029218  0.530339  0.466086  0.033707 -0.204281 -0.462720 -1.030581 -1.863180

eigenval_p,eigenval_h=  0.999958 -1.863180
psiFN3_psiG  =   0.2014   0.2358   0.1521   0.0990   0.1031   0.0575   0.0441   0.0383   0.0687
psiFN3      =    0.4207   0.4850   0.3602   0.3109   0.3536   0.2187   0.2255   0.2268   0.2936

P_FN4=
   0.9827   0.0008   0.0001   0.0129   0.0031   0.0061   0.0065   0.0108   0.0088
   0.0009   0.9777   0.0050   0.0043   0.0134   0.0011   0.0168   0.0118   0.0175
   0.0001   0.0038   0.9727   0.0071   0.0038   0.0055   0.0062   0.0098   0.0167
   0.0057   0.0019   0.0041   0.9677   0.0028   0.0010   0.0073   0.0021   0.0035
   0.0012   0.0048   0.0018   0.0024   0.9627   0.0097   0.0034   0.0138   0.0108
   0.0018   0.0003   0.0021   0.0007   0.0079   0.9577   0.0055   0.0001   0.0073
   0.0011   0.0027   0.0013   0.0028   0.0015   0.0030   0.9527   0.0070   0.0024
   0.0013   0.0014   0.0016   0.0006   0.0046   0.0000   0.0052   0.9477   0.0060
   0.0021   0.0041   0.0051   0.0019   0.0070   0.0058   0.0034   0.0116   0.9427
E_FN4= -1.865285 -1.865285

eigenvalues of P_FN4=  0.933770  0.941972  0.951988  0.953071  0.961893  0.966605  0.971751  0.983198  1.000000
eigenvalues of H_FN4=  1.446192  1.036117  0.535291  0.481175  0.040080 -0.195512 -0.452860 -1.025199 -1.865285

eigenval_p,eigenval_h=  1.000000 -1.865285
psiFN4_psiG  =   0.2007   0.2352   0.1515   0.0989   0.1037   0.0571   0.0444   0.0388   0.0698
psiFN4      =    0.4188   0.4833   0.3583   0.3105   0.3554   0.2170   0.2267   0.2296   0.2979
FN5: sum_pos  0.000000
FN5: sum_pos  0.000000
FN5: sum_pos  0.000000
FN5: sum_pos  0.000000
FN5: sum_pos  0.000000
FN5: sum_pos  0.000000
FN5: sum_pos  0.000000
FN5: sum_pos  0.000000
FN5: sum_pos  0.000000

P_FN5=
   0.9827   0.0008   0.0001   0.0129   0.0031   0.0061   0.0065   0.0108   0.0088
   0.0009   0.9777   0.0050   0.0043   0.0134   0.0011   0.0168   0.0118   0.0175
   0.0001   0.0038   0.9727   0.0071   0.0038   0.0055   0.0062   0.0098   0.0167
   0.0057   0.0019   0.0041   0.9677   0.0028   0.0010   0.0073   0.0021   0.0035
   0.0012   0.0048   0.0018   0.0024   0.9627   0.0097   0.0034   0.0138   0.0108
   0.0018   0.0003   0.0021   0.0007   0.0079   0.9577   0.0055   0.0001   0.0073
   0.0011   0.0027   0.0013   0.0028   0.0015   0.0030   0.9527   0.0070   0.0024
   0.0013   0.0014   0.0016   0.0006   0.0046   0.0000   0.0052   0.9477   0.0060
   0.0021   0.0041   0.0051   0.0019   0.0070   0.0058   0.0034   0.0116   0.9427
E_FN5= -1.865392 -1.865301

eigenvalues of P_FN5=  0.933779  0.941978  0.951993  0.953074  0.961894  0.966607  0.971752  0.983199  1.000002
eigenvalues of H_FN5=  1.445755  1.035834  0.535046  0.481001  0.040029 -0.195613 -0.452887 -1.025217 -1.865392

eigenval_p,eigenval_h=  1.000002 -1.865392
psiFN5_psiG  =   0.2007   0.2352   0.1515   0.0989   0.1037   0.0571   0.0444   0.0388   0.0698
psiFN5      =    0.4188   0.4832   0.3583   0.3105   0.3555   0.2170   0.2267   0.2296   0.2979

E_G, E_FN1, E_FN3, E_FN4, E_0, recover_FN1, recover_FN3, recover_FN4, 1-ovlp_FN1, 1-ovlp_FN3, 1-ovlp_FN4, sign_cond_num= -1.819459 -1.865285 -1.863180 -1.865285 -1.865285 1.000 0.954 1.000 0.E+00 2.E-05 0.E+00 1.000

P_propos2=
   0.9858   0.0008   0.0001   0.0129   0.0031   0.0062   0.0065   0.0106   0.0087
   0.0009   0.9801   0.0051   0.0043   0.0134   0.0011   0.0167   0.0116   0.0173
   0.0001   0.0038   0.9788   0.0071   0.0037   0.0056   0.0062   0.0097   0.0165
   0.0057   0.0019   0.0041   0.9673   0.0028   0.0010   0.0073   0.0020   0.0035
   0.0012   0.0048   0.0018   0.0024   0.9561   0.0098   0.0033   0.0136   0.0106
   0.0019   0.0003   0.0021   0.0007   0.0079   0.9673   0.0054   0.0001   0.0072
   0.0011   0.0027   0.0013   0.0028   0.0015   0.0031   0.9461   0.0069   0.0023
   0.0013   0.0014   0.0016   0.0006   0.0046   0.0000   0.0052   0.9341   0.0059
   0.0021   0.0041   0.0052   0.0019   0.0069   0.0059   0.0034   0.0114   0.9280

eigenvalues of P_FN1_propos=  0.920557  0.931348  0.945167  0.952073  0.962633  0.969982  0.976107  0.985886  1.000000
psi for P_FN1_propos=   0.2240   0.2313   0.1738   0.0994   0.0839   0.0670   0.0378   0.0283   0.0546
psiG**2 * P_L       =   0.2240   0.2313   0.1738   0.0994   0.0839   0.0670   0.0378   0.0283   0.0546
Above 2 lines should be equal since proposal part of P_FN1 has dominant state psiG**2 * P_L
The exception to this occurs when there is no sign problem, but some components of psiG have the wrong sign, in which case one has 2 decoupled spaces with degenerate dominant eigenvalues

P_L=              0.9968   0.9975   0.9938   1.0004   1.0069   0.9901   1.0070   1.0145   1.0158
P_L_der=          0.0018  -0.0412   0.0104   0.0090   0.0279   0.0023   0.0350   0.0244   0.0364
P_L_der_by_P_L=   0.0018  -0.0413   0.0105   0.0090   0.0277   0.0023   0.0347   0.0241   0.0359

P_L_der_by_P_L=   0.0018  -0.0413   0.0105   0.0090   0.0277   0.0023   0.0347   0.0241   0.0359
