Input hamiltonian
hamiltonian=random                                                                          
Input ndim, E_T, tau
ndim, E_T, tau=    9-20.000000 0.020000
Input fraction_positive, off_diag_mag, psiG_noise
fraction_positive, off_diag_mag,psiG_noise= 1.000000 0.500000 0.030000
psiG_correct_sign
psiG_correct_sign= F
Input irand_seed
irand_seed=1425565376542456

Data set    1

H=
  -1.0000  -0.1700  -0.1099  -0.4196  -0.1870  -0.0711  -0.2866  -0.3428  -0.4790
  -0.1700  -0.7500  -0.1641  -0.0472  -0.3042  -0.1121  -0.0931  -0.3299  -0.4853
  -0.1099  -0.1641  -0.5000  -0.1335  -0.4961  -0.3461  -0.4734  -0.3902  -0.0130
  -0.4196  -0.0472  -0.1335  -0.2500  -0.3211  -0.4726  -0.2046  -0.1250  -0.2763
  -0.1870  -0.3042  -0.4961  -0.3211   0.0000  -0.2710  -0.1125  -0.4732  -0.2893
  -0.0711  -0.1121  -0.3461  -0.4726  -0.2710   0.2500  -0.4776  -0.4455  -0.3272
  -0.2866  -0.0931  -0.4734  -0.2046  -0.1125  -0.4776   0.5000  -0.4575  -0.3775
  -0.3428  -0.3299  -0.3902  -0.1250  -0.4732  -0.4455  -0.4575   0.7500  -0.3025
  -0.4790  -0.4853  -0.0130  -0.2763  -0.2893  -0.3272  -0.3775  -0.3025   1.0000

eigenval_p,eigenval_h=  1.000000 -2.370229
psi for P    =   0.4562   0.3342   0.3623   0.3185   0.3385   0.3031   0.2851   0.3050   0.2583

eigenvalues of P=  0.924912  0.928440  0.934224  0.945119  0.948103  0.956397  0.966213  0.969951  1.000000
eigenvalues of H=  1.384192  1.207773  0.918559  0.373842  0.224625 -0.190092 -0.680871 -0.867801 -2.370229
tau, tau_max= 0.020000 0.266353
P=
   0.9726   0.0034   0.0022   0.0084   0.0037   0.0014   0.0057   0.0069   0.0096
   0.0034   0.9676   0.0033   0.0009   0.0061   0.0022   0.0019   0.0066   0.0097
   0.0022   0.0033   0.9626   0.0027   0.0099   0.0069   0.0095   0.0078   0.0003
   0.0084   0.0009   0.0027   0.9576   0.0064   0.0095   0.0041   0.0025   0.0055
   0.0037   0.0061   0.0099   0.0064   0.9526   0.0054   0.0022   0.0095   0.0058
   0.0014   0.0022   0.0069   0.0095   0.0054   0.9476   0.0096   0.0089   0.0065
   0.0057   0.0019   0.0095   0.0041   0.0022   0.0096   0.9426   0.0091   0.0076
   0.0069   0.0066   0.0078   0.0025   0.0095   0.0089   0.0091   0.9376   0.0061
   0.0096   0.0097   0.0003   0.0055   0.0058   0.0065   0.0076   0.0061   0.9326

sum_P_eig,sum_abs_P_eig,sign_condition_number=  2.961211  2.961211  1.000000

P after making eigenvec +ve =
   0.9726   0.0034   0.0022   0.0084   0.0037   0.0014   0.0057   0.0069   0.0096
   0.0034   0.9676   0.0033   0.0009   0.0061   0.0022   0.0019   0.0066   0.0097
   0.0022   0.0033   0.9626   0.0027   0.0099   0.0069   0.0095   0.0078   0.0003
   0.0084   0.0009   0.0027   0.9576   0.0064   0.0095   0.0041   0.0025   0.0055
   0.0037   0.0061   0.0099   0.0064   0.9526   0.0054   0.0022   0.0095   0.0058
   0.0014   0.0022   0.0069   0.0095   0.0054   0.9476   0.0096   0.0089   0.0065
   0.0057   0.0019   0.0095   0.0041   0.0022   0.0096   0.9426   0.0091   0.0076
   0.0069   0.0066   0.0078   0.0025   0.0095   0.0089   0.0091   0.9376   0.0061
   0.0096   0.0097   0.0003   0.0055   0.0058   0.0065   0.0076   0.0061   0.9326

1+(E_0*1-H) (i.e. P with tau=1) after making eigenvec +ve =
  -0.3702  -0.1700  -0.1099  -0.4196  -0.1870  -0.0711  -0.2866  -0.3428  -0.4790
  -0.1700  -0.6202  -0.1641  -0.0472  -0.3042  -0.1121  -0.0931  -0.3299  -0.4853
  -0.1099  -0.1641  -0.8702  -0.1335  -0.4961  -0.3461  -0.4734  -0.3902  -0.0130
  -0.4196  -0.0472  -0.1335  -1.1202  -0.3211  -0.4726  -0.2046  -0.1250  -0.2763
  -0.1870  -0.3042  -0.4961  -0.3211  -1.3702  -0.2710  -0.1125  -0.4732  -0.2893
  -0.0711  -0.1121  -0.3461  -0.4726  -0.2710  -1.6202  -0.4776  -0.4455  -0.3272
  -0.2866  -0.0931  -0.4734  -0.2046  -0.1125  -0.4776  -1.8702  -0.4575  -0.3775
  -0.3428  -0.3299  -0.3902  -0.1250  -0.4732  -0.4455  -0.4575  -2.1202  -0.3025
  -0.4790  -0.4853  -0.0130  -0.2763  -0.2893  -0.3272  -0.3775  -0.3025  -2.3702
psi0         =   0.4562   0.3342   0.3623   0.3185   0.3385   0.3031   0.2851   0.3050   0.2583
psiG         =   0.4453   0.3212   0.3772   0.3165   0.3541   0.2999   0.2743   0.3183   0.2534

E_G= -2.367730

H_imp=
  -1.0000  -0.2357  -0.1297  -0.5903  -0.2352  -0.1055  -0.4652  -0.4796  -0.8416
  -0.1226  -0.7500  -0.1397  -0.0479  -0.2760  -0.1201  -0.1090  -0.3328  -0.6151
  -0.0931  -0.1927  -0.5000  -0.1591  -0.5286  -0.4353  -0.6510  -0.4624  -0.0194
  -0.2983  -0.0465  -0.1120  -0.2500  -0.2871  -0.4988  -0.2361  -0.1243  -0.3452
  -0.1487  -0.3354  -0.4657  -0.3591   0.0000  -0.3199  -0.1452  -0.5263  -0.4042
  -0.0479  -0.1047  -0.2752  -0.4479  -0.2296   0.2500  -0.5222  -0.4198  -0.3873
  -0.1765  -0.0795  -0.3443  -0.1773  -0.0872  -0.4367   0.5000  -0.3942  -0.4086
  -0.2451  -0.3269  -0.3293  -0.1257  -0.4254  -0.4728  -0.5309   0.7500  -0.3800
  -0.2726  -0.3829  -0.0087  -0.2212  -0.2071  -0.2765  -0.3488  -0.2409   1.0000

P_imp=
   0.9726   0.0047   0.0026   0.0118   0.0047   0.0021   0.0093   0.0096   0.0168
   0.0025   0.9676   0.0028   0.0010   0.0055   0.0024   0.0022   0.0067   0.0123
   0.0019   0.0039   0.9626   0.0032   0.0106   0.0087   0.0130   0.0092   0.0004
   0.0060   0.0009   0.0022   0.9576   0.0057   0.0100   0.0047   0.0025   0.0069
   0.0030   0.0067   0.0093   0.0072   0.9526   0.0064   0.0029   0.0105   0.0081
   0.0010   0.0021   0.0055   0.0090   0.0046   0.9476   0.0104   0.0084   0.0077
   0.0035   0.0016   0.0069   0.0035   0.0017   0.0087   0.9426   0.0079   0.0082
   0.0049   0.0065   0.0066   0.0025   0.0085   0.0095   0.0106   0.9376   0.0076
   0.0055   0.0077   0.0002   0.0044   0.0041   0.0055   0.0070   0.0048   0.9326
tau_av_expon_proj    = 0.711882 0.586712 0.554144 0.469809 0.439368 0.375153 0.332406 0.335537 0.293995
tau_av_expon_proj_new= 0.729805 0.617197 0.534694 0.471647 0.421900 0.381646 0.348404 0.320489 0.296716
factor=                1.024863 1.050633 0.964278 1.003906 0.959443 1.017158 1.046989 0.954132 1.009212
factor2=                 1.0252   1.0520   0.9649   1.0039   0.9602   1.0173   1.0481   0.9552   1.0093

eigenvalues of P_imp=  0.924912  0.928440  0.934224  0.945119  0.948103  0.956397  0.966213  0.969951  1.000000
eigenvalues of H_imp=  1.384192  1.207773  0.918559  0.373842  0.224625 -0.190092 -0.680871 -0.867801 -2.370229

eigenval_p,eigenval_h=  1.000000 -2.370229
psi0_psiG    =   0.2032   0.1074   0.1368   0.1009   0.1199   0.0910   0.0783   0.0971   0.0655

imp-sampled: sum_P_eig,sum_abs_P_eig,sign_condition_number=  1.000000  1.000000  1.000000

P_FN1=
   0.9726   0.0047   0.0026   0.0118   0.0047   0.0021   0.0093   0.0096   0.0168
   0.0025   0.9676   0.0028   0.0010   0.0055   0.0024   0.0022   0.0067   0.0123
   0.0019   0.0039   0.9626   0.0032   0.0106   0.0087   0.0130   0.0092   0.0004
   0.0060   0.0009   0.0022   0.9576   0.0057   0.0100   0.0047   0.0025   0.0069
   0.0030   0.0067   0.0093   0.0072   0.9526   0.0064   0.0029   0.0105   0.0081
   0.0010   0.0021   0.0055   0.0090   0.0046   0.9476   0.0104   0.0084   0.0077
   0.0035   0.0016   0.0069   0.0035   0.0017   0.0087   0.9426   0.0079   0.0082
   0.0049   0.0065   0.0066   0.0025   0.0085   0.0095   0.0106   0.9376   0.0076
   0.0055   0.0077   0.0002   0.0044   0.0041   0.0055   0.0070   0.0048   0.9326

eigenvalues of P_FN1=  0.924912  0.928440  0.934224  0.945119  0.948103  0.956397  0.966213  0.969951  1.000000
eigenvalues of H_FN1=  1.384192  1.207773  0.918559  0.373842  0.224625 -0.190092 -0.680871 -0.867801 -2.370229

eigenval_p,eigenval_h=  1.000000 -2.370229
psiFN1_psiG =    0.2032   0.1074   0.1368   0.1009   0.1199   0.0910   0.0783   0.0971   0.0655

E_0, E_G, E_FN1, E_G-E_0, E_FN1-E_0, rms fluctuation of E_L  -2.37023  -2.36773  -2.37023   0.00250  -0.00000   0.07944
E_L     =  -2.4047  -2.4544  -2.3046  -2.3785  -2.2760  -2.4156  -2.5084  -2.2303  -2.4014
P_L     =   1.0007   1.0017   0.9987   1.0002   0.9981   1.0009   1.0028   0.9972   1.0006
P_abs_L =   1.0007   1.0017   0.9987   1.0002   0.9981   1.0009   1.0028   0.9972   1.0006

P_propos=
   0.9719   0.0047   0.0026   0.0118   0.0047   0.0021   0.0093   0.0096   0.0168
   0.0025   0.9660   0.0028   0.0010   0.0055   0.0024   0.0022   0.0067   0.0123
   0.0019   0.0038   0.9639   0.0032   0.0106   0.0087   0.0130   0.0093   0.0004
   0.0060   0.0009   0.0022   0.9574   0.0058   0.0100   0.0047   0.0025   0.0069
   0.0030   0.0067   0.0093   0.0072   0.9544   0.0064   0.0029   0.0106   0.0081
   0.0010   0.0021   0.0055   0.0090   0.0046   0.9467   0.0104   0.0084   0.0077
   0.0035   0.0016   0.0069   0.0035   0.0017   0.0087   0.9400   0.0079   0.0082
   0.0049   0.0065   0.0066   0.0025   0.0085   0.0094   0.0106   0.9402   0.0076
   0.0054   0.0076   0.0002   0.0044   0.0041   0.0055   0.0070   0.0048   0.9320
sum P_propos  1.000000  1.000000  1.000000  1.000000  1.000000  1.000000  1.000000  1.000000  1.000000
E_FN1= -2.370229 -2.370229
psiG**2=         0.1983   0.1032   0.1423   0.1002   0.1254   0.0900   0.0752   0.1013   0.0642
psiG**2 * P_L=   0.1984   0.1033   0.1421   0.1002   0.1251   0.0900   0.0754   0.1010   0.0643
psiFN_psiG=      0.2032   0.1074   0.1368   0.1009   0.1199   0.0910   0.0783   0.0971   0.0655
P_L=             1.0007   1.0017   0.9987   1.0002   0.9981   1.0009   1.0028   0.9972   1.0006
W_prod=          1.0251   1.0412   0.9611   1.0068   0.9565   1.0110   1.0401   0.9586   1.0197

P_markov=
   0.9719   0.0047   0.0026   0.0118   0.0047   0.0021   0.0093   0.0096   0.0168
   0.0024   0.9660   0.0028   0.0010   0.0055   0.0024   0.0022   0.0066   0.0123
   0.0019   0.0038   0.9639   0.0032   0.0106   0.0087   0.0130   0.0093   0.0004
   0.0060   0.0009   0.0022   0.9575   0.0057   0.0100   0.0047   0.0025   0.0069
   0.0030   0.0067   0.0093   0.0072   0.9545   0.0064   0.0029   0.0105   0.0081
   0.0010   0.0021   0.0055   0.0089   0.0046   0.9468   0.0104   0.0084   0.0077
   0.0035   0.0016   0.0069   0.0035   0.0017   0.0087   0.9400   0.0079   0.0082
   0.0049   0.0065   0.0066   0.0025   0.0085   0.0094   0.0106   0.9404   0.0076
   0.0054   0.0076   0.0002   0.0044   0.0041   0.0055   0.0070   0.0048   0.9320

eigenvalues of P_markov=  0.924178  0.930147  0.932916  0.945841  0.948481  0.956486  0.965032  0.969894  1.000000
eigenvalues of H_markov=  1.420880  1.122437  0.983953  0.337704  0.205739 -0.194543 -0.621819 -0.864904 -2.370229

eigenval_p,eigenval_h=  1.000000 -2.370229
psi for P_mar=   0.1983   0.1032   0.1423   0.1002   0.1254   0.0900   0.0752   0.1013   0.0642
psiG**2      =   0.1983   0.1032   0.1423   0.1002   0.1254   0.0900   0.0752   0.1013   0.0642
Above 2 lines should be equal since Markov matrix has dominant state psiG**2
The exception to this occurs when there is no sign problem, but some components of psiG have the wrong sign, in which case one has 2 decoupled spaces with degenerate dominant eigenvalues

P_FN3=
   0.9726   0.0047   0.0026   0.0118   0.0047   0.0021   0.0093   0.0096   0.0168
   0.0025   0.9676   0.0028   0.0010   0.0055   0.0024   0.0022   0.0066   0.0123
   0.0019   0.0039   0.9627   0.0032   0.0106   0.0087   0.0130   0.0092   0.0004
   0.0060   0.0009   0.0022   0.9576   0.0057   0.0100   0.0047   0.0025   0.0069
   0.0030   0.0067   0.0093   0.0072   0.9527   0.0064   0.0029   0.0105   0.0081
   0.0010   0.0021   0.0055   0.0090   0.0046   0.9476   0.0104   0.0084   0.0077
   0.0035   0.0016   0.0069   0.0035   0.0017   0.0087   0.9426   0.0078   0.0082
   0.0049   0.0065   0.0066   0.0025   0.0085   0.0095   0.0106   0.9378   0.0076
   0.0055   0.0077   0.0002   0.0044   0.0041   0.0055   0.0070   0.0048   0.9326
E_FN3= -2.370107 -2.370107

eigenvalues of P_FN3=  0.924953  0.928607  0.934245  0.945187  0.948152  0.956431  0.966223  0.969976  0.999998
eigenvalues of H_FN3=  1.382107  1.199446  0.917502  0.370400  0.222188 -0.191763 -0.681374 -0.869021 -2.370107

eigenval_p,eigenval_h=  0.999998 -2.370107
psiFN3_psiG  =   0.2031   0.1072   0.1369   0.1009   0.1201   0.0909   0.0780   0.0974   0.0654

P_FN4=
   0.9726   0.0047   0.0026   0.0118   0.0047   0.0021   0.0093   0.0096   0.0168
   0.0025   0.9676   0.0028   0.0010   0.0055   0.0024   0.0022   0.0067   0.0123
   0.0019   0.0039   0.9626   0.0032   0.0106   0.0087   0.0130   0.0092   0.0004
   0.0060   0.0009   0.0022   0.9576   0.0057   0.0100   0.0047   0.0025   0.0069
   0.0030   0.0067   0.0093   0.0072   0.9526   0.0064   0.0029   0.0105   0.0081
   0.0010   0.0021   0.0055   0.0090   0.0046   0.9476   0.0104   0.0084   0.0077
   0.0035   0.0016   0.0069   0.0035   0.0017   0.0087   0.9426   0.0079   0.0082
   0.0049   0.0065   0.0066   0.0025   0.0085   0.0095   0.0106   0.9376   0.0076
   0.0055   0.0077   0.0002   0.0044   0.0041   0.0055   0.0070   0.0048   0.9326
E_FN4= -2.370229 -2.370229

eigenvalues of P_FN4=  0.924912  0.928440  0.934224  0.945119  0.948103  0.956397  0.966213  0.969951  1.000000
eigenvalues of H_FN4=  1.384192  1.207773  0.918559  0.373842  0.224625 -0.190092 -0.680871 -0.867801 -2.370229

eigenval_p,eigenval_h=  1.000000 -2.370229
psiFN4_psiG  =   0.2032   0.1074   0.1368   0.1009   0.1199   0.0910   0.0783   0.0971   0.0655
FN5: sum_pos  0.000000
FN5: sum_pos  0.000000
FN5: sum_pos  0.000000
FN5: sum_pos  0.000000
FN5: sum_pos  0.000000
FN5: sum_pos  0.000000
FN5: sum_pos  0.000000
FN5: sum_pos  0.000000
FN5: sum_pos  0.000000

P_FN5=
   0.9726   0.0047   0.0026   0.0118   0.0047   0.0021   0.0093   0.0096   0.0168
   0.0025   0.9676   0.0028   0.0010   0.0055   0.0024   0.0022   0.0067   0.0123
   0.0019   0.0039   0.9626   0.0032   0.0106   0.0087   0.0130   0.0092   0.0004
   0.0060   0.0009   0.0022   0.9576   0.0057   0.0100   0.0047   0.0025   0.0069
   0.0030   0.0067   0.0093   0.0072   0.9526   0.0064   0.0029   0.0105   0.0081
   0.0010   0.0021   0.0055   0.0090   0.0046   0.9476   0.0104   0.0084   0.0077
   0.0035   0.0016   0.0069   0.0035   0.0017   0.0087   0.9426   0.0079   0.0082
   0.0049   0.0065   0.0066   0.0025   0.0085   0.0095   0.0106   0.9376   0.0076
   0.0055   0.0077   0.0002   0.0044   0.0041   0.0055   0.0070   0.0048   0.9326
E_FN5= -2.370501 -2.370227

eigenvalues of P_FN5=  0.924928  0.928454  0.934233  0.945124  0.948110  0.956400  0.966215  0.969953  1.000005
eigenvalues of H_FN5=  1.383382  1.207096  0.918134  0.373593  0.224281 -0.190244 -0.680975 -0.867879 -2.370501

eigenval_p,eigenval_h=  1.000005 -2.370501
psiFN5_psiG  =   0.2032   0.1074   0.1367   0.1009   0.1199   0.0910   0.0783   0.0971   0.0655

E_G, E_FN1, E_FN3, E_FN4, E_0, recover_FN1, recover_FN3, recover_FN4, 1-ovlp_FN1, 1-ovlp_FN3, 1-ovlp_FN4, sign_cond_num= -2.367730 -2.370229 -2.370107 -2.370229 -2.370229 1.000 0.951 1.000 0.E+00 1.E-06 1.E-16 1.000

P_propos2=
   0.9719   0.0047   0.0026   0.0118   0.0047   0.0021   0.0093   0.0096   0.0168
   0.0025   0.9660   0.0028   0.0010   0.0055   0.0024   0.0022   0.0067   0.0123
   0.0019   0.0038   0.9639   0.0032   0.0106   0.0087   0.0130   0.0093   0.0004
   0.0060   0.0009   0.0022   0.9574   0.0058   0.0100   0.0047   0.0025   0.0069
   0.0030   0.0067   0.0093   0.0072   0.9544   0.0064   0.0029   0.0106   0.0081
   0.0010   0.0021   0.0055   0.0090   0.0046   0.9467   0.0104   0.0084   0.0077
   0.0035   0.0016   0.0069   0.0035   0.0017   0.0087   0.9400   0.0079   0.0082
   0.0049   0.0065   0.0066   0.0025   0.0085   0.0094   0.0106   0.9402   0.0076
   0.0054   0.0076   0.0002   0.0044   0.0041   0.0055   0.0070   0.0048   0.9320

eigenvalues of P_FN1_propos=  0.924138  0.930001  0.932881  0.945779  0.948420  0.956454  0.965023  0.969865  1.000000
psi for P_FN1_propos=   0.1984   0.1033   0.1421   0.1002   0.1251   0.0901   0.0755   0.1010   0.0643
psiG**2 * P_L       =   0.1984   0.1033   0.1421   0.1002   0.1251   0.0901   0.0755   0.1010   0.0643
Above 2 lines should be equal since proposal part of P_FN1 has dominant state psiG**2 * P_L
The exception to this occurs when there is no sign problem, but some components of psiG have the wrong sign, in which case one has 2 decoupled spaces with degenerate dominant eigenvalues

gradient_vmc_FD, gradient_vmc= -0.055682 -0.055682
E_L_der =         -0.3818   5.3068  -0.4350  -0.1491  -0.8593  -0.3739  -0.3394  -1.0363  -1.9150
E_L_der_increm =  -0.3818   5.3068  -0.4350  -0.1491  -0.8593  -0.3739  -0.3394  -1.0363  -1.9150
The above 2 lines should be equal
psiFN1_psiG  =   0.2032   0.1074   0.1368   0.1009   0.1199   0.0910   0.0783   0.0971   0.0655
psiG_increm**2=                 0.1983    0.1032    0.1423    0.1002    0.1254    0.0900    0.0752    0.1013    0.0642
psiG_increm**2 * P_L_increm=    0.1984    0.1033    0.1421    0.1002    0.1251    0.0900    0.0754    0.1010    0.0643
psiFN_psiG_increm=              0.2032    0.1074    0.1368    0.1009    0.1199    0.0910    0.0783    0.0971    0.0655
W_prod_increm                   1.0251    1.0412    0.9611    1.0068    0.9565    1.0110    1.0401    0.9586    1.0197
W_prod                          1.0251    1.0412    0.9611    1.0068    0.9565    1.0110    1.0401    0.9586    1.0197
W_prod_increm                  1.025065957   1.041175614   0.961103940   1.006826794   0.956520908   1.011028916   1.040051590   0.958639737   1.019749869
W_prod                         1.025065925   1.041175906   0.961103910   1.006826763   0.956520879   1.011028885   1.040051558   0.958639708   1.019749838
W_prod_der=                     0.3157   -2.9211    0.2960    0.3101    0.2946    0.3113    0.3203    0.2952    0.3140

gradient_FN1_1= -0.000000 -0.056304  0.000000 -0.000000  0.000000 -0.000000 -0.000000  0.000000 -0.000000

gradient_FN1_2= -0.002159  0.025367  0.002764 -0.000258  0.003479 -0.001270 -0.003329  0.004186 -0.000629

gradient_FN1_3= -0.077607  0.569955 -0.059492 -0.015041 -0.103027 -0.034009 -0.026561 -0.100660 -0.125406

E_FN1, E_FN1_increm, gradient_FN1_FD, gradient_FN1= -2.370229 -2.370229  0.000000 -0.000000

gradient_FN1_FD, gradient_FN1, 1st+2*2nd terms, gradient_FN1_1, gradient_FN1_2, gradient_FN1_3=  0.000000 -0.000000  0.000000 -0.056304  0.028152  0.028152
------------------------------------------------------------

Data set    2

H=
  -1.0000  -0.0422  -0.0035  -0.4274  -0.0950  -0.1682  -0.1328  -0.1903  -0.2149
  -0.0422  -0.7500  -0.2183  -0.1422  -0.4029  -0.0296  -0.3384  -0.2040  -0.4222
  -0.0035  -0.2183  -0.5000  -0.2688  -0.1295  -0.1714  -0.1435  -0.1958  -0.4634
  -0.4274  -0.1422  -0.2688  -0.2500  -0.1304  -0.0422  -0.2248  -0.0545  -0.1296
  -0.0950  -0.4029  -0.1295  -0.1304   0.0000  -0.4389  -0.1127  -0.3991  -0.4336
  -0.1682  -0.0296  -0.1714  -0.0422  -0.4389   0.2500  -0.2029  -0.0027  -0.3261
  -0.1328  -0.3384  -0.1435  -0.2248  -0.1127  -0.2029   0.5000  -0.3012  -0.1427
  -0.1903  -0.2040  -0.1958  -0.0545  -0.3991  -0.0027  -0.3012   0.7500  -0.4177
  -0.2149  -0.4222  -0.4634  -0.1296  -0.4336  -0.3261  -0.1427  -0.4177   1.0000

eigenval_p,eigenval_h=  1.000000 -1.865285
psi for P    =   0.4188   0.4833   0.3583   0.3105   0.3554   0.2170   0.2267   0.2296   0.2979

eigenvalues of P=  0.933770  0.941972  0.951988  0.953071  0.961893  0.966605  0.971751  0.983198  1.000000
eigenvalues of H=  1.446192  1.036117  0.535291  0.481175  0.040080 -0.195512 -0.452860 -1.025199 -1.865285
tau, tau_max= 0.020000 0.301980
P=
   0.9827   0.0008   0.0001   0.0085   0.0019   0.0034   0.0027   0.0038   0.0043
   0.0008   0.9777   0.0044   0.0028   0.0081   0.0006   0.0068   0.0041   0.0084
   0.0001   0.0044   0.9727   0.0054   0.0026   0.0034   0.0029   0.0039   0.0093
   0.0085   0.0028   0.0054   0.9677   0.0026   0.0008   0.0045   0.0011   0.0026
   0.0019   0.0081   0.0026   0.0026   0.9627   0.0088   0.0023   0.0080   0.0087
   0.0034   0.0006   0.0034   0.0008   0.0088   0.9577   0.0041   0.0001   0.0065
   0.0027   0.0068   0.0029   0.0045   0.0023   0.0041   0.9527   0.0060   0.0029
   0.0038   0.0041   0.0039   0.0011   0.0080   0.0001   0.0060   0.9477   0.0084
   0.0043   0.0084   0.0093   0.0026   0.0087   0.0065   0.0029   0.0084   0.9427

sum_P_eig,sum_abs_P_eig,sign_condition_number=  2.897480  2.897480  1.000000

P after making eigenvec +ve =
   0.9827   0.0008   0.0001   0.0085   0.0019   0.0034   0.0027   0.0038   0.0043
   0.0008   0.9777   0.0044   0.0028   0.0081   0.0006   0.0068   0.0041   0.0084
   0.0001   0.0044   0.9727   0.0054   0.0026   0.0034   0.0029   0.0039   0.0093
   0.0085   0.0028   0.0054   0.9677   0.0026   0.0008   0.0045   0.0011   0.0026
   0.0019   0.0081   0.0026   0.0026   0.9627   0.0088   0.0023   0.0080   0.0087
   0.0034   0.0006   0.0034   0.0008   0.0088   0.9577   0.0041   0.0001   0.0065
   0.0027   0.0068   0.0029   0.0045   0.0023   0.0041   0.9527   0.0060   0.0029
   0.0038   0.0041   0.0039   0.0011   0.0080   0.0001   0.0060   0.9477   0.0084
   0.0043   0.0084   0.0093   0.0026   0.0087   0.0065   0.0029   0.0084   0.9427

1+(E_0*1-H) (i.e. P with tau=1) after making eigenvec +ve =
   0.1347  -0.0422  -0.0035  -0.4274  -0.0950  -0.1682  -0.1328  -0.1903  -0.2149
  -0.0422  -0.1153  -0.2183  -0.1422  -0.4029  -0.0296  -0.3384  -0.2040  -0.4222
  -0.0035  -0.2183  -0.3653  -0.2688  -0.1295  -0.1714  -0.1435  -0.1958  -0.4634
  -0.4274  -0.1422  -0.2688  -0.6153  -0.1304  -0.0422  -0.2248  -0.0545  -0.1296
  -0.0950  -0.4029  -0.1295  -0.1304  -0.8653  -0.4389  -0.1127  -0.3991  -0.4336
  -0.1682  -0.0296  -0.1714  -0.0422  -0.4389  -1.1153  -0.2029  -0.0027  -0.3261
  -0.1328  -0.3384  -0.1435  -0.2248  -0.1127  -0.2029  -1.3653  -0.3012  -0.1427
  -0.1903  -0.2040  -0.1958  -0.0545  -0.3991  -0.0027  -0.3012  -1.6153  -0.4177
  -0.2149  -0.4222  -0.4634  -0.1296  -0.4336  -0.3261  -0.1427  -0.4177  -1.8653
psi0         =   0.4188   0.4833   0.3583   0.3105   0.3554   0.2170   0.2267   0.2296   0.2979
psiG         =   0.4283   0.4837   0.3684   0.3117   0.3452   0.2243   0.2217   0.2199   0.2876

E_G= -1.864097

H_imp=
  -1.0000  -0.0374  -0.0040  -0.5872  -0.1179  -0.3213  -0.2565  -0.3708  -0.3199
  -0.0477  -0.7500  -0.2866  -0.2206  -0.5646  -0.0638  -0.7384  -0.4487  -0.7098
  -0.0030  -0.1663  -0.5000  -0.3177  -0.1383  -0.2817  -0.2385  -0.3280  -0.5935
  -0.3110  -0.0916  -0.2274  -0.2500  -0.1178  -0.0587  -0.3161  -0.0772  -0.1405
  -0.0766  -0.2876  -0.1214  -0.1444   0.0000  -0.6756  -0.1754  -0.6266  -0.5204
  -0.0881  -0.0137  -0.1043  -0.0304  -0.2851   0.2500  -0.2053  -0.0028  -0.2543
  -0.0687  -0.1551  -0.0863  -0.1599  -0.0724  -0.2006   0.5000  -0.3037  -0.1100
  -0.0977  -0.0927  -0.1168  -0.0384  -0.2542  -0.0027  -0.2987   0.7500  -0.3193
  -0.1443  -0.2511  -0.3618  -0.1196  -0.3613  -0.4183  -0.1852  -0.5464   1.0000

P_imp=
   0.9827   0.0007   0.0001   0.0117   0.0024   0.0064   0.0051   0.0074   0.0064
   0.0010   0.9777   0.0057   0.0044   0.0113   0.0013   0.0148   0.0090   0.0142
   0.0001   0.0033   0.9727   0.0064   0.0028   0.0056   0.0048   0.0066   0.0119
   0.0062   0.0018   0.0045   0.9677   0.0024   0.0012   0.0063   0.0015   0.0028
   0.0015   0.0058   0.0024   0.0029   0.9627   0.0135   0.0035   0.0125   0.0104
   0.0018   0.0003   0.0021   0.0006   0.0057   0.9577   0.0041   0.0001   0.0051
   0.0014   0.0031   0.0017   0.0032   0.0014   0.0040   0.9527   0.0061   0.0022
   0.0020   0.0019   0.0023   0.0008   0.0051   0.0001   0.0060   0.9477   0.0064
   0.0029   0.0050   0.0072   0.0024   0.0072   0.0084   0.0037   0.0109   0.9427
tau_av_expon_proj    = 1.194688 0.912808 0.764132 0.617964 0.523144 0.494426 0.414223 0.369805 0.336960
tau_av_expon_proj_new= 1.155689 0.896632 0.732448 0.619086 0.536111 0.472750 0.422782 0.382368 0.349005
factor=                0.966818 0.982121 0.957664 1.001814 1.024482 0.955183 1.020450 1.033401 1.035117
factor2=                 0.9674   0.9823   0.9585   1.0018   1.0248   0.9562   1.0207   1.0340   1.0357

eigenvalues of P_imp=  0.933770  0.941972  0.951988  0.953071  0.961893  0.966605  0.971751  0.983198  1.000000
eigenvalues of H_imp=  1.446192  1.036117  0.535291  0.481175  0.040080 -0.195512 -0.452860 -1.025199 -1.865285

eigenval_p,eigenval_h=  1.000000 -1.865285
psi0_psiG    =   0.1795   0.2338   0.1320   0.0968   0.1227   0.0487   0.0503   0.0505   0.0857

imp-sampled: sum_P_eig,sum_abs_P_eig,sign_condition_number=  1.000000  1.000000  1.000000

P_FN1=
   0.9827   0.0007   0.0001   0.0117   0.0024   0.0064   0.0051   0.0074   0.0064
   0.0010   0.9777   0.0057   0.0044   0.0113   0.0013   0.0148   0.0090   0.0142
   0.0001   0.0033   0.9727   0.0064   0.0028   0.0056   0.0048   0.0066   0.0119
   0.0062   0.0018   0.0045   0.9677   0.0024   0.0012   0.0063   0.0015   0.0028
   0.0015   0.0058   0.0024   0.0029   0.9627   0.0135   0.0035   0.0125   0.0104
   0.0018   0.0003   0.0021   0.0006   0.0057   0.9577   0.0041   0.0001   0.0051
   0.0014   0.0031   0.0017   0.0032   0.0014   0.0040   0.9527   0.0061   0.0022
   0.0020   0.0019   0.0023   0.0008   0.0051   0.0001   0.0060   0.9477   0.0064
   0.0029   0.0050   0.0072   0.0024   0.0072   0.0084   0.0037   0.0109   0.9427

eigenvalues of P_FN1=  0.933770  0.941972  0.951988  0.953071  0.961893  0.966605  0.971751  0.983198  1.000000
eigenvalues of H_FN1=  1.446192  1.036117  0.535291  0.481175  0.040080 -0.195512 -0.452860 -1.025199 -1.865285

eigenval_p,eigenval_h=  1.000000 -1.865285
psiFN1_psiG =    0.1795   0.2338   0.1320   0.0968   0.1227   0.0487   0.0503   0.0505   0.0857

E_0, E_G, E_FN1, E_G-E_0, E_FN1-E_0, rms fluctuation of E_L  -1.86528  -1.86410  -1.86528   0.00119   0.00000   0.05251
E_L     =  -1.8370  -1.8455  -1.8087  -1.8682  -1.9115  -1.7725  -1.9142  -1.9541  -1.9677
P_L     =   0.9994   0.9996   0.9989   1.0001   1.0009   0.9981   1.0010   1.0018   1.0020
P_abs_L =   0.9994   0.9996   0.9989   1.0001   1.0009   0.9981   1.0010   1.0018   1.0020

P_propos=
   0.9832   0.0007   0.0001   0.0117   0.0024   0.0064   0.0051   0.0074   0.0064
   0.0010   0.9781   0.0057   0.0044   0.0113   0.0013   0.0148   0.0090   0.0142
   0.0001   0.0033   0.9738   0.0064   0.0028   0.0056   0.0048   0.0065   0.0118
   0.0062   0.0018   0.0046   0.9676   0.0024   0.0012   0.0063   0.0015   0.0028
   0.0015   0.0058   0.0024   0.0029   0.9618   0.0135   0.0035   0.0125   0.0104
   0.0018   0.0003   0.0021   0.0006   0.0057   0.9595   0.0041   0.0001   0.0051
   0.0014   0.0031   0.0017   0.0032   0.0014   0.0040   0.9518   0.0061   0.0022
   0.0020   0.0019   0.0023   0.0008   0.0051   0.0001   0.0060   0.9460   0.0064
   0.0029   0.0050   0.0072   0.0024   0.0072   0.0084   0.0037   0.0109   0.9408
sum P_propos  1.000000  1.000000  1.000000  1.000000  1.000000  1.000000  1.000000  1.000000  1.000000
E_FN1= -1.865285 -1.865285
psiG**2=         0.1835   0.2339   0.1358   0.0972   0.1192   0.0503   0.0491   0.0483   0.0827
psiG**2 * P_L=   0.1834   0.2338   0.1356   0.0972   0.1193   0.0502   0.0492   0.0484   0.0829
psiFN_psiG=      0.1795   0.2338   0.1320   0.0968   0.1227   0.0487   0.0503   0.0505   0.0857
P_L=             0.9994   0.9996   0.9989   1.0001   1.0009   0.9981   1.0010   1.0018   1.0020
W_prod=          0.9781   0.9994   0.9727   0.9965   1.0300   0.9679   1.0228   1.0445   1.0358

P_markov=
   0.9833   0.0007   0.0001   0.0117   0.0024   0.0064   0.0051   0.0074   0.0064
   0.0010   0.9781   0.0057   0.0044   0.0113   0.0013   0.0148   0.0090   0.0142
   0.0001   0.0033   0.9738   0.0064   0.0028   0.0056   0.0048   0.0065   0.0118
   0.0062   0.0018   0.0045   0.9676   0.0024   0.0012   0.0063   0.0015   0.0028
   0.0015   0.0057   0.0024   0.0029   0.9618   0.0135   0.0035   0.0125   0.0104
   0.0018   0.0003   0.0021   0.0006   0.0057   0.9596   0.0041   0.0001   0.0051
   0.0014   0.0031   0.0017   0.0032   0.0014   0.0040   0.9518   0.0061   0.0022
   0.0020   0.0019   0.0023   0.0008   0.0051   0.0001   0.0060   0.9460   0.0064
   0.0029   0.0050   0.0072   0.0024   0.0072   0.0083   0.0037   0.0109   0.9408

eigenvalues of P_markov=  0.932175  0.940818  0.951074  0.953509  0.962080  0.966927  0.972567  0.983671  1.000000
eigenvalues of H_markov=  1.525978  1.093829  0.581018  0.459274  0.030732 -0.211625 -0.493652 -1.048833 -1.865285

eigenval_p,eigenval_h=  1.000000 -1.865285
psi for P_mar=   0.1835   0.2339   0.1358   0.0972   0.1192   0.0503   0.0491   0.0483   0.0827
psiG**2      =   0.1835   0.2339   0.1358   0.0972   0.1192   0.0503   0.0491   0.0483   0.0827
Above 2 lines should be equal since Markov matrix has dominant state psiG**2
The exception to this occurs when there is no sign problem, but some components of psiG have the wrong sign, in which case one has 2 decoupled spaces with degenerate dominant eigenvalues

P_FN3=
   0.9827   0.0007   0.0001   0.0117   0.0024   0.0064   0.0051   0.0074   0.0064
   0.0010   0.9777   0.0057   0.0044   0.0113   0.0013   0.0148   0.0090   0.0142
   0.0001   0.0033   0.9727   0.0064   0.0028   0.0056   0.0048   0.0066   0.0119
   0.0062   0.0018   0.0045   0.9677   0.0024   0.0012   0.0063   0.0015   0.0028
   0.0015   0.0057   0.0024   0.0029   0.9627   0.0135   0.0035   0.0125   0.0104
   0.0018   0.0003   0.0021   0.0006   0.0057   0.9578   0.0041   0.0001   0.0051
   0.0014   0.0031   0.0017   0.0032   0.0014   0.0040   0.9527   0.0061   0.0022
   0.0019   0.0019   0.0023   0.0008   0.0051   0.0001   0.0060   0.9477   0.0064
   0.0029   0.0050   0.0072   0.0024   0.0072   0.0083   0.0037   0.0109   0.9427
E_FN3= -1.865231 -1.865231

eigenvalues of P_FN3=  0.933787  0.941993  0.952005  0.953132  0.961916  0.966639  0.971791  0.983219  0.999999
eigenvalues of H_FN3=  1.445370  1.035068  0.534460  0.478122  0.038906 -0.197225 -0.454817 -1.026223 -1.865231

eigenval_p,eigenval_h=  0.999999 -1.865231
psiFN3_psiG  =   0.1796   0.2339   0.1322   0.0968   0.1226   0.0488   0.0502   0.0504   0.0855

P_FN4=
   0.9827   0.0007   0.0001   0.0117   0.0024   0.0064   0.0051   0.0074   0.0064
   0.0010   0.9777   0.0057   0.0044   0.0113   0.0013   0.0148   0.0090   0.0142
   0.0001   0.0033   0.9727   0.0064   0.0028   0.0056   0.0048   0.0066   0.0119
   0.0062   0.0018   0.0045   0.9677   0.0024   0.0012   0.0063   0.0015   0.0028
   0.0015   0.0058   0.0024   0.0029   0.9627   0.0135   0.0035   0.0125   0.0104
   0.0018   0.0003   0.0021   0.0006   0.0057   0.9577   0.0041   0.0001   0.0051
   0.0014   0.0031   0.0017   0.0032   0.0014   0.0040   0.9527   0.0061   0.0022
   0.0020   0.0019   0.0023   0.0008   0.0051   0.0001   0.0060   0.9477   0.0064
   0.0029   0.0050   0.0072   0.0024   0.0072   0.0084   0.0037   0.0109   0.9427
E_FN4= -1.865285 -1.865285

eigenvalues of P_FN4=  0.933770  0.941972  0.951988  0.953071  0.961893  0.966605  0.971751  0.983198  1.000000
eigenvalues of H_FN4=  1.446192  1.036117  0.535291  0.481175  0.040080 -0.195512 -0.452860 -1.025199 -1.865285

eigenval_p,eigenval_h=  1.000000 -1.865285
psiFN4_psiG  =   0.1795   0.2338   0.1320   0.0968   0.1227   0.0487   0.0503   0.0505   0.0857
FN5: sum_pos  0.000000
FN5: sum_pos  0.000000
FN5: sum_pos  0.000000
FN5: sum_pos  0.000000
FN5: sum_pos  0.000000
FN5: sum_pos  0.000000
FN5: sum_pos  0.000000
FN5: sum_pos  0.000000
FN5: sum_pos  0.000000

P_FN5=
   0.9827   0.0007   0.0001   0.0117   0.0024   0.0064   0.0051   0.0074   0.0064
   0.0010   0.9777   0.0057   0.0044   0.0113   0.0013   0.0148   0.0090   0.0142
   0.0001   0.0033   0.9727   0.0064   0.0028   0.0056   0.0048   0.0066   0.0119
   0.0062   0.0018   0.0045   0.9677   0.0024   0.0012   0.0063   0.0015   0.0028
   0.0015   0.0058   0.0024   0.0029   0.9627   0.0135   0.0035   0.0125   0.0104
   0.0018   0.0003   0.0021   0.0006   0.0057   0.9577   0.0041   0.0001   0.0051
   0.0014   0.0031   0.0017   0.0032   0.0014   0.0040   0.9527   0.0061   0.0022
   0.0020   0.0019   0.0023   0.0008   0.0051   0.0001   0.0060   0.9477   0.0064
   0.0029   0.0050   0.0072   0.0024   0.0072   0.0084   0.0037   0.0109   0.9427
E_FN5= -1.865392 -1.865287

eigenvalues of P_FN5=  0.933779  0.941978  0.951993  0.953074  0.961894  0.966607  0.971752  0.983199  1.000002
eigenvalues of H_FN5=  1.445755  1.035834  0.535046  0.481001  0.040029 -0.195613 -0.452887 -1.025217 -1.865392

eigenval_p,eigenval_h=  1.000002 -1.865392
psiFN5_psiG  =   0.1794   0.2338   0.1320   0.0968   0.1227   0.0487   0.0503   0.0505   0.0857

E_G, E_FN1, E_FN3, E_FN4, E_0, recover_FN1, recover_FN3, recover_FN4, 1-ovlp_FN1, 1-ovlp_FN3, 1-ovlp_FN4, sign_cond_num= -1.864097 -1.865285 -1.865231 -1.865285 -1.865285 1.000 0.955 1.000 0.E+00 3.E-07 2.E-16 1.000

P_propos2=
   0.9832   0.0007   0.0001   0.0117   0.0024   0.0064   0.0051   0.0074   0.0064
   0.0010   0.9781   0.0057   0.0044   0.0113   0.0013   0.0148   0.0090   0.0142
   0.0001   0.0033   0.9738   0.0064   0.0028   0.0056   0.0048   0.0065   0.0118
   0.0062   0.0018   0.0046   0.9676   0.0024   0.0012   0.0063   0.0015   0.0028
   0.0015   0.0058   0.0024   0.0029   0.9618   0.0135   0.0035   0.0125   0.0104
   0.0018   0.0003   0.0021   0.0006   0.0057   0.9595   0.0041   0.0001   0.0051
   0.0014   0.0031   0.0017   0.0032   0.0014   0.0040   0.9518   0.0061   0.0022
   0.0020   0.0019   0.0023   0.0008   0.0051   0.0001   0.0060   0.9460   0.0064
   0.0029   0.0050   0.0072   0.0024   0.0072   0.0084   0.0037   0.0109   0.9408

eigenvalues of P_FN1_propos=  0.932160  0.940799  0.951061  0.953446  0.962057  0.966887  0.972528  0.983650  1.000000
psi for P_FN1_propos=   0.1834   0.2338   0.1356   0.0972   0.1193   0.0502   0.0492   0.0484   0.0829
psiG**2 * P_L       =   0.1834   0.2338   0.1356   0.0972   0.1193   0.0502   0.0492   0.0484   0.0829
Above 2 lines should be equal since proposal part of P_FN1 has dominant state psiG**2 * P_L
The exception to this occurs when there is no sign problem, but some components of psiG have the wrong sign, in which case one has 2 decoupled spaces with degenerate dominant eigenvalues

gradient_vmc_FD, gradient_vmc=  0.017969  0.017969
E_L_der =         -0.0985   2.2650  -0.5925  -0.4561  -1.1673  -0.1319  -1.5266  -0.9276  -1.4676
E_L_der_increm =  -0.0985   2.2650  -0.5925  -0.4561  -1.1673  -0.1319  -1.5266  -0.9276  -1.4676
The above 2 lines should be equal
psiFN1_psiG  =   0.1795   0.2338   0.1320   0.0968   0.1227   0.0487   0.0503   0.0505   0.0857
psiG_increm**2=                 0.1835    0.2339    0.1358    0.0972    0.1192    0.0503    0.0491    0.0483    0.0827
psiG_increm**2 * P_L_increm=    0.1834    0.2338    0.1356    0.0972    0.1193    0.0502    0.0492    0.0484    0.0829
psiFN_psiG_increm=              0.1795    0.2338    0.1320    0.0968    0.1227    0.0487    0.0503    0.0505    0.0857
W_prod_increm                   0.9781    0.9994    0.9727    0.9965    1.0300    0.9679    1.0228    1.0445    1.0358
W_prod                          0.9781    0.9994    0.9727    0.9965    1.0300    0.9679    1.0228    1.0445    1.0358
W_prod_increm                  0.978147761   0.999437695   0.972705729   0.996463027   1.029968885   0.967948448   1.022755615   1.044511364   1.035773437
W_prod                         0.978147713   0.999437853   0.972705681   0.996462979   1.029968835   0.967948401   1.022755565   1.044511314   1.035773387
W_prod_der=                     0.4734   -1.5827    0.4707    0.4822    0.4984    0.4684    0.4950    0.5055    0.5013

gradient_FN1_1=  0.000000  0.019108  0.000000 -0.000000 -0.000000  0.000000 -0.000000 -0.000000 -0.000000

gradient_FN1_2=  0.002453 -0.007318  0.003618 -0.000137 -0.002746  0.002185 -0.001189 -0.002171 -0.004248

gradient_FN1_3= -0.017682  0.529568 -0.078242 -0.044162 -0.143261 -0.006421 -0.076732 -0.046846 -0.125776

E_FN1, E_FN1_increm, gradient_FN1_FD, gradient_FN1= -1.865285 -1.865285 -0.000001 -0.000000

gradient_FN1_FD, gradient_FN1, 1st+2*2nd terms, gradient_FN1_1, gradient_FN1_2, gradient_FN1_3= -0.000001 -0.000000 -0.000000  0.019108 -0.009554 -0.009554
------------------------------------------------------------

Data set    3

H=
  -1.0000  -0.2096  -0.1782  -0.3311  -0.1256  -0.2787  -0.4192  -0.2927  -0.4355
  -0.2096  -0.7500  -0.2384  -0.4219  -0.0984  -0.2966  -0.0313  -0.3513  -0.1554
  -0.1782  -0.2384  -0.5000  -0.0144  -0.3095  -0.3663  -0.0021  -0.4402  -0.3295
  -0.3311  -0.4219  -0.0144  -0.2500  -0.3195  -0.0229  -0.1952  -0.1409  -0.2890
  -0.1256  -0.0984  -0.3095  -0.3195   0.0000  -0.4433  -0.3528  -0.4493  -0.4009
  -0.2787  -0.2966  -0.3663  -0.0229  -0.4433   0.2500  -0.2414  -0.4737  -0.1322
  -0.4192  -0.0313  -0.0021  -0.1952  -0.3528  -0.2414   0.5000  -0.2409  -0.3926
  -0.2927  -0.3513  -0.4402  -0.1409  -0.4493  -0.4737  -0.2409   0.7500  -0.3974
  -0.4355  -0.1554  -0.3295  -0.2890  -0.4009  -0.1322  -0.3926  -0.3974   1.0000

eigenval_p,eigenval_h=  1.000000 -2.302216
psi for P    =   0.5041   0.3757   0.3390   0.2938   0.3257   0.2972   0.2289   0.2998   0.2584

eigenvalues of P=  0.925993  0.932576  0.939197  0.940960  0.951968  0.958953  0.966388  0.969566  1.000000
eigenvalues of H=  1.398133  1.068965  0.737940  0.649780  0.099378 -0.249862 -0.621622 -0.780496 -2.302216
tau, tau_max= 0.020000 0.270245
P=
   0.9740   0.0042   0.0036   0.0066   0.0025   0.0056   0.0084   0.0059   0.0087
   0.0042   0.9690   0.0048   0.0084   0.0020   0.0059   0.0006   0.0070   0.0031
   0.0036   0.0048   0.9640   0.0003   0.0062   0.0073   0.0000   0.0088   0.0066
   0.0066   0.0084   0.0003   0.9590   0.0064   0.0005   0.0039   0.0028   0.0058
   0.0025   0.0020   0.0062   0.0064   0.9540   0.0089   0.0071   0.0090   0.0080
   0.0056   0.0059   0.0073   0.0005   0.0089   0.9490   0.0048   0.0095   0.0026
   0.0084   0.0006   0.0000   0.0039   0.0071   0.0048   0.9440   0.0048   0.0079
   0.0059   0.0070   0.0088   0.0028   0.0090   0.0095   0.0048   0.9390   0.0079
   0.0087   0.0031   0.0066   0.0058   0.0080   0.0026   0.0079   0.0079   0.9340

sum_P_eig,sum_abs_P_eig,sign_condition_number=  2.922681  2.922681  1.000000

P after making eigenvec +ve =
   0.9740   0.0042   0.0036   0.0066   0.0025   0.0056   0.0084   0.0059   0.0087
   0.0042   0.9690   0.0048   0.0084   0.0020   0.0059   0.0006   0.0070   0.0031
   0.0036   0.0048   0.9640   0.0003   0.0062   0.0073   0.0000   0.0088   0.0066
   0.0066   0.0084   0.0003   0.9590   0.0064   0.0005   0.0039   0.0028   0.0058
   0.0025   0.0020   0.0062   0.0064   0.9540   0.0089   0.0071   0.0090   0.0080
   0.0056   0.0059   0.0073   0.0005   0.0089   0.9490   0.0048   0.0095   0.0026
   0.0084   0.0006   0.0000   0.0039   0.0071   0.0048   0.9440   0.0048   0.0079
   0.0059   0.0070   0.0088   0.0028   0.0090   0.0095   0.0048   0.9390   0.0079
   0.0087   0.0031   0.0066   0.0058   0.0080   0.0026   0.0079   0.0079   0.9340

1+(E_0*1-H) (i.e. P with tau=1) after making eigenvec +ve =
  -0.3022  -0.2096  -0.1782  -0.3311  -0.1256  -0.2787  -0.4192  -0.2927  -0.4355
  -0.2096  -0.5522  -0.2384  -0.4219  -0.0984  -0.2966  -0.0313  -0.3513  -0.1554
  -0.1782  -0.2384  -0.8022  -0.0144  -0.3095  -0.3663  -0.0021  -0.4402  -0.3295
  -0.3311  -0.4219  -0.0144  -1.0522  -0.3195  -0.0229  -0.1952  -0.1409  -0.2890
  -0.1256  -0.0984  -0.3095  -0.3195  -1.3022  -0.4433  -0.3528  -0.4493  -0.4009
  -0.2787  -0.2966  -0.3663  -0.0229  -0.4433  -1.5522  -0.2414  -0.4737  -0.1322
  -0.4192  -0.0313  -0.0021  -0.1952  -0.3528  -0.2414  -1.8022  -0.2409  -0.3926
  -0.2927  -0.3513  -0.4402  -0.1409  -0.4493  -0.4737  -0.2409  -2.0522  -0.3974
  -0.4355  -0.1554  -0.3295  -0.2890  -0.4009  -0.1322  -0.3926  -0.3974  -2.3022
psi0         =   0.5041   0.3757   0.3390   0.2938   0.3257   0.2972   0.2289   0.2998   0.2584
psiG         =   0.5019   0.3632   0.3466   0.2894   0.3374   0.2952   0.2314   0.2922   0.2691

E_G= -2.300888

H_imp=
  -1.0000  -0.2896  -0.2579  -0.5743  -0.1868  -0.4738  -0.9090  -0.5028  -0.8122
  -0.1517  -0.7500  -0.2497  -0.5296  -0.1059  -0.3649  -0.0491  -0.4367  -0.2097
  -0.1231  -0.2275  -0.5000  -0.0173  -0.3180  -0.4302  -0.0031  -0.5222  -0.4244
  -0.1909  -0.3362  -0.0120  -0.2500  -0.2740  -0.0225  -0.2441  -0.1395  -0.3108
  -0.0845  -0.0914  -0.3013  -0.3726   0.0000  -0.5067  -0.5144  -0.5189  -0.5027
  -0.1639  -0.2410  -0.3119  -0.0234  -0.3878   0.2500  -0.3078  -0.4786  -0.1450
