Input hamiltonian
hamiltonian=random                                                                          
Input ndim, E_T, tau
ndim, E_T, tau=    9-20.000000 0.100000
Input fraction_positive, off_diag_mag, psiG_noise
fraction_positive, off_diag_mag,psiG_noise= 0.500000 0.500000 0.200000
psiG_correct_sign
psiG_correct_sign= F
Input irand_seed
irand_seed=1425565376542456

Data set    1

H=
  -1.0000   0.0800   0.1401  -0.1696   0.0630   0.1789  -0.0366  -0.0928  -0.2290
   0.0800  -0.7500   0.0859   0.2028  -0.0542   0.1379   0.1569  -0.0799  -0.2353
   0.1401   0.0859  -0.5000   0.1165  -0.2461  -0.0961  -0.2234  -0.1402   0.2370
  -0.1696   0.2028   0.1165  -0.2500  -0.0711  -0.2226   0.0454   0.1250  -0.0263
   0.0630  -0.0542  -0.2461  -0.0711   0.0000  -0.0210   0.1375  -0.2232  -0.0393
   0.1789   0.1379  -0.0961  -0.2226  -0.0210   0.2500  -0.2276  -0.1955  -0.0772
  -0.0366   0.1569  -0.2234   0.0454   0.1375  -0.2276   0.5000  -0.2075  -0.1275
  -0.0928  -0.0799  -0.1402   0.1250  -0.2232  -0.1955  -0.2075   0.7500  -0.0525
  -0.2290  -0.2353   0.2370  -0.0263  -0.0393  -0.0772  -0.1275  -0.0525   1.0000

eigenval_p,eigenval_h=  1.000000 -1.153737
psi for P    =   0.8957  -0.1375  -0.3155   0.2159  -0.1095  -0.0884  -0.0127  -0.0197   0.1112

eigenvalues of P=  0.769177  0.788823  0.815857  0.869667  0.882611  0.912200  0.945585  0.977718  1.000000
eigenvalues of H=  1.154489  0.958038  0.687698  0.149593  0.020158 -0.275736 -0.609584 -0.930919 -1.153737
tau, tau_max= 0.100000 0.433233
P=
   0.9846  -0.0080  -0.0140   0.0170  -0.0063  -0.0179   0.0037   0.0093   0.0229
  -0.0080   0.9596  -0.0086  -0.0203   0.0054  -0.0138  -0.0157   0.0080   0.0235
  -0.0140  -0.0086   0.9346  -0.0117   0.0246   0.0096   0.0223   0.0140  -0.0237
   0.0170  -0.0203  -0.0117   0.9096   0.0071   0.0223  -0.0045  -0.0125   0.0026
  -0.0063   0.0054   0.0246   0.0071   0.8846   0.0021  -0.0138   0.0223   0.0039
  -0.0179  -0.0138   0.0096   0.0223   0.0021   0.8596   0.0228   0.0196   0.0077
   0.0037  -0.0157   0.0223  -0.0045  -0.0138   0.0228   0.8346   0.0207   0.0128
   0.0093   0.0080   0.0140  -0.0125   0.0223   0.0196   0.0207   0.8096   0.0053
   0.0229   0.0235  -0.0237   0.0026   0.0039   0.0077   0.0128   0.0053   0.7846

sum_P_eig,sum_abs_P_eig,sign_condition_number=  1.905979  1.990917  0.646621

P after making eigenvec +ve =
   0.9846   0.0080   0.0140   0.0170   0.0063   0.0179  -0.0037  -0.0093   0.0229
   0.0080   0.9596  -0.0086   0.0203   0.0054  -0.0138  -0.0157   0.0080  -0.0235
   0.0140  -0.0086   0.9346   0.0117   0.0246   0.0096   0.0223   0.0140   0.0237
   0.0170   0.0203   0.0117   0.9096  -0.0071  -0.0223   0.0045   0.0125   0.0026
   0.0063   0.0054   0.0246  -0.0071   0.8846   0.0021  -0.0138   0.0223  -0.0039
   0.0179  -0.0138   0.0096  -0.0223   0.0021   0.8596   0.0228   0.0196  -0.0077
  -0.0037  -0.0157   0.0223   0.0045  -0.0138   0.0228   0.8346   0.0207  -0.0128
  -0.0093   0.0080   0.0140   0.0125   0.0223   0.0196   0.0207   0.8096  -0.0053
   0.0229  -0.0235   0.0237   0.0026  -0.0039  -0.0077  -0.0128  -0.0053   0.7846

1+(E_0*1-H) (i.e. P with tau=1) after making eigenvec +ve =
   0.8463  -0.0800  -0.1401  -0.1696  -0.0630  -0.1789   0.0366   0.0928  -0.2290
  -0.0800   0.5963   0.0859  -0.2028  -0.0542   0.1379   0.1569  -0.0799   0.2353
  -0.1401   0.0859   0.3463  -0.1165  -0.2461  -0.0961  -0.2234  -0.1402  -0.2370
  -0.1696  -0.2028  -0.1165   0.0963   0.0711   0.2226  -0.0454  -0.1250  -0.0263
  -0.0630  -0.0542  -0.2461   0.0711  -0.1537  -0.0210   0.1375  -0.2232   0.0393
  -0.1789   0.1379  -0.0961   0.2226  -0.0210  -0.4037  -0.2276  -0.1955   0.0772
   0.0366   0.1569  -0.2234  -0.0454   0.1375  -0.2276  -0.6537  -0.2075   0.1275
   0.0928  -0.0799  -0.1402  -0.1250  -0.2232  -0.1955  -0.2075  -0.9037   0.0525
  -0.2290   0.2353  -0.2370  -0.0263   0.0393   0.0772   0.1275   0.0525  -1.1537
psi0         =   0.8957   0.1375   0.3155   0.2159   0.1095   0.0884   0.0127   0.0197   0.1112
psiG         =   0.8434   0.0429   0.4203   0.2014   0.2114   0.0611  -0.0703   0.1034   0.0743

E_G= -1.101429

H_imp=
  -1.0000  -1.5737  -0.2812  -0.7104  -0.2514  -2.4705  -0.4384   0.7568  -2.5993
  -0.0041  -0.7500   0.0088  -0.0432  -0.0110   0.0967  -0.0956  -0.0331   0.1357
  -0.0698   0.8423  -0.5000  -0.2432  -0.4893  -0.6612   1.3351  -0.5697  -1.3407
  -0.0405  -0.9529  -0.0558  -0.2500   0.0677   0.7340   0.1300  -0.2434  -0.0714
  -0.0158  -0.2675  -0.1238   0.0746   0.0000  -0.0728  -0.4134  -0.4562   0.1118
  -0.0130   0.1965  -0.0140   0.0675  -0.0061   0.2500   0.1977  -0.1155   0.0635
  -0.0030  -0.2574   0.0374   0.0159  -0.0457   0.2620   0.5000   0.1411  -0.1207
   0.0114  -0.1928  -0.0345  -0.0642  -0.1092  -0.3311   0.3051   0.7500   0.0732
  -0.0202   0.4078  -0.0419  -0.0097   0.0138   0.0939  -0.1347   0.0377   1.0000

P_imp=
   0.9846   0.1574   0.0281   0.0710   0.0251   0.2470   0.0438  -0.0757   0.2599
   0.0004   0.9596  -0.0009   0.0043   0.0011  -0.0097   0.0096   0.0033  -0.0136
   0.0070  -0.0842   0.9346   0.0243   0.0489   0.0661  -0.1335   0.0570   0.1341
   0.0041   0.0953   0.0056   0.9096  -0.0068  -0.0734  -0.0130   0.0243   0.0071
   0.0016   0.0267   0.0124  -0.0075   0.8846   0.0073   0.0413   0.0456  -0.0112
   0.0013  -0.0196   0.0014  -0.0068   0.0006   0.8596  -0.0198   0.0115  -0.0064
   0.0003   0.0257  -0.0037  -0.0016   0.0046  -0.0262   0.8346  -0.0141   0.0121
  -0.0011   0.0193   0.0035   0.0064   0.0109   0.0331  -0.0305   0.8096  -0.0073
   0.0020  -0.0408   0.0042   0.0010  -0.0014  -0.0094   0.0135  -0.0038   0.7846
tau_av_expon_proj    = 5.625419 0.213180 1.674004 0.813869 1.005927 0.211766 0.327860 0.424917 0.221416
tau_av_expon_proj_new= 6.504622 2.476861 1.529668 1.106517 0.866749 0.712384 0.604691 0.525283 0.464309
factor=                1.144727 2.494108 0.909957 1.302749 0.851653 2.019271 1.580601 1.210545 1.687299
factor2=                 1.1563  11.6186   0.9138   1.3596   0.8616   3.3640   1.8444   1.2362   2.0970

eigenvalues of P_imp=  0.769177  0.788823  0.815857  0.869667  0.882611  0.912200  0.945585  0.977718  1.000000
eigenvalues of H_imp=  1.154489  0.958038  0.687698  0.149593  0.020158 -0.275736 -0.609584 -0.930919 -1.153737

eigenval_p,eigenval_h=  1.000000 -1.153737
psi0_psiG    =   0.7731   0.0060   0.1357   0.0445   0.0237   0.0055  -0.0009   0.0021   0.0085

imp-sampled: sum_P_eig,sum_abs_P_eig,sign_condition_number=  1.000000  1.008797  0.916141

P_FN1=
   0.9835   0.1574   0.0281   0.0710   0.0251   0.2470   0.0438   0.0000   0.2599
   0.0004   0.8150   0.0000   0.0043   0.0011   0.0000   0.0096   0.0033   0.0000
   0.0070   0.0000   0.9300   0.0243   0.0489   0.0661   0.0000   0.0570   0.1341
   0.0041   0.0953   0.0056   0.8938   0.0000   0.0000   0.0000   0.0243   0.0071
   0.0016   0.0267   0.0124   0.0000   0.8765   0.0073   0.0413   0.0456   0.0000
   0.0013   0.0000   0.0014   0.0000   0.0006   0.7410   0.0000   0.0115   0.0000
   0.0003   0.0257   0.0000   0.0000   0.0046   0.0000   0.6378   0.0000   0.0121
   0.0000   0.0193   0.0035   0.0064   0.0109   0.0331   0.0000   0.7161   0.0000
   0.0020   0.0000   0.0042   0.0010   0.0000   0.0000   0.0135   0.0000   0.7462

eigenvalues of P_FN1=  0.634187  0.701996  0.741480  0.749935  0.810541  0.870459  0.894490  0.938294  0.998456
eigenvalues of H_FN1=  2.504396  1.826302  1.431461  1.346910  0.740857  0.141669 -0.098634 -0.536675 -1.138293

eigenval_p,eigenval_h=  0.998456 -1.138293
psiFN1_psiG =    0.7705   0.0030   0.1383   0.0416   0.0271   0.0049   0.0015   0.0045   0.0087

E_0, E_G, E_FN1, E_G-E_0, E_FN1-E_0, rms fluctuation of E_L  -1.15374  -1.10143  -1.13829   0.05231   0.01544   0.23804
E_L     =  -1.1550  -2.5476  -1.0051  -1.1627  -0.8311  -2.0990   1.3857   0.2677  -2.7479
P_L     =   1.0017   1.1409   0.9867   1.0024   0.9693   1.0961   0.7476   0.8594   1.1610
P_abs_L =   1.0013   1.2841   0.9897   1.0167   0.9759   1.2132   0.9428   0.9514   1.1978

P_propos=
   0.9834   0.1226   0.0284   0.0699   0.0258   0.2036   0.0465   0.0000   0.2170
   0.0004   0.7473   0.0000   0.0042   0.0011   0.0000   0.0101   0.0035   0.0000
   0.0070   0.0000   0.9443   0.0239   0.0501   0.0545   0.0000   0.0599   0.1119
   0.0040   0.0742   0.0056   0.8947   0.0000   0.0000   0.0000   0.0256   0.0060
   0.0016   0.0208   0.0125   0.0000   0.9065   0.0060   0.0438   0.0479   0.0000
   0.0013   0.0000   0.0014   0.0000   0.0006   0.7086   0.0000   0.0121   0.0000
   0.0003   0.0200   0.0000   0.0000   0.0047   0.0000   0.8852   0.0000   0.0101
   0.0000   0.0150   0.0035   0.0063   0.0112   0.0273   0.0000   0.8510   0.0000
   0.0020   0.0000   0.0042   0.0010   0.0000   0.0000   0.0143   0.0000   0.6550
sum P_propos  1.000000  1.000000  1.000000  1.000000  1.000000  1.000000  1.000000  1.000000  1.000000
E_FN1= -1.138293 -1.138293
psiG**2=         0.7113   0.0018   0.1767   0.0406   0.0447   0.0037   0.0049   0.0107   0.0055
psiG**2 * P_L=   0.7125   0.0021   0.1743   0.0407   0.0433   0.0041   0.0037   0.0092   0.0064
psiFN_psiG=      0.7705   0.0030   0.1383   0.0416   0.0271   0.0049   0.0015   0.0045   0.0087
P_L=             1.0017   1.1409   0.9867   1.0024   0.9693   1.0961   0.7476   0.8594   1.1610
W_prod=          1.0831   1.6361   0.7827   1.0250   0.6071   1.3110   0.3035   0.4171   1.5756

P_markov=
   0.9841   0.1226   0.0281   0.0699   0.0251   0.2036   0.0438   0.0000   0.2170
   0.0003   0.7473   0.0000   0.0034   0.0009   0.0000   0.0074   0.0026   0.0000
   0.0070   0.0000   0.9458   0.0239   0.0494   0.0545   0.0000   0.0576   0.1119
   0.0040   0.0742   0.0055   0.8957   0.0000   0.0000   0.0000   0.0239   0.0060
   0.0016   0.0208   0.0125   0.0000   0.9082   0.0060   0.0424   0.0467   0.0000
   0.0011   0.0000   0.0012   0.0000   0.0005   0.7086   0.0000   0.0095   0.0000
   0.0003   0.0200   0.0000   0.0000   0.0047   0.0000   0.8952   0.0000   0.0101
   0.0000   0.0150   0.0035   0.0063   0.0112   0.0273   0.0000   0.8597   0.0000
   0.0017   0.0000   0.0035   0.0008   0.0000   0.0000   0.0112   0.0000   0.6550

eigenvalues of P_markov=  0.652187  0.705946  0.744397  0.848527  0.886825  0.895353  0.910143  0.956205  1.000000
eigenvalues of H_markov=  2.324392  1.786807  1.402294  0.360995 -0.021984 -0.107268 -0.255168 -0.715783 -1.153737

eigenval_p,eigenval_h=  1.000000 -1.138293
psi for P_mar=   0.7113   0.0018   0.1767   0.0406   0.0447   0.0037   0.0049   0.0107   0.0055
psiG**2      =   0.7113   0.0018   0.1767   0.0406   0.0447   0.0037   0.0049   0.0107   0.0055
Above 2 lines should be equal since Markov matrix has dominant state psiG**2
The exception to this occurs when there is no sign problem, but some components of psiG have the wrong sign, in which case one has 2 decoupled spaces with degenerate dominant eigenvalues

P_FN3=
   0.9857   0.1398   0.0277   0.0700   0.0243   0.2232   0.0327   0.0000   0.2519
   0.0003   0.8527   0.0000   0.0034   0.0008   0.0000   0.0056   0.0022   0.0000
   0.0070   0.0000   0.9332   0.0240   0.0479   0.0597   0.0000   0.0495   0.1299
   0.0040   0.0847   0.0054   0.8979   0.0000   0.0000   0.0000   0.0206   0.0069
   0.0016   0.0238   0.0123   0.0000   0.8803   0.0066   0.0317   0.0402   0.0000
   0.0011   0.0000   0.0011   0.0000   0.0005   0.7766   0.0000   0.0082   0.0000
   0.0003   0.0229   0.0000   0.0000   0.0045   0.0000   0.6692   0.0000   0.0117
   0.0000   0.0171   0.0034   0.0063   0.0108   0.0299   0.0000   0.7388   0.0000
   0.0017   0.0000   0.0035   0.0008   0.0000   0.0000   0.0084   0.0000   0.7605
E_FN3= -1.135703 -1.135703

eigenvalues of P_FN3=  0.666757  0.729546  0.757104  0.780305  0.846311  0.874782  0.899308  0.941077  0.999741
eigenvalues of H_FN3=  2.194136  1.566243  1.290669  1.058657  0.398601  0.113884 -0.131375 -0.549059 -1.135703

eigenval_p,eigenval_h=  0.999741 -1.135703
psiFN3_psiG  =   0.7717   0.0029   0.1381   0.0415   0.0273   0.0046   0.0016   0.0047   0.0076

P_FN4=
   0.9850   0.1398   0.0280   0.0700   0.0250   0.2232   0.0348   0.0000   0.2519
   0.0004   0.8527   0.0000   0.0043   0.0011   0.0000   0.0076   0.0030   0.0000
   0.0070   0.0000   0.9317   0.0240   0.0486   0.0597   0.0000   0.0515   0.1299
   0.0041   0.0847   0.0056   0.8969   0.0000   0.0000   0.0000   0.0220   0.0069
   0.0016   0.0238   0.0123   0.0000   0.8786   0.0066   0.0328   0.0412   0.0000
   0.0013   0.0000   0.0014   0.0000   0.0006   0.7766   0.0000   0.0104   0.0000
   0.0003   0.0229   0.0000   0.0000   0.0045   0.0000   0.6618   0.0000   0.0117
   0.0000   0.0171   0.0034   0.0063   0.0108   0.0299   0.0000   0.7313   0.0000
   0.0020   0.0000   0.0042   0.0010   0.0000   0.0000   0.0107   0.0000   0.7605
E_FN4= -1.139996 -1.139996

eigenvalues of P_FN4=  0.658929  0.721581  0.756329  0.780536  0.844691  0.873495  0.899498  0.939926  1.000170
eigenvalues of H_FN4=  2.272414  1.645896  1.298420  1.056343  0.414801  0.126759 -0.133274 -0.537555 -1.139996

eigenval_p,eigenval_h=  1.000170 -1.139996
psiFN4_psiG  =   0.7678   0.0037   0.1381   0.0422   0.0271   0.0056   0.0016   0.0047   0.0091
FN5: sum_pos  0.011383
FN5: sum_pos  1.446619
FN5: sum_pos  0.046145
FN5: sum_pos  0.158016
FN5: sum_pos  0.081512
FN5: sum_pos  1.186622
FN5: sum_pos  1.967905
FN5: sum_pos  0.935567
FN5: sum_pos  0.384226

P_FN5=
   0.9835   0.1574   0.0281   0.0710   0.0251   0.2470   0.0438   0.0000   0.2599
   0.0004   0.8159   0.0000   0.0043   0.0011   0.0000   0.0096   0.0033   0.0000
   0.0070   0.0000   0.9300   0.0243   0.0489   0.0661   0.0000   0.0570   0.1341
   0.0041   0.0953   0.0056   0.8939   0.0000   0.0000   0.0000   0.0243   0.0071
   0.0016   0.0267   0.0124   0.0000   0.8767   0.0073   0.0413   0.0456   0.0000
   0.0013   0.0000   0.0014   0.0000   0.0006   0.7443   0.0000   0.0115   0.0000
   0.0003   0.0257   0.0000   0.0000   0.0046   0.0000   0.6490   0.0000   0.0121
   0.0000   0.0193   0.0035   0.0064   0.0109   0.0331   0.0000   0.7208   0.0000
   0.0020   0.0000   0.0042   0.0010   0.0000   0.0000   0.0135   0.0000   0.7493
E_FN5= -1.139211 -1.138222

eigenvalues of P_FN5=  0.645113  0.706335  0.744661  0.753480  0.811504  0.870755  0.894656  0.938392  0.998547
eigenvalues of H_FN5=  2.395130  1.782915  1.399658  1.311462  0.731219  0.138715 -0.100294 -0.537659 -1.139211

eigenval_p,eigenval_h=  0.998547 -1.139211
psiFN5_psiG  =   0.7698   0.0030   0.1385   0.0416   0.0272   0.0050   0.0016   0.0046   0.0088

E_G, E_FN1, E_FN3, E_FN4, E_0, recover_FN1, recover_FN3, recover_FN4, 1-ovlp_FN1, 1-ovlp_FN3, 1-ovlp_FN4, sign_cond_num= -1.101429 -1.138293 -1.135703 -1.139996 -1.153737 0.705 0.655 0.737 4.E-05 4.E-05 4.E-05 0.916

P_propos2=
   0.9834   0.1379   0.0285   0.0709   0.0259   0.2254   0.0586   0.0000   0.2239
   0.0004   0.7156   0.0000   0.0043   0.0011   0.0000   0.0128   0.0039   0.0000
   0.0070   0.0000   0.9441   0.0243   0.0505   0.0603   0.0000   0.0663   0.1155
   0.0040   0.0835   0.0057   0.8932   0.0000   0.0000   0.0000   0.0283   0.0062
   0.0016   0.0234   0.0125   0.0000   0.9058   0.0066   0.0553   0.0531   0.0000
   0.0013   0.0000   0.0014   0.0000   0.0006   0.6774   0.0000   0.0134   0.0000
   0.0003   0.0226   0.0000   0.0000   0.0047   0.0000   0.8552   0.0000   0.0104
   0.0000   0.0169   0.0035   0.0064   0.0113   0.0302   0.0000   0.8350   0.0000
   0.0020   0.0000   0.0042   0.0010   0.0000   0.0000   0.0180   0.0000   0.6441

eigenvalues of P_FN1_propos=  0.640284  0.673812  0.711259  0.826320  0.853626  0.892386  0.901904  0.954393  1.000000
psi for P_FN1_propos=   0.7152   0.0021   0.1749   0.0408   0.0435   0.0041   0.0037   0.0092   0.0064
psiG**2 * P_L       =   0.7152   0.0021   0.1749   0.0408   0.0435   0.0041   0.0037   0.0092   0.0064
Above 2 lines should be equal since proposal part of P_FN1 has dominant state psiG**2 * P_L
The exception to this occurs when there is no sign problem, but some components of psiG have the wrong sign, in which case one has 2 decoupled spaces with degenerate dominant eigenvalues

gradient_vmc_FD, gradient_vmc= -0.123976 -0.123976
E_L_der =         -0.0948  41.9393   0.2044  -1.0070  -0.2564   2.2566  -2.2308  -0.7722   3.1670
E_L_der_increm =  -0.0948  41.9392   0.2044  -1.0070  -0.2564   2.2566  -2.2308  -0.7722   3.1670
The above 2 lines should be equal
psiFN1_psiG  =   0.7705   0.0030   0.1383   0.0416   0.0271   0.0049   0.0015   0.0045   0.0087
psiG_increm**2=                 0.7113    0.0018    0.1767    0.0406    0.0447    0.0037    0.0049    0.0107    0.0055
psiG_increm**2 * P_L_increm=    0.7125    0.0021    0.1743    0.0407    0.0433    0.0041    0.0037    0.0092    0.0064
psiFN_psiG_increm=              0.7705    0.0030    0.1383    0.0416    0.0271    0.0049    0.0015    0.0045    0.0087
W_prod_increm                   1.0831    1.6361    0.7827    1.0250    0.6071    1.3110    0.3035    0.4171    1.5756
W_prod                          1.0831    1.6361    0.7827    1.0250    0.6071    1.3110    0.3035    0.4171    1.5756
W_prod_increm                  1.083106928   1.636113176   0.782667585   1.025036519   0.607094192   1.310959214   0.303518753   0.417101807   1.575614483
W_prod                         1.083106930   1.636113921   0.782667622   1.025036411   0.607094179   1.310959340   0.303518679   0.417101773   1.575614701
W_prod_der=                    -0.0229   -7.4498   -0.3683    1.0847    0.1344   -1.2608    0.7386    0.3371   -2.1836

E_FN1, E_FN1_increm, gradient_FN1_FD, gradient_FN1= -1.138293 -1.138293 -0.083559 -0.083559

gradient_FN1_FD, gradient_FN1, 1st+2*2nd terms, gradient_FN1_1, gradient_FN1_2, gradient_FN1_3= -0.083559 -0.083559 -0.069217 -0.197668  0.049883  0.064226
------------------------------------------------------------

Data set    2

H=
  -1.0000   0.2078   0.2465  -0.1774   0.1550   0.0818   0.1172   0.0597   0.0351
   0.2078  -0.7500   0.0317   0.1078  -0.1529   0.2204  -0.0884   0.0460  -0.1722
   0.2465   0.0317  -0.5000  -0.0188   0.1205   0.0786   0.1065   0.0542  -0.2134
  -0.1774   0.1078  -0.0188  -0.2500   0.1196   0.2078   0.0252   0.1955   0.1204
   0.1550  -0.1529   0.1205   0.1196   0.0000  -0.1889   0.1373  -0.1491  -0.1836
   0.0818   0.2204   0.0786   0.2078  -0.1889   0.2500   0.0471   0.2473  -0.0761
   0.1172  -0.0884   0.1065   0.0252   0.1373   0.0471   0.5000  -0.0512   0.1073
   0.0597   0.0460   0.0542   0.1955  -0.1491   0.2473  -0.0512   0.7500  -0.1677
   0.0351  -0.1722  -0.2134   0.1204  -0.1836  -0.0761   0.1073  -0.1677   1.0000

eigenval_p,eigenval_h=  1.000000 -1.275242
psi for P    =   0.8174  -0.4330  -0.2248   0.2275  -0.1681  -0.0167  -0.0476  -0.0495  -0.0940

eigenvalues of P=  0.752799  0.784127  0.814829  0.848258  0.874653  0.901885  0.927199  0.948532  1.000000
eigenvalues of H=  1.196769  0.883489  0.576467  0.242178 -0.021770 -0.294090 -0.547235 -0.760567 -1.275242
tau, tau_max= 0.100000 0.404529
P=
   0.9725  -0.0208  -0.0247   0.0177  -0.0155  -0.0082  -0.0117  -0.0060  -0.0035
  -0.0208   0.9475  -0.0032  -0.0108   0.0153  -0.0220   0.0088  -0.0046   0.0172
  -0.0247  -0.0032   0.9225   0.0019  -0.0120  -0.0079  -0.0106  -0.0054   0.0213
   0.0177  -0.0108   0.0019   0.8975  -0.0120  -0.0208  -0.0025  -0.0196  -0.0120
  -0.0155   0.0153  -0.0120  -0.0120   0.8725   0.0189  -0.0137   0.0149   0.0184
  -0.0082  -0.0220  -0.0079  -0.0208   0.0189   0.8475  -0.0047  -0.0247   0.0076
  -0.0117   0.0088  -0.0106  -0.0025  -0.0137  -0.0047   0.8225   0.0051  -0.0107
  -0.0060  -0.0046  -0.0054  -0.0196   0.0149  -0.0247   0.0051   0.7975   0.0168
  -0.0035   0.0172   0.0213  -0.0120   0.0184   0.0076  -0.0107   0.0168   0.7725

sum_P_eig,sum_abs_P_eig,sign_condition_number=  2.078525  2.143531  0.734944

P after making eigenvec +ve =
   0.9725   0.0208   0.0247   0.0177   0.0155   0.0082   0.0117   0.0060   0.0035
   0.0208   0.9475  -0.0032   0.0108   0.0153  -0.0220   0.0088  -0.0046   0.0172
   0.0247  -0.0032   0.9225  -0.0019  -0.0120  -0.0079  -0.0106  -0.0054   0.0213
   0.0177   0.0108  -0.0019   0.8975   0.0120   0.0208   0.0025   0.0196   0.0120
   0.0155   0.0153  -0.0120   0.0120   0.8725   0.0189  -0.0137   0.0149   0.0184
   0.0082  -0.0220  -0.0079   0.0208   0.0189   0.8475  -0.0047  -0.0247   0.0076
   0.0117   0.0088  -0.0106   0.0025  -0.0137  -0.0047   0.8225   0.0051  -0.0107
   0.0060  -0.0046  -0.0054   0.0196   0.0149  -0.0247   0.0051   0.7975   0.0168
   0.0035   0.0172   0.0213   0.0120   0.0184   0.0076  -0.0107   0.0168   0.7725

1+(E_0*1-H) (i.e. P with tau=1) after making eigenvec +ve =
   0.7248  -0.2078  -0.2465  -0.1774  -0.1550  -0.0818  -0.1172  -0.0597  -0.0351
  -0.2078   0.4748   0.0317  -0.1078  -0.1529   0.2204  -0.0884   0.0460  -0.1722
  -0.2465   0.0317   0.2248   0.0188   0.1205   0.0786   0.1065   0.0542  -0.2134
  -0.1774  -0.1078   0.0188  -0.0252  -0.1196  -0.2078  -0.0252  -0.1955  -0.1204
  -0.1550  -0.1529   0.1205  -0.1196  -0.2752  -0.1889   0.1373  -0.1491  -0.1836
  -0.0818   0.2204   0.0786  -0.2078  -0.1889  -0.5252   0.0471   0.2473  -0.0761
  -0.1172  -0.0884   0.1065  -0.0252   0.1373   0.0471  -0.7752  -0.0512   0.1073
  -0.0597   0.0460   0.0542  -0.1955  -0.1491   0.2473  -0.0512  -1.0252  -0.1677
  -0.0351  -0.1722  -0.2134  -0.1204  -0.1836  -0.0761   0.1073  -0.1677  -1.2752
psi0         =   0.8174   0.4330   0.2248   0.2275   0.1681   0.0167   0.0476   0.0495   0.0940
psiG         =   0.8159   0.4220   0.2863   0.2314   0.1125   0.0732   0.0278   0.0012   0.0426

E_G= -1.254143

H_imp=
  -1.0000  -0.4018  -0.7026  -0.6254  -1.1247  -0.9110  -3.4382 -41.9462  -0.6723
  -0.1075  -0.7500   0.0467  -0.1966  -0.5740   1.2703  -1.3414  16.7369  -1.7039
  -0.0865   0.0215  -0.5000   0.0232   0.3067   0.3072   1.0960  13.3785  -1.4328
  -0.0503  -0.0591   0.0152  -0.2500  -0.2461  -0.6567  -0.2097 -38.9877  -0.6534
  -0.0214  -0.0408   0.0473  -0.0581   0.0000  -0.2901   0.5551 -14.4501  -0.4843
  -0.0073   0.0382   0.0201  -0.0657  -0.1230   0.2500   0.1239  15.6027  -0.1307
  -0.0040  -0.0058   0.0103  -0.0030   0.0340   0.0179   0.5000  -1.2272   0.0700
  -0.0001   0.0001   0.0002  -0.0010  -0.0015   0.0039  -0.0021   0.7500  -0.0046
  -0.0018  -0.0174  -0.0318  -0.0222  -0.0696  -0.0443   0.1644  -6.1603   1.0000

P_imp=
   0.9725   0.0402   0.0703   0.0625   0.1125   0.0911   0.3438   4.1946   0.0672
   0.0107   0.9475  -0.0047   0.0197   0.0574  -0.1270   0.1341  -1.6737   0.1704
   0.0087  -0.0021   0.9225  -0.0023  -0.0307  -0.0307  -0.1096  -1.3378   0.1433
   0.0050   0.0059  -0.0015   0.8975   0.0246   0.0657   0.0210   3.8988   0.0653
   0.0021   0.0041  -0.0047   0.0058   0.8725   0.0290  -0.0555   1.4450   0.0484
   0.0007  -0.0038  -0.0020   0.0066   0.0123   0.8475  -0.0124  -1.5603   0.0131
   0.0004   0.0006  -0.0010   0.0003  -0.0034  -0.0018   0.8225   0.1227  -0.0070
   0.0000  -0.0000  -0.0000   0.0001   0.0002  -0.0004   0.0002   0.7975   0.0005
   0.0002   0.0017   0.0032   0.0022   0.0070   0.0044  -0.0164   0.6160   0.7725
tau_av_expon_proj    = 3.585317 1.710206 1.143912 1.004750 0.403276 0.285590 0.144281 0.006734 0.194102
tau_av_expon_proj_new= 3.633167 1.903884 1.289920 0.975379 0.784165 0.655634 0.563303 0.493768 0.439514
factor=                1.013257 1.107082 1.119846 0.970337 1.625353 1.758403 2.104056 2.681459 1.747821
factor2=                 1.0133   1.1132   1.1276   0.9708   1.9445   2.2957   3.9042  73.3194   2.2643

eigenvalues of P_imp=  0.752799  0.784127  0.814829  0.848258  0.874653  0.901885  0.927199  0.948532  1.000000
eigenvalues of H_imp=  1.196769  0.883489  0.576467  0.242178 -0.021770 -0.294090 -0.547235 -0.760567 -1.275242

eigenval_p,eigenval_h=  1.000000 -1.275242
psi0_psiG    =   0.6722   0.1842   0.0649   0.0531   0.0190   0.0012   0.0013   0.0001   0.0040

imp-sampled: sum_P_eig,sum_abs_P_eig,sign_condition_number=  1.000000  1.007061  0.932057
Warning: for i=   8, P_FN1(i,i)= -3.7743E+00

P_FN1=
   0.9725   0.0402   0.0703   0.0625   0.1125   0.0911   0.3438   4.1946   0.0672
   0.0107   0.9415   0.0000   0.0197   0.0574   0.0000   0.1341   0.0000   0.1704
   0.0087   0.0000   0.9085   0.0000   0.0000   0.0000   0.0000   0.0000   0.1433
   0.0050   0.0059   0.0000   0.8952   0.0246   0.0657   0.0210   3.8988   0.0653
   0.0021   0.0041   0.0000   0.0058   0.8384   0.0290   0.0000   1.4450   0.0484
   0.0007   0.0000   0.0000   0.0066   0.0123   0.6875   0.0000   0.0000   0.0131
   0.0004   0.0006   0.0000   0.0003   0.0000   0.0000   0.6285   0.1227   0.0000
   0.0000   0.0000   0.0000   0.0001   0.0002   0.0000   0.0002  -3.7743   0.0005
   0.0002   0.0017   0.0032   0.0022   0.0070   0.0044   0.0000   0.6160   0.7655

eigenvalues of P_FN1= -3.774528  0.627902  0.683088  0.756712  0.837666  0.893379  0.903474  0.936347  0.999199
eigenvalues of H_FN1= 46.470042  2.445741  1.893883  1.157635  0.348101 -0.209031 -0.309977 -0.638709 -1.267230

eigenval_p,eigenval_h=  0.999199 -1.267230
psiFN1_psiG =    0.6773   0.1747   0.0707   0.0517   0.0171   0.0035   0.0010   0.0000   0.0039

E_0, E_G, E_FN1, E_G-E_0, E_FN1-E_0, rms fluctuation of E_L  -1.27524  -1.25414  -1.26723   0.02110   0.00801   0.23158
E_L     =  -1.2789  -1.2150  -1.0945  -1.1988  -1.7983  -0.0528  -2.5520 -56.3035  -4.0119
P_L     =   1.0012   0.9948   0.9827   0.9932   1.0531   0.8786   1.1285   6.5036   1.2745
P_abs_L =   1.0004   1.0000   0.9959   0.9947   1.0864   1.0377   1.3216  11.0746   1.2807

P_propos=
   0.9721   0.0402   0.0705   0.0629   0.1035   0.0878   0.2601   0.3788   0.0525
   0.0107   0.9475   0.0000   0.0198   0.0528   0.0000   0.1015   0.0000   0.1330
   0.0086   0.0000   0.9263   0.0000   0.0000   0.0000   0.0000   0.0000   0.1119
   0.0050   0.0059   0.0000   0.9023   0.0227   0.0633   0.0159   0.3520   0.0510
   0.0021   0.0041   0.0000   0.0058   0.8031   0.0280   0.0000   0.1305   0.0378
   0.0007   0.0000   0.0000   0.0066   0.0113   0.8167   0.0000   0.0000   0.0102
   0.0004   0.0006   0.0000   0.0003   0.0000   0.0000   0.6223   0.0111   0.0000
   0.0000   0.0000   0.0000   0.0001   0.0001   0.0000   0.0002   0.0720   0.0004
   0.0002   0.0017   0.0032   0.0022   0.0064   0.0043   0.0000   0.0556   0.6032
sum P_propos  1.000000  1.000000  1.000000  1.000000  1.000000  1.000000  1.000000  1.000000  1.000000
E_FN1= -1.267230 -1.267230
psiG**2=         0.6658   0.1781   0.0820   0.0536   0.0126   0.0054   0.0008   0.0000   0.0018
psiG**2 * P_L=   0.6665   0.1772   0.0806   0.0532   0.0133   0.0047   0.0009   0.0000   0.0023
psiFN_psiG=      0.6773   0.1747   0.0707   0.0517   0.0171   0.0035   0.0010   0.0000   0.0039
P_L=             1.0012   0.9948   0.9827   0.9932   1.0531   0.8786   1.1285   6.5036   1.2745
W_prod=          1.0174   0.9807   0.8626   0.9656   1.3543   0.6572   1.3546   2.4021   2.1284

P_markov=
   0.9725   0.0402   0.0702   0.0625   0.1035   0.0878   0.2601   0.3788   0.0525
   0.0107   0.9484   0.0000   0.0197   0.0528   0.0000   0.1015   0.0000   0.1330
   0.0086   0.0000   0.9273   0.0000   0.0000   0.0000   0.0000   0.0000   0.1119
   0.0050   0.0059   0.0000   0.9042   0.0227   0.0633   0.0159   0.3520   0.0510
   0.0020   0.0038   0.0000   0.0053   0.8042   0.0267   0.0000   0.1305   0.0378
   0.0007   0.0000   0.0000   0.0063   0.0113   0.8188   0.0000   0.0000   0.0102
   0.0003   0.0004   0.0000   0.0002   0.0000   0.0000   0.6225   0.0111   0.0000
   0.0000   0.0000   0.0000   0.0000   0.0000   0.0000   0.0000   0.0720   0.0000
   0.0001   0.0014   0.0025   0.0017   0.0054   0.0035   0.0000   0.0556   0.6035

eigenvalues of P_markov=  0.071998  0.600877  0.622118  0.791788  0.823610  0.902167  0.917218  0.943447  1.000000
eigenvalues of H_markov=  8.004774  2.715989  2.503574  0.806881  0.488653 -0.296915 -0.447419 -0.709716 -1.275242

eigenval_p,eigenval_h=  1.000000 -1.267230
psi for P_mar=   0.6658   0.1781   0.0820   0.0536   0.0126   0.0054   0.0008   0.0000   0.0018
psiG**2      =   0.6658   0.1781   0.0820   0.0536   0.0126   0.0054   0.0008   0.0000   0.0018
Above 2 lines should be equal since Markov matrix has dominant state psiG**2
The exception to this occurs when there is no sign problem, but some components of psiG have the wrong sign, in which case one has 2 decoupled spaces with degenerate dominant eigenvalues

P_FN3=
   0.9736   0.0400   0.0690   0.0621   0.1090   0.0771   0.2936   2.4633   0.0669
   0.0108   0.9434   0.0000   0.0195   0.0556   0.0000   0.1145   0.0000   0.1696
   0.0087   0.0000   0.9113   0.0000   0.0000   0.0000   0.0000   0.0000   0.1426
   0.0050   0.0059   0.0000   0.8980   0.0239   0.0556   0.0179   2.2896   0.0650
   0.0020   0.0037   0.0000   0.0053   0.8469   0.0235   0.0000   0.8486   0.0482
   0.0007   0.0000   0.0000   0.0063   0.0119   0.7193   0.0000   0.0000   0.0130
   0.0003   0.0004   0.0000   0.0002   0.0000   0.0000   0.7024   0.0721   0.0000
   0.0000   0.0000   0.0000   0.0000   0.0000   0.0000   0.0000   0.4683   0.0001
   0.0001   0.0014   0.0024   0.0017   0.0057   0.0030   0.0000   0.3618   0.7691
E_FN3= -1.264116 -1.264116

eigenvalues of P_FN3=  0.468178  0.701924  0.715213  0.762278  0.845786  0.895549  0.905727  0.938064  0.999689
eigenvalues of H_FN3=  4.050991  1.713528  1.580636  1.109989  0.274908 -0.222723 -0.324501 -0.647866 -1.264116

eigenval_p,eigenval_h=  0.999689 -1.264116
psiFN3_psiG  =   0.6780   0.1749   0.0713   0.0517   0.0164   0.0037   0.0010   0.0000   0.0030

P_FN4=
   0.9733   0.0400   0.0693   0.0624   0.1090   0.0771   0.2936   2.4633   0.0669
   0.0108   0.9426   0.0000   0.0196   0.0556   0.0000   0.1145   0.0000   0.1696
   0.0087   0.0000   0.9103   0.0000   0.0000   0.0000   0.0000   0.0000   0.1426
   0.0050   0.0059   0.0000   0.8961   0.0239   0.0556   0.0179   2.2896   0.0650
   0.0021   0.0041   0.0000   0.0058   0.8458   0.0246   0.0000   0.8486   0.0482
   0.0007   0.0000   0.0000   0.0066   0.0119   0.7175   0.0000   0.0000   0.0130
   0.0004   0.0006   0.0000   0.0003   0.0000   0.0000   0.7023   0.0721   0.0000
   0.0000   0.0000   0.0000   0.0001   0.0001   0.0000   0.0002   0.4683   0.0005
   0.0002   0.0017   0.0031   0.0022   0.0067   0.0038   0.0000   0.3618   0.7687
E_FN4= -1.268973 -1.268973

eigenvalues of P_FN4=  0.466927  0.701638  0.713252  0.760555  0.844639  0.894967  0.905173  0.937465  1.000174
eigenvalues of H_FN4=  4.063500  1.716393  1.600253  1.127218  0.286380 -0.216897 -0.318963 -0.641879 -1.268973

eigenval_p,eigenval_h=  1.000174 -1.268973
psiFN4_psiG  =   0.6745   0.1752   0.0712   0.0520   0.0179   0.0039   0.0013   0.0000   0.0039
FN5: sum_pos  0.000000
FN5: sum_pos  0.059867
FN5: sum_pos  0.139850
FN5: sum_pos  0.023232
FN5: sum_pos  0.340691
FN5: sum_pos  1.599343
FN5: sum_pos  1.939483
FN5: sum_pos 45.718002
FN5: sum_pos  0.069987

P_FN5=
   0.9725   0.0402   0.0703   0.0625   0.1125   0.0911   0.3438   4.1946   0.0672
   0.0107   0.9415   0.0000   0.0197   0.0574   0.0000   0.1341   0.0000   0.1704
   0.0087   0.0000   0.9086   0.0000   0.0000   0.0000   0.0000   0.0000   0.1433
   0.0050   0.0059   0.0000   0.8953   0.0246   0.0657   0.0210   3.8988   0.0653
   0.0021   0.0041   0.0000   0.0058   0.8390   0.0290   0.0000   1.4450   0.0484
   0.0007   0.0000   0.0000   0.0066   0.0123   0.6942   0.0000   0.0000   0.0131
   0.0004   0.0006   0.0000   0.0003   0.0000   0.0000   0.6407   0.1227   0.0000
   0.0000   0.0000   0.0000   0.0001   0.0002   0.0000   0.0002   0.0073   0.0005
   0.0002   0.0017   0.0032   0.0022   0.0070   0.0044   0.0000   0.6160   0.7678
E_FN5= -1.269423 -1.268142

eigenvalues of P_FN5=  0.006176  0.640111  0.689589  0.759048  0.838454  0.893930  0.903628  0.936381  0.999418
eigenvalues of H_FN5=  8.663002  2.323646  1.828866  1.134278  0.340223 -0.214542 -0.311520 -0.639054 -1.269423

eigenval_p,eigenval_h=  0.999418 -1.269423
psiFN5_psiG  =   0.6765   0.1746   0.0706   0.0522   0.0173   0.0036   0.0011   0.0000   0.0039

E_G, E_FN1, E_FN3, E_FN4, E_0, recover_FN1, recover_FN3, recover_FN4, 1-ovlp_FN1, 1-ovlp_FN3, 1-ovlp_FN4, sign_cond_num= -1.254143 -1.267230 -1.264116 -1.268973 -1.275242 0.620 0.473 0.703 2.E-04 2.E-04 1.E-04 0.932

P_propos2=
   0.9721   0.0404   0.0715   0.0630   0.1068   0.1037   0.3047   0.6450   0.0527
   0.0107   0.9472   0.0000   0.0198   0.0545   0.0000   0.1189   0.0000   0.1337
   0.0086   0.0000   0.9253   0.0000   0.0000   0.0000   0.0000   0.0000   0.1124
   0.0050   0.0059   0.0000   0.9021   0.0234   0.0748   0.0186   0.5995   0.0513
   0.0021   0.0041   0.0000   0.0059   0.7969   0.0330   0.0000   0.2222   0.0380
   0.0007   0.0000   0.0000   0.0066   0.0117   0.7835   0.0000   0.0000   0.0103
   0.0004   0.0006   0.0000   0.0003   0.0000   0.0000   0.5577   0.0189   0.0000
   0.0000   0.0000   0.0000   0.0001   0.0001   0.0000   0.0002  -0.5802   0.0004
   0.0002   0.0017   0.0032   0.0022   0.0066   0.0050   0.0000   0.0947   0.6013

eigenvalues of P_FN1_propos= -0.580315  0.557220  0.597903  0.767975  0.805223  0.900070  0.915484  0.942312  1.000000
psi for P_FN1_propos=   0.6674   0.1774   0.0807   0.0533   0.0133   0.0047   0.0009   0.0000   0.0023
psiG**2 * P_L       =   0.6674   0.1774   0.0807   0.0533   0.0133   0.0047   0.0009   0.0000   0.0023
Above 2 lines should be equal since proposal part of P_FN1 has dominant state psiG**2 * P_L
The exception to this occurs when there is no sign problem, but some components of psiG have the wrong sign, in which case one has 2 decoupled spaces with degenerate dominant eigenvalues

gradient_vmc_FD, gradient_vmc=  0.033047  0.033047
Warning: for i=   8, P_FN1(i,i)= -3.7743E+00
E_L_der =         -0.2547   1.1018   0.1107  -0.4659  -1.3600   3.0101  -3.1786  39.6587  -4.0374
E_L_der_increm =  -0.2547   1.1018   0.1107  -0.4659  -1.3600   3.0101  -3.1786  39.6587  -4.0374
The above 2 lines should be equal
psiFN1_psiG  =   0.6773   0.1747   0.0707   0.0517   0.0171   0.0035   0.0010   0.0000   0.0039
psiG_increm**2=                 0.6658    0.1781    0.0820    0.0536    0.0126    0.0054    0.0008    0.0000    0.0018
psiG_increm**2 * P_L_increm=    0.6665    0.1772    0.0806    0.0532    0.0133    0.0047    0.0009    0.0000    0.0023
psiFN_psiG_increm=              0.6773    0.1747    0.0707    0.0517    0.0171    0.0035    0.0010    0.0000    0.0039
W_prod_increm                   1.0174    0.9807    0.8626    0.9656    1.3543    0.6572    1.3546    2.4021    2.1284
W_prod                          1.0174    0.9807    0.8626    0.9656    1.3543    0.6572    1.3546    2.4021    2.1284
W_prod_increm                  1.017397305   0.980671812   0.862573597   0.965575934   1.354269909   0.657198746   1.354601993   2.402094149   2.128364171
W_prod                         1.017397264   0.980671982   0.862573574   0.965575896   1.354269852   0.657198783   1.354601931   2.402094251   2.128364080
W_prod_der=                     0.4093   -1.7022    0.2339    0.3825    0.5681   -0.3709    0.6219   -1.0192    0.9068

E_FN1, E_FN1_increm, gradient_FN1_FD, gradient_FN1= -1.267230 -1.267230 -0.010203 -0.010203

gradient_FN1_FD, gradient_FN1, 1st+2*2nd terms, gradient_FN1_1, gradient_FN1_2, gradient_FN1_3= -0.010203 -0.010203 -0.012433  0.043240 -0.025606 -0.027836
------------------------------------------------------------

Data set    3

H=
  -1.0000   0.0404   0.0718  -0.0811   0.1244  -0.0287  -0.1692  -0.0427  -0.1855
   0.0404  -0.7500   0.0116  -0.1719   0.1516  -0.0466   0.2187  -0.1013   0.0946
   0.0718   0.0116  -0.5000   0.2356  -0.0595  -0.1163   0.2479  -0.1902  -0.0795
  -0.0811  -0.1719   0.2356  -0.2500  -0.0695   0.2271   0.0548   0.1091  -0.0390
   0.1244   0.1516  -0.0595  -0.0695   0.0000  -0.1933  -0.1028  -0.1993  -0.1509
  -0.0287  -0.0466  -0.1163   0.2271  -0.1933   0.2500   0.0086  -0.2237   0.1178
  -0.1692   0.2187   0.2479   0.0548  -0.1028   0.0086   0.5000   0.0091  -0.1426
  -0.0427  -0.1013  -0.1902   0.1091  -0.1993  -0.2237   0.0091   0.7500  -0.1474
  -0.1855   0.0946  -0.0795  -0.0390  -0.1509   0.1178  -0.1426  -0.1474   1.0000

eigenval_p,eigenval_h=  1.000000 -1.090220
psi for P    =   0.9278  -0.1370  -0.2455   0.1362  -0.0797  -0.0542   0.1543  -0.0284   0.0876

eigenvalues of P=  0.775128  0.808317  0.828015  0.850907  0.904916  0.910082  0.961774  0.979663  1.000000
eigenvalues of H=  1.158502  0.826606  0.629632  0.400707 -0.139383 -0.191035 -0.707961 -0.886848 -1.090220
tau, tau_max= 0.100000 0.444697
P=
   0.9910  -0.0040  -0.0072   0.0081  -0.0124   0.0029   0.0169   0.0043   0.0185
  -0.0040   0.9660  -0.0012   0.0172  -0.0152   0.0047  -0.0219   0.0101  -0.0095
  -0.0072  -0.0012   0.9410  -0.0236   0.0060   0.0116  -0.0248   0.0190   0.0079
   0.0081   0.0172  -0.0236   0.9160   0.0070  -0.0227  -0.0055  -0.0109   0.0039
  -0.0124  -0.0152   0.0060   0.0070   0.8910   0.0193   0.0103   0.0199   0.0151
   0.0029   0.0047   0.0116  -0.0227   0.0193   0.8660  -0.0009   0.0224  -0.0118
   0.0169  -0.0219  -0.0248  -0.0055   0.0103  -0.0009   0.8410  -0.0009   0.0143
   0.0043   0.0101   0.0190  -0.0109   0.0199   0.0224  -0.0009   0.8160   0.0147
   0.0185  -0.0095   0.0079   0.0039   0.0151  -0.0118   0.0143   0.0147   0.7910

sum_P_eig,sum_abs_P_eig,sign_condition_number=  1.850582  1.905980  0.744561

P after making eigenvec +ve =
   0.9910   0.0040   0.0072   0.0081   0.0124  -0.0029   0.0169  -0.0043   0.0185
   0.0040   0.9660  -0.0012  -0.0172  -0.0152   0.0047   0.0219   0.0101   0.0095
   0.0072  -0.0012   0.9410   0.0236   0.0060   0.0116   0.0248   0.0190  -0.0079
   0.0081  -0.0172   0.0236   0.9160  -0.0070   0.0227  -0.0055   0.0109   0.0039
   0.0124  -0.0152   0.0060  -0.0070   0.8910   0.0193  -0.0103   0.0199  -0.0151
  -0.0029   0.0047   0.0116   0.0227   0.0193   0.8660   0.0009   0.0224   0.0118
   0.0169   0.0219   0.0248  -0.0055  -0.0103   0.0009   0.8410   0.0009   0.0143
  -0.0043   0.0101   0.0190   0.0109   0.0199   0.0224   0.0009   0.8160  -0.0147
   0.0185   0.0095  -0.0079   0.0039  -0.0151   0.0118   0.0143  -0.0147   0.7910

1+(E_0*1-H) (i.e. P with tau=1) after making eigenvec +ve =
   0.9098  -0.0404  -0.0718  -0.0811  -0.1244   0.0287  -0.1692   0.0427  -0.1855
  -0.0404   0.6598   0.0116   0.1719   0.1516  -0.0466  -0.2187  -0.1013  -0.0946
  -0.0718   0.0116   0.4098  -0.2356  -0.0595  -0.1163  -0.2479  -0.1902   0.0795
  -0.0811   0.1719  -0.2356   0.1598   0.0695  -0.2271   0.0548  -0.1091  -0.0390
  -0.1244   0.1516  -0.0595   0.0695  -0.0902  -0.1933   0.1028  -0.1993   0.1509
   0.0287  -0.0466  -0.1163  -0.2271  -0.1933  -0.3402  -0.0086  -0.2237  -0.1178
  -0.1692  -0.2187  -0.2479   0.0548   0.1028  -0.0086  -0.5902  -0.0091  -0.1426
   0.0427  -0.1013  -0.1902  -0.1091  -0.1993  -0.2237  -0.0091  -0.8402   0.1474
  -0.1855  -0.0946   0.0795  -0.0390   0.1509  -0.1178  -0.1426   0.1474  -1.0902
psi0         =   0.9278   0.1370   0.2455   0.1362   0.0797   0.0542   0.1543   0.0284   0.0876
psiG         =   0.9066   0.0502   0.2931   0.1042   0.1544   0.0379   0.1688  -0.0249   0.1562

E_G= -1.059886

H_imp=
  -1.0000  -0.7303  -0.2222  -0.7058  -0.7304   0.6857  -0.9087  -1.5562  -1.0768
  -0.0022  -0.7500   0.0020   0.0828   0.0493  -0.0617  -0.0650   0.2043  -0.0304
  -0.0232   0.0680  -0.5000  -0.6626  -0.1130  -0.8996  -0.4305   2.2404   0.1491
  -0.0093   0.3571  -0.0838  -0.2500   0.0470  -0.6246   0.0338   0.4572  -0.0260
  -0.0212   0.4663  -0.0313   0.1030   0.0000  -0.7874   0.0940   1.2370   0.1492
   0.0012  -0.0352  -0.0150  -0.0825  -0.0474   0.2500  -0.0019   0.3407  -0.0286
  -0.0315  -0.7356  -0.1428   0.0887   0.1124  -0.0384   0.5000   0.0616  -0.1541
  -0.0012   0.0502   0.0161   0.0261   0.0321   0.1469   0.0013   0.7500  -0.0235
  -0.0319  -0.2945   0.0423  -0.0584   0.1526  -0.4855  -0.1319  -0.9253   1.0000

P_imp=
   0.9910   0.0730   0.0222   0.0706   0.0730  -0.0686   0.0909   0.1556   0.1077
   0.0002   0.9660  -0.0002  -0.0083  -0.0049   0.0062   0.0065  -0.0204   0.0030
   0.0023  -0.0068   0.9410   0.0663   0.0113   0.0900   0.0431  -0.2240  -0.0149
   0.0009  -0.0357   0.0084   0.9160  -0.0047   0.0625  -0.0034  -0.0457   0.0026
