Input hamiltonian
hamiltonian=random                                                                          
Input ndim, E_T, tau
ndim, E_T, tau=    9-20.000000 0.200000
Input fraction_positive, off_diag_mag, psiG_noise
fraction_positive, off_diag_mag,psiG_noise= 0.500000 0.500000 0.200000
psiG_correct_sign
psiG_correct_sign= F
Input irand_seed
irand_seed=1425565376542456

Data set    1

H=
  -1.0000   0.0800   0.1401  -0.1696   0.0630   0.1789  -0.0366  -0.0928  -0.2290
   0.0800  -0.7500   0.0859   0.2028  -0.0542   0.1379   0.1569  -0.0799  -0.2353
   0.1401   0.0859  -0.5000   0.1165  -0.2461  -0.0961  -0.2234  -0.1402   0.2370
  -0.1696   0.2028   0.1165  -0.2500  -0.0711  -0.2226   0.0454   0.1250  -0.0263
   0.0630  -0.0542  -0.2461  -0.0711   0.0000  -0.0210   0.1375  -0.2232  -0.0393
   0.1789   0.1379  -0.0961  -0.2226  -0.0210   0.2500  -0.2276  -0.1955  -0.0772
  -0.0366   0.1569  -0.2234   0.0454   0.1375  -0.2276   0.5000  -0.2075  -0.1275
  -0.0928  -0.0799  -0.1402   0.1250  -0.2232  -0.1955  -0.2075   0.7500  -0.0525
  -0.2290  -0.2353   0.2370  -0.0263  -0.0393  -0.0772  -0.1275  -0.0525   1.0000

eigenval_p,eigenval_h=  1.000000 -1.153737
psi for P    =   0.8957  -0.1375  -0.3155   0.2159  -0.1095  -0.0884  -0.0127  -0.0197   0.1112

eigenvalues of P=  0.538355  0.577645  0.631713  0.739334  0.765221  0.824400  0.891169  0.955436  1.000000
eigenvalues of H=  1.154489  0.958038  0.687698  0.149593  0.020158 -0.275736 -0.609584 -0.930919 -1.153737
tau, tau_max= 0.200000 0.433233
P=
   0.9693  -0.0160  -0.0280   0.0339  -0.0126  -0.0358   0.0073   0.0186   0.0458
  -0.0160   0.9193  -0.0172  -0.0406   0.0108  -0.0276  -0.0314   0.0160   0.0471
  -0.0280  -0.0172   0.8693  -0.0233   0.0492   0.0192   0.0447   0.0280  -0.0474
   0.0339  -0.0406  -0.0233   0.8193   0.0142   0.0445  -0.0091  -0.0250   0.0053
  -0.0126   0.0108   0.0492   0.0142   0.7693   0.0042  -0.0275   0.0446   0.0079
  -0.0358  -0.0276   0.0192   0.0445   0.0042   0.7193   0.0455   0.0391   0.0154
   0.0073  -0.0314   0.0447  -0.0091  -0.0275   0.0455   0.6693   0.0415   0.0255
   0.0186   0.0160   0.0280  -0.0250   0.0446   0.0391   0.0415   0.6193   0.0105
   0.0458   0.0471  -0.0474   0.0053   0.0079   0.0154   0.0255   0.0105   0.5693

sum_P_eig,sum_abs_P_eig,sign_condition_number=  1.905979  2.075855  0.652538

P after making eigenvec +ve =
   0.9693   0.0160   0.0280   0.0339   0.0126   0.0358  -0.0073  -0.0186   0.0458
   0.0160   0.9193  -0.0172   0.0406   0.0108  -0.0276  -0.0314   0.0160  -0.0471
   0.0280  -0.0172   0.8693   0.0233   0.0492   0.0192   0.0447   0.0280   0.0474
   0.0339   0.0406   0.0233   0.8193  -0.0142  -0.0445   0.0091   0.0250   0.0053
   0.0126   0.0108   0.0492  -0.0142   0.7693   0.0042  -0.0275   0.0446  -0.0079
   0.0358  -0.0276   0.0192  -0.0445   0.0042   0.7193   0.0455   0.0391  -0.0154
  -0.0073  -0.0314   0.0447   0.0091  -0.0275   0.0455   0.6693   0.0415  -0.0255
  -0.0186   0.0160   0.0280   0.0250   0.0446   0.0391   0.0415   0.6193  -0.0105
   0.0458  -0.0471   0.0474   0.0053  -0.0079  -0.0154  -0.0255  -0.0105   0.5693

1+(E_0*1-H) (i.e. P with tau=1) after making eigenvec +ve =
   0.8463  -0.0800  -0.1401  -0.1696  -0.0630  -0.1789   0.0366   0.0928  -0.2290
  -0.0800   0.5963   0.0859  -0.2028  -0.0542   0.1379   0.1569  -0.0799   0.2353
  -0.1401   0.0859   0.3463  -0.1165  -0.2461  -0.0961  -0.2234  -0.1402  -0.2370
  -0.1696  -0.2028  -0.1165   0.0963   0.0711   0.2226  -0.0454  -0.1250  -0.0263
  -0.0630  -0.0542  -0.2461   0.0711  -0.1537  -0.0210   0.1375  -0.2232   0.0393
  -0.1789   0.1379  -0.0961   0.2226  -0.0210  -0.4037  -0.2276  -0.1955   0.0772
   0.0366   0.1569  -0.2234  -0.0454   0.1375  -0.2276  -0.6537  -0.2075   0.1275
   0.0928  -0.0799  -0.1402  -0.1250  -0.2232  -0.1955  -0.2075  -0.9037   0.0525
  -0.2290   0.2353  -0.2370  -0.0263   0.0393   0.0772   0.1275   0.0525  -1.1537
psi0         =   0.8957   0.1375   0.3155   0.2159   0.1095   0.0884   0.0127   0.0197   0.1112
psiG         =   0.8434   0.0429   0.4203   0.2014   0.2114   0.0611  -0.0703   0.1034   0.0743

E_G= -1.101429

H_imp=
  -1.0000  -1.5737  -0.2812  -0.7104  -0.2514  -2.4705  -0.4384   0.7568  -2.5993
  -0.0041  -0.7500   0.0088  -0.0432  -0.0110   0.0967  -0.0956  -0.0331   0.1357
  -0.0698   0.8423  -0.5000  -0.2432  -0.4893  -0.6612   1.3351  -0.5697  -1.3407
  -0.0405  -0.9529  -0.0558  -0.2500   0.0677   0.7340   0.1300  -0.2434  -0.0714
  -0.0158  -0.2675  -0.1238   0.0746   0.0000  -0.0728  -0.4134  -0.4562   0.1118
  -0.0130   0.1965  -0.0140   0.0675  -0.0061   0.2500   0.1977  -0.1155   0.0635
  -0.0030  -0.2574   0.0374   0.0159  -0.0457   0.2620   0.5000   0.1411  -0.1207
   0.0114  -0.1928  -0.0345  -0.0642  -0.1092  -0.3311   0.3051   0.7500   0.0732
  -0.0202   0.4078  -0.0419  -0.0097   0.0138   0.0939  -0.1347   0.0377   1.0000

P_imp=
   0.9693   0.3147   0.0562   0.1421   0.0503   0.4941   0.0877  -0.1514   0.5199
   0.0008   0.9193  -0.0018   0.0086   0.0022  -0.0193   0.0191   0.0066  -0.0271
   0.0140  -0.1685   0.8693   0.0486   0.0979   0.1322  -0.2670   0.1139   0.2681
   0.0081   0.1906   0.0112   0.8193  -0.0135  -0.1468  -0.0260   0.0487   0.0143
   0.0032   0.0535   0.0248  -0.0149   0.7693   0.0146   0.0827   0.0912  -0.0224
   0.0026  -0.0393   0.0028  -0.0135   0.0012   0.7193  -0.0395   0.0231  -0.0127
   0.0006   0.0515  -0.0075  -0.0032   0.0091  -0.0524   0.6693  -0.0282   0.0241
  -0.0023   0.0386   0.0069   0.0128   0.0218   0.0662  -0.0610   0.6193  -0.0146
   0.0040  -0.0816   0.0084   0.0019  -0.0028  -0.0188   0.0269  -0.0075   0.5693
tau_av_expon_proj    = 5.625419 0.213180 1.674004 0.813869 1.005927 0.211766 0.327860 0.424917 0.221416
tau_av_expon_proj_new= 6.504622 2.476861 1.529668 1.106517 0.866749 0.712384 0.604691 0.525283 0.464309
factor=                1.144727 2.494108 0.909957 1.302749 0.851653 2.019271 1.580601 1.210545 1.687299
factor2=                 1.1563  11.6186   0.9138   1.3596   0.8616   3.3640   1.8444   1.2362   2.0970

eigenvalues of P_imp=  0.538355  0.577645  0.631713  0.739334  0.765221  0.824400  0.891169  0.955436  1.000000
eigenvalues of H_imp=  1.154489  0.958038  0.687698  0.149593  0.020158 -0.275736 -0.609584 -0.930919 -1.153737

eigenval_p,eigenval_h=  1.000000 -1.153737
psi0_psiG    =   0.7731   0.0060   0.1357   0.0445   0.0237   0.0055  -0.0009   0.0021   0.0085

imp-sampled: sum_P_eig,sum_abs_P_eig,sign_condition_number=  1.000000  1.017594  0.916490

P_FN1=
   0.9670   0.3147   0.0562   0.1421   0.0503   0.4941   0.0877   0.0000   0.5199
   0.0008   0.6299   0.0000   0.0086   0.0022   0.0000   0.0191   0.0066   0.0000
   0.0140   0.0000   0.8600   0.0486   0.0979   0.1322   0.0000   0.1139   0.2681
   0.0081   0.1906   0.0112   0.7876   0.0000   0.0000   0.0000   0.0487   0.0143
   0.0032   0.0535   0.0248   0.0000   0.7530   0.0146   0.0827   0.0912   0.0000
   0.0026   0.0000   0.0028   0.0000   0.0012   0.4819   0.0000   0.0231   0.0000
   0.0006   0.0515   0.0000   0.0000   0.0091   0.0000   0.2757   0.0000   0.0241
   0.0000   0.0386   0.0069   0.0128   0.0218   0.0662   0.0000   0.4321   0.0000
   0.0040   0.0000   0.0084   0.0019   0.0000   0.0000   0.0269   0.0000   0.4924

eigenvalues of P_FN1=  0.268373  0.403992  0.482960  0.499871  0.621081  0.740919  0.788979  0.876588  0.996911
eigenvalues of H_FN1=  2.504396  1.826302  1.431461  1.346910  0.740857  0.141669 -0.098634 -0.536675 -1.138293

eigenval_p,eigenval_h=  0.996911 -1.138293
psiFN1_psiG =    0.7705   0.0030   0.1383   0.0416   0.0271   0.0049   0.0015   0.0045   0.0087

E_0, E_G, E_FN1, E_G-E_0, E_FN1-E_0, rms fluctuation of E_L  -1.15374  -1.10143  -1.13829   0.05231   0.01544   0.23804
E_L     =  -1.1550  -2.5476  -1.0051  -1.1627  -0.8311  -2.0990   1.3857   0.2677  -2.7479
P_L     =   1.0033   1.2819   0.9734   1.0049   0.9386   1.1921   0.4952   0.7188   1.3219
P_abs_L =   1.0025   1.5681   0.9795   1.0334   0.9518   1.4264   0.8857   0.9028   1.3957

P_propos=
   0.9668   0.2007   0.0574   0.1375   0.0528   0.3464   0.0990   0.0000   0.3725
   0.0008   0.5862   0.0000   0.0084   0.0023   0.0000   0.0216   0.0073   0.0000
   0.0139   0.0000   0.8874   0.0471   0.1028   0.0927   0.0000   0.1262   0.1921
   0.0081   0.1215   0.0114   0.7928   0.0000   0.0000   0.0000   0.0539   0.0102
   0.0032   0.0341   0.0253   0.0000   0.8082   0.0102   0.0934   0.1011   0.0000
   0.0026   0.0000   0.0029   0.0000   0.0013   0.5043   0.0000   0.0256   0.0000
   0.0006   0.0328   0.0000   0.0000   0.0096   0.0000   0.7556   0.0000   0.0173
   0.0000   0.0246   0.0070   0.0124   0.0229   0.0464   0.0000   0.6859   0.0000
   0.0040   0.0000   0.0086   0.0019   0.0000   0.0000   0.0304   0.0000   0.4079
sum P_propos  1.000000  1.000000  1.000000  1.000000  1.000000  1.000000  1.000000  1.000000  1.000000
E_FN1= -1.138293 -1.138293
psiG**2=         0.7113   0.0018   0.1767   0.0406   0.0447   0.0037   0.0049   0.0107   0.0055
psiG**2 * P_L=   0.7137   0.0024   0.1719   0.0408   0.0420   0.0044   0.0024   0.0077   0.0073
psiFN_psiG=      0.7705   0.0030   0.1383   0.0416   0.0271   0.0049   0.0015   0.0045   0.0087
P_L=             1.0033   1.2819   0.9734   1.0049   0.9386   1.1921   0.4952   0.7188   1.3219
W_prod=          1.0831   1.6361   0.7827   1.0250   0.6071   1.3110   0.3035   0.4171   1.5756

P_markov=
   0.9692   0.2007   0.0561   0.1375   0.0501   0.3464   0.0875   0.0000   0.3725
   0.0005   0.5862   0.0000   0.0055   0.0014   0.0000   0.0122   0.0042   0.0000
   0.0139   0.0000   0.8928   0.0471   0.0999   0.0927   0.0000   0.1163   0.1921
   0.0078   0.1215   0.0108   0.7961   0.0000   0.0000   0.0000   0.0471   0.0102
   0.0032   0.0341   0.0253   0.0000   0.8151   0.0102   0.0869   0.0959   0.0000
   0.0018   0.0000   0.0020   0.0000   0.0009   0.5043   0.0000   0.0162   0.0000
   0.0006   0.0328   0.0000   0.0000   0.0096   0.0000   0.7942   0.0000   0.0173
   0.0000   0.0246   0.0070   0.0124   0.0229   0.0464   0.0000   0.7203   0.0000
   0.0029   0.0000   0.0060   0.0014   0.0000   0.0000   0.0193   0.0000   0.4079

eigenvalues of P_markov=  0.402874  0.499218  0.580731  0.697451  0.775101  0.794862  0.822072  0.913812  1.000000
eigenvalues of H_markov=  1.831894  1.350175  0.942608  0.359007 -0.029240 -0.128047 -0.264095 -0.722795 -1.153737

eigenval_p,eigenval_h=  1.000000 -1.138293
psi for P_mar=   0.7113   0.0018   0.1767   0.0406   0.0447   0.0037   0.0049   0.0107   0.0055
psiG**2      =   0.7113   0.0018   0.1767   0.0406   0.0447   0.0037   0.0049   0.0107   0.0055
Above 2 lines should be equal since Markov matrix has dominant state psiG**2
The exception to this occurs when there is no sign problem, but some components of psiG have the wrong sign, in which case one has 2 decoupled spaces with degenerate dominant eigenvalues

P_FN3=
   0.9725   0.2573   0.0546   0.1382   0.0471   0.4130   0.0433   0.0000   0.4924
   0.0005   0.7515   0.0000   0.0055   0.0013   0.0000   0.0060   0.0030   0.0000
   0.0140   0.0000   0.8690   0.0473   0.0938   0.1105   0.0000   0.0836   0.2540
   0.0079   0.1558   0.0105   0.8000   0.0000   0.0000   0.0000   0.0339   0.0135
   0.0032   0.0437   0.0246   0.0000   0.7651   0.0122   0.0430   0.0689   0.0000
   0.0018   0.0000   0.0019   0.0000   0.0008   0.6011   0.0000   0.0116   0.0000
   0.0006   0.0421   0.0000   0.0000   0.0090   0.0000   0.3933   0.0000   0.0229
   0.0000   0.0315   0.0069   0.0125   0.0215   0.0553   0.0000   0.5177   0.0000
   0.0029   0.0000   0.0058   0.0014   0.0000   0.0000   0.0096   0.0000   0.5392
E_FN3= -1.133348 -1.133348

eigenvalues of P_FN3=  0.389970  0.503447  0.533194  0.604885  0.731977  0.757067  0.805696  0.884096  0.999011
eigenvalues of H_FN3=  1.911859  1.344471  1.195737  0.837280  0.201824  0.076370 -0.166771 -0.558772 -1.133348

eigenval_p,eigenval_h=  0.999011 -1.133348
psiFN3_psiG  =   0.7725   0.0028   0.1381   0.0413   0.0275   0.0044   0.0016   0.0050   0.0068

P_FN4=
   0.9700   0.2573   0.0559   0.1382   0.0496   0.4130   0.0490   0.0000   0.4924
   0.0008   0.7515   0.0000   0.0084   0.0022   0.0000   0.0107   0.0053   0.0000
   0.0140   0.0000   0.8638   0.0473   0.0965   0.1105   0.0000   0.0907   0.2540
   0.0081   0.1558   0.0111   0.7966   0.0000   0.0000   0.0000   0.0388   0.0135
   0.0032   0.0437   0.0246   0.0000   0.7586   0.0122   0.0462   0.0726   0.0000
   0.0026   0.0000   0.0028   0.0000   0.0012   0.6011   0.0000   0.0184   0.0000
   0.0006   0.0421   0.0000   0.0000   0.0090   0.0000   0.3742   0.0000   0.0229
   0.0000   0.0315   0.0069   0.0125   0.0215   0.0553   0.0000   0.4930   0.0000
   0.0040   0.0000   0.0083   0.0019   0.0000   0.0000   0.0151   0.0000   0.5392
E_FN4= -1.141253 -1.141253

eigenvalues of P_FN4=  0.369776  0.477020  0.530549  0.605486  0.723870  0.752809  0.807957  0.879978  1.000592
eigenvalues of H_FN4=  2.012826  1.476605  1.208960  0.834276  0.242355  0.097664 -0.178079 -0.538184 -1.141253

eigenval_p,eigenval_h=  1.000592 -1.141253
psiFN4_psiG  =   0.7655   0.0044   0.1379   0.0428   0.0270   0.0062   0.0018   0.0050   0.0094
FN5: sum_pos  0.011383
FN5: sum_pos  1.446619
FN5: sum_pos  0.046145
FN5: sum_pos  0.158016
FN5: sum_pos  0.081512
FN5: sum_pos  1.186622
FN5: sum_pos  1.967905
FN5: sum_pos  0.935567
FN5: sum_pos  0.384226

P_FN5=
   0.9670   0.3147   0.0562   0.1421   0.0503   0.4941   0.0877   0.0000   0.5199
   0.0008   0.6420   0.0000   0.0086   0.0022   0.0000   0.0191   0.0066   0.0000
   0.0140   0.0000   0.8604   0.0486   0.0979   0.1322   0.0000   0.1139   0.2681
   0.0081   0.1906   0.0112   0.7893   0.0000   0.0000   0.0000   0.0487   0.0143
   0.0032   0.0535   0.0248   0.0000   0.7558   0.0146   0.0827   0.0912   0.0000
   0.0026   0.0000   0.0028   0.0000   0.0012   0.5193   0.0000   0.0231   0.0000
   0.0006   0.0515   0.0000   0.0000   0.0091   0.0000   0.3804   0.0000   0.0241
   0.0000   0.0386   0.0069   0.0128   0.0218   0.0662   0.0000   0.4823   0.0000
   0.0040   0.0000   0.0084   0.0019   0.0000   0.0000   0.0269   0.0000   0.5274
E_FN5= -1.143884 -1.137923

eigenvalues of P_FN5=  0.370308  0.450517  0.518604  0.539315  0.633104  0.744765  0.791251  0.877850  0.998029
eigenvalues of H_FN5=  1.994723  1.593679  1.253243  1.149690  0.680745  0.122436 -0.109994 -0.542985 -1.143884

eigenval_p,eigenval_h=  0.998029 -1.143884
psiFN5_psiG  =   0.7662   0.0031   0.1396   0.0419   0.0278   0.0053   0.0018   0.0050   0.0093

E_G, E_FN1, E_FN3, E_FN4, E_0, recover_FN1, recover_FN3, recover_FN4, 1-ovlp_FN1, 1-ovlp_FN3, 1-ovlp_FN4, sign_cond_num= -1.101429 -1.138293 -1.133348 -1.141253 -1.153737 0.705 0.610 0.761 4.E-05 5.E-05 4.E-05 0.916

P_propos2=
   0.9668   0.2455   0.0578   0.1414   0.0536   0.4145   0.1771   0.0000   0.3933
   0.0008   0.4938   0.0000   0.0086   0.0023   0.0000   0.0386   0.0092   0.0000
   0.0139   0.0000   0.8867   0.0484   0.1043   0.1109   0.0000   0.1585   0.2028
   0.0081   0.1487   0.0115   0.7869   0.0000   0.0000   0.0000   0.0677   0.0108
   0.0031   0.0417   0.0254   0.0000   0.8055   0.0122   0.1670   0.1269   0.0000
   0.0026   0.0000   0.0029   0.0000   0.0013   0.4068   0.0000   0.0321   0.0000
   0.0006   0.0402   0.0000   0.0000   0.0097   0.0000   0.5629   0.0000   0.0183
   0.0000   0.0301   0.0071   0.0128   0.0233   0.0555   0.0000   0.6055   0.0000
   0.0040   0.0000   0.0086   0.0019   0.0000   0.0000   0.0544   0.0000   0.3748

eigenvalues of P_FN1_propos=  0.363382  0.396121  0.472658  0.574833  0.597074  0.783505  0.795300  0.907062  1.000000
psi for P_FN1_propos=   0.7190   0.0024   0.1732   0.0411   0.0423   0.0045   0.0025   0.0077   0.0074
psiG**2 * P_L       =   0.7190   0.0024   0.1732   0.0411   0.0423   0.0045   0.0025   0.0077   0.0074
Above 2 lines should be equal since proposal part of P_FN1 has dominant state psiG**2 * P_L
The exception to this occurs when there is no sign problem, but some components of psiG have the wrong sign, in which case one has 2 decoupled spaces with degenerate dominant eigenvalues

gradient_vmc_FD, gradient_vmc= -0.123976 -0.123976
E_L_der =         -0.0948  41.9393   0.2044  -1.0070  -0.2564   2.2566  -2.2308  -0.7722   3.1670
E_L_der_increm =  -0.0948  41.9392   0.2044  -1.0070  -0.2564   2.2566  -2.2308  -0.7722   3.1670
The above 2 lines should be equal
psiFN1_psiG  =   0.7705   0.0030   0.1383   0.0416   0.0271   0.0049   0.0015   0.0045   0.0087
psiG_increm**2=                 0.7113    0.0018    0.1767    0.0406    0.0447    0.0037    0.0049    0.0107    0.0055
psiG_increm**2 * P_L_increm=    0.7137    0.0024    0.1719    0.0408    0.0420    0.0044    0.0024    0.0077    0.0073
psiFN_psiG_increm=              0.7705    0.0030    0.1383    0.0416    0.0271    0.0049    0.0015    0.0045    0.0087
W_prod_increm                   1.0831    1.6361    0.7827    1.0250    0.6071    1.3110    0.3035    0.4171    1.5756
W_prod                          1.0831    1.6361    0.7827    1.0250    0.6071    1.3110    0.3035    0.4171    1.5756
W_prod_increm                  1.083106928   1.636113176   0.782667585   1.025036519   0.607094192   1.310959214   0.303518753   0.417101807   1.575614483
W_prod                         1.083106930   1.636113921   0.782667622   1.025036411   0.607094179   1.310959340   0.303518679   0.417101773   1.575614701
W_prod_der=                    -0.0229   -7.4498   -0.3683    1.0847    0.1344   -1.2608    0.7386    0.3371   -2.1836

E_FN1, E_FN1_increm, gradient_FN1_FD, gradient_FN1= -1.138293 -1.138293 -0.083559 -0.083559

gradient_FN1_FD, gradient_FN1, 1st+2*2nd terms, gradient_FN1_1, gradient_FN1_2, gradient_FN1_3= -0.083559 -0.083559 -0.069217 -0.197668  0.049883  0.064226
------------------------------------------------------------

Data set    2

H=
  -1.0000   0.2078   0.2465  -0.1774   0.1550   0.0818   0.1172   0.0597   0.0351
   0.2078  -0.7500   0.0317   0.1078  -0.1529   0.2204  -0.0884   0.0460  -0.1722
   0.2465   0.0317  -0.5000  -0.0188   0.1205   0.0786   0.1065   0.0542  -0.2134
  -0.1774   0.1078  -0.0188  -0.2500   0.1196   0.2078   0.0252   0.1955   0.1204
   0.1550  -0.1529   0.1205   0.1196   0.0000  -0.1889   0.1373  -0.1491  -0.1836
   0.0818   0.2204   0.0786   0.2078  -0.1889   0.2500   0.0471   0.2473  -0.0761
   0.1172  -0.0884   0.1065   0.0252   0.1373   0.0471   0.5000  -0.0512   0.1073
   0.0597   0.0460   0.0542   0.1955  -0.1491   0.2473  -0.0512   0.7500  -0.1677
   0.0351  -0.1722  -0.2134   0.1204  -0.1836  -0.0761   0.1073  -0.1677   1.0000

eigenval_p,eigenval_h=  1.000000 -1.275242
psi for P    =   0.8174  -0.4330  -0.2248   0.2275  -0.1681  -0.0167  -0.0476  -0.0495  -0.0940

eigenvalues of P=  0.505598  0.568254  0.629658  0.696516  0.749306  0.803770  0.854399  0.897065  1.000000
eigenvalues of H=  1.196769  0.883489  0.576467  0.242178 -0.021770 -0.294090 -0.547235 -0.760567 -1.275242
tau, tau_max= 0.200000 0.404529
P=
   0.9450  -0.0416  -0.0493   0.0355  -0.0310  -0.0164  -0.0234  -0.0119  -0.0070
  -0.0416   0.8950  -0.0063  -0.0216   0.0306  -0.0441   0.0177  -0.0092   0.0344
  -0.0493  -0.0063   0.8450   0.0038  -0.0241  -0.0157  -0.0213  -0.0108   0.0427
   0.0355  -0.0216   0.0038   0.7950  -0.0239  -0.0416  -0.0050  -0.0391  -0.0241
  -0.0310   0.0306  -0.0241  -0.0239   0.7450   0.0378  -0.0275   0.0298   0.0367
  -0.0164  -0.0441  -0.0157  -0.0416   0.0378   0.6950  -0.0094  -0.0495   0.0152
  -0.0234   0.0177  -0.0213  -0.0050  -0.0275  -0.0094   0.6450   0.0102  -0.0215
  -0.0119  -0.0092  -0.0108  -0.0391   0.0298  -0.0495   0.0102   0.5950   0.0335
  -0.0070   0.0344   0.0427  -0.0241   0.0367   0.0152  -0.0215   0.0335   0.5450

sum_P_eig,sum_abs_P_eig,sign_condition_number=  2.078525  2.208538  0.738333

P after making eigenvec +ve =
   0.9450   0.0416   0.0493   0.0355   0.0310   0.0164   0.0234   0.0119   0.0070
   0.0416   0.8950  -0.0063   0.0216   0.0306  -0.0441   0.0177  -0.0092   0.0344
   0.0493  -0.0063   0.8450  -0.0038  -0.0241  -0.0157  -0.0213  -0.0108   0.0427
   0.0355   0.0216  -0.0038   0.7950   0.0239   0.0416   0.0050   0.0391   0.0241
   0.0310   0.0306  -0.0241   0.0239   0.7450   0.0378  -0.0275   0.0298   0.0367
   0.0164  -0.0441  -0.0157   0.0416   0.0378   0.6950  -0.0094  -0.0495   0.0152
   0.0234   0.0177  -0.0213   0.0050  -0.0275  -0.0094   0.6450   0.0102  -0.0215
   0.0119  -0.0092  -0.0108   0.0391   0.0298  -0.0495   0.0102   0.5950   0.0335
   0.0070   0.0344   0.0427   0.0241   0.0367   0.0152  -0.0215   0.0335   0.5450

1+(E_0*1-H) (i.e. P with tau=1) after making eigenvec +ve =
   0.7248  -0.2078  -0.2465  -0.1774  -0.1550  -0.0818  -0.1172  -0.0597  -0.0351
  -0.2078   0.4748   0.0317  -0.1078  -0.1529   0.2204  -0.0884   0.0460  -0.1722
  -0.2465   0.0317   0.2248   0.0188   0.1205   0.0786   0.1065   0.0542  -0.2134
  -0.1774  -0.1078   0.0188  -0.0252  -0.1196  -0.2078  -0.0252  -0.1955  -0.1204
  -0.1550  -0.1529   0.1205  -0.1196  -0.2752  -0.1889   0.1373  -0.1491  -0.1836
  -0.0818   0.2204   0.0786  -0.2078  -0.1889  -0.5252   0.0471   0.2473  -0.0761
  -0.1172  -0.0884   0.1065  -0.0252   0.1373   0.0471  -0.7752  -0.0512   0.1073
  -0.0597   0.0460   0.0542  -0.1955  -0.1491   0.2473  -0.0512  -1.0252  -0.1677
  -0.0351  -0.1722  -0.2134  -0.1204  -0.1836  -0.0761   0.1073  -0.1677  -1.2752
psi0         =   0.8174   0.4330   0.2248   0.2275   0.1681   0.0167   0.0476   0.0495   0.0940
psiG         =   0.8159   0.4220   0.2863   0.2314   0.1125   0.0732   0.0278   0.0012   0.0426

E_G= -1.254143

H_imp=
  -1.0000  -0.4018  -0.7026  -0.6254  -1.1247  -0.9110  -3.4382 -41.9462  -0.6723
  -0.1075  -0.7500   0.0467  -0.1966  -0.5740   1.2703  -1.3414  16.7369  -1.7039
  -0.0865   0.0215  -0.5000   0.0232   0.3067   0.3072   1.0960  13.3785  -1.4328
  -0.0503  -0.0591   0.0152  -0.2500  -0.2461  -0.6567  -0.2097 -38.9877  -0.6534
  -0.0214  -0.0408   0.0473  -0.0581   0.0000  -0.2901   0.5551 -14.4501  -0.4843
  -0.0073   0.0382   0.0201  -0.0657  -0.1230   0.2500   0.1239  15.6027  -0.1307
  -0.0040  -0.0058   0.0103  -0.0030   0.0340   0.0179   0.5000  -1.2272   0.0700
  -0.0001   0.0001   0.0002  -0.0010  -0.0015   0.0039  -0.0021   0.7500  -0.0046
  -0.0018  -0.0174  -0.0318  -0.0222  -0.0696  -0.0443   0.1644  -6.1603   1.0000

P_imp=
   0.9450   0.0804   0.1405   0.1251   0.2249   0.1822   0.6876   8.3892   0.1345
   0.0215   0.8950  -0.0093   0.0393   0.1148  -0.2541   0.2683  -3.3474   0.3408
   0.0173  -0.0043   0.8450  -0.0046  -0.0613  -0.0614  -0.2192  -2.6757   0.2866
   0.0101   0.0118  -0.0030   0.7950   0.0492   0.1313   0.0419   7.7975   0.1307
   0.0043   0.0082  -0.0095   0.0116   0.7450   0.0580  -0.1110   2.8900   0.0969
   0.0015  -0.0076  -0.0040   0.0131   0.0246   0.6950  -0.0248  -3.1205   0.0261
   0.0008   0.0012  -0.0021   0.0006  -0.0068  -0.0036   0.6450   0.2454  -0.0140
   0.0000  -0.0000  -0.0000   0.0002   0.0003  -0.0008   0.0004   0.5950   0.0009
   0.0004   0.0035   0.0064   0.0044   0.0139   0.0089  -0.0329   1.2321   0.5450
tau_av_expon_proj    = 3.585317 1.710206 1.143912 1.004750 0.403276 0.285590 0.144281 0.006734 0.194102
tau_av_expon_proj_new= 3.633167 1.903884 1.289920 0.975379 0.784165 0.655634 0.563303 0.493768 0.439514
factor=                1.013257 1.107082 1.119846 0.970337 1.625353 1.758403 2.104056 2.681459 1.747821
factor2=                 1.0133   1.1132   1.1276   0.9708   1.9445   2.2957   3.9042  73.3194   2.2643

eigenvalues of P_imp=  0.505598  0.568254  0.629658  0.696516  0.749306  0.803770  0.854399  0.897065  1.000000
eigenvalues of H_imp=  1.196769  0.883489  0.576467  0.242178 -0.021770 -0.294090 -0.547235 -0.760567 -1.275242

eigenval_p,eigenval_h=  1.000000 -1.275242
psi0_psiG    =   0.6722   0.1842   0.0649   0.0531   0.0190   0.0012   0.0013   0.0001   0.0040

imp-sampled: sum_P_eig,sum_abs_P_eig,sign_condition_number=  1.000000  1.014122  0.932286
Warning: for i=   8, P_FN1(i,i)= -8.5486E+00

P_FN1=
   0.9450   0.0804   0.1405   0.1251   0.2249   0.1822   0.6876   8.3892   0.1345
   0.0215   0.8830   0.0000   0.0393   0.1148   0.0000   0.2683   0.0000   0.3408
   0.0173   0.0000   0.8170   0.0000   0.0000   0.0000   0.0000   0.0000   0.2866
   0.0101   0.0118   0.0000   0.7903   0.0492   0.1313   0.0419   7.7975   0.1307
   0.0043   0.0082   0.0000   0.0116   0.6768   0.0580   0.0000   2.8900   0.0969
   0.0015   0.0000   0.0000   0.0131   0.0246   0.3751   0.0000   0.0000   0.0261
   0.0008   0.0012   0.0000   0.0006   0.0000   0.0000   0.2571   0.2454   0.0000
   0.0000   0.0000   0.0000   0.0002   0.0003   0.0000   0.0004  -8.5486   0.0009
   0.0004   0.0035   0.0064   0.0044   0.0139   0.0089   0.0000   1.2321   0.5310

eigenvalues of P_FN1= -8.549057  0.255803  0.366175  0.513425  0.675331  0.786758  0.806947  0.872693  0.998398
eigenvalues of H_FN1= 46.470042  2.445741  1.893883  1.157635  0.348101 -0.209031 -0.309977 -0.638709 -1.267230

eigenval_p,eigenval_h=  0.998398 -1.267230
psiFN1_psiG =    0.6773   0.1747   0.0707   0.0517   0.0171   0.0035   0.0010   0.0000   0.0039

E_0, E_G, E_FN1, E_G-E_0, E_FN1-E_0, rms fluctuation of E_L  -1.27524  -1.25414  -1.26723   0.02110   0.00801   0.23158
E_L     =  -1.2789  -1.2150  -1.0945  -1.1988  -1.7983  -0.0528  -2.5520 -56.3035  -4.0119
P_L     =   1.0023   0.9896   0.9655   0.9863   1.1062   0.7571   1.2569  12.0072   1.5489
P_abs_L =   1.0007   0.9999   0.9918   0.9894   1.1728   1.0754   1.6432  21.1492   1.5613

P_propos=
   0.9443   0.0804   0.1417   0.1264   0.1918   0.1694   0.4185   0.3967   0.0861
   0.0215   0.8950   0.0000   0.0397   0.0979   0.0000   0.1633   0.0000   0.2183
   0.0173   0.0000   0.8519   0.0000   0.0000   0.0000   0.0000   0.0000   0.1835
   0.0101   0.0118   0.0000   0.8035   0.0420   0.1221   0.0255   0.3687   0.0837
   0.0043   0.0082   0.0000   0.0117   0.6352   0.0540   0.0000   0.1366   0.0620
   0.0015   0.0000   0.0000   0.0133   0.0210   0.6462   0.0000   0.0000   0.0167
   0.0008   0.0012   0.0000   0.0006   0.0000   0.0000   0.3925   0.0116   0.0000
   0.0000   0.0000   0.0000   0.0002   0.0003   0.0000   0.0003   0.0281   0.0006
   0.0004   0.0035   0.0064   0.0045   0.0119   0.0082   0.0000   0.0583   0.3490
sum P_propos  1.000000  1.000000  1.000000  1.000000  1.000000  1.000000  1.000000  1.000000  1.000000
E_FN1= -1.267230 -1.267230
psiG**2=         0.6658   0.1781   0.0820   0.0536   0.0126   0.0054   0.0008   0.0000   0.0018
psiG**2 * P_L=   0.6673   0.1762   0.0791   0.0528   0.0140   0.0041   0.0010   0.0000   0.0028
psiFN_psiG=      0.6773   0.1747   0.0707   0.0517   0.0171   0.0035   0.0010   0.0000   0.0039
P_L=             1.0023   0.9896   0.9655   0.9863   1.1062   0.7571   1.2569  12.0072   1.5489
W_prod=          1.0174   0.9807   0.8626   0.9656   1.3543   0.6572   1.3546   2.4021   2.1284

P_markov=
   0.9454   0.0803   0.1404   0.1250   0.1918   0.1694   0.4185   0.3967   0.0861
   0.0215   0.8980   0.0000   0.0393   0.0979   0.0000   0.1633   0.0000   0.2183
   0.0173   0.0000   0.8555   0.0000   0.0000   0.0000   0.0000   0.0000   0.1835
   0.0101   0.0118   0.0000   0.8103   0.0420   0.1221   0.0255   0.3687   0.0837
   0.0036   0.0069   0.0000   0.0099   0.6384   0.0495   0.0000   0.1366   0.0620
   0.0014   0.0000   0.0000   0.0122   0.0210   0.6533   0.0000   0.0000   0.0167
   0.0005   0.0007   0.0000   0.0004   0.0000   0.0000   0.3927   0.0116   0.0000
   0.0000   0.0000   0.0000   0.0000   0.0000   0.0000   0.0000   0.0281   0.0000
   0.0002   0.0022   0.0041   0.0028   0.0089   0.0057   0.0000   0.0583   0.3496

eigenvalues of P_markov=  0.028116  0.344990  0.392159  0.611052  0.665690  0.806072  0.835392  0.887949  1.000000
eigenvalues of H_markov=  3.584179  1.999810  1.763965  0.669497  0.396306 -0.305602 -0.452204 -0.714989 -1.275242

eigenval_p,eigenval_h=  1.000000 -1.267230
psi for P_mar=   0.6658   0.1781   0.0820   0.0536   0.0126   0.0054   0.0008   0.0000   0.0018
psiG**2      =   0.6658   0.1781   0.0820   0.0536   0.0126   0.0054   0.0008   0.0000   0.0018
Above 2 lines should be equal since Markov matrix has dominant state psiG**2
The exception to this occurs when there is no sign problem, but some components of psiG have the wrong sign, in which case one has 2 decoupled spaces with degenerate dominant eigenvalues

P_FN3=
   0.9477   0.0795   0.1356   0.1233   0.2122   0.1283   0.5260   4.7629   0.1334
   0.0215   0.8886   0.0000   0.0388   0.1083   0.0000   0.2052   0.0000   0.3381
   0.0173   0.0000   0.8260   0.0000   0.0000   0.0000   0.0000   0.0000   0.2843
   0.0101   0.0117   0.0000   0.7992   0.0464   0.0925   0.0321   4.4270   0.1296
   0.0037   0.0069   0.0000   0.0098   0.7062   0.0375   0.0000   1.6408   0.0961
   0.0014   0.0000   0.0000   0.0121   0.0232   0.4946   0.0000   0.0000   0.0259
   0.0005   0.0007   0.0000   0.0004   0.0000   0.0000   0.4936   0.1393   0.0000
   0.0000   0.0000   0.0000   0.0000   0.0000   0.0000   0.0000   0.3378   0.0001
   0.0002   0.0022   0.0039   0.0028   0.0099   0.0043   0.0000   0.6995   0.5415
E_FN3= -1.261754 -1.261754

eigenvalues of P_FN3=  0.337398  0.486853  0.492790  0.530473  0.703575  0.793456  0.814130  0.877617  0.998905
eigenvalues of H_FN3=  2.045782  1.298505  1.268819  1.080404  0.214897 -0.234509 -0.337879 -0.655313 -1.261754

eigenval_p,eigenval_h=  0.998905 -1.261754
psiFN3_psiG  =   0.6778   0.1753   0.0720   0.0518   0.0156   0.0039   0.0009   0.0000   0.0025

P_FN4=
   0.9465   0.0795   0.1368   0.1247   0.2122   0.1283   0.5260   4.7629   0.1334
   0.0215   0.8857   0.0000   0.0392   0.1083   0.0000   0.2052   0.0000   0.3381
   0.0173   0.0000   0.8225   0.0000   0.0000   0.0000   0.0000   0.0000   0.2843
   0.0101   0.0117   0.0000   0.7925   0.0464   0.0925   0.0321   4.4270   0.1296
   0.0043   0.0081   0.0000   0.0116   0.7027   0.0408   0.0000   1.6408   0.0961
   0.0015   0.0000   0.0000   0.0131   0.0232   0.4893   0.0000   0.0000   0.0259
   0.0008   0.0012   0.0000   0.0006   0.0000   0.0000   0.4933   0.1393   0.0000
   0.0000   0.0000   0.0000   0.0002   0.0003   0.0000   0.0003   0.3378   0.0009
   0.0004   0.0034   0.0062   0.0044   0.0131   0.0062   0.0000   0.6995   0.5406
E_FN4= -1.270045 -1.270045

eigenvalues of P_FN4=  0.331878  0.481142  0.492183  0.526119  0.699785  0.791474  0.812129  0.875558  1.000563
eigenvalues of H_FN4=  2.073378  1.327060  1.271856  1.102174  0.233846 -0.224600 -0.327874 -0.645019 -1.270045

eigenval_p,eigenval_h=  1.000563 -1.270045
psiFN4_psiG  =   0.6719   0.1757   0.0717   0.0522   0.0186   0.0043   0.0015   0.0000   0.0040
FN5: sum_pos  0.000000
FN5: sum_pos  0.059867
FN5: sum_pos  0.139850
FN5: sum_pos  0.023232
FN5: sum_pos  0.340691
FN5: sum_pos  1.599343
FN5: sum_pos  1.939483
FN5: sum_pos 45.718002
FN5: sum_pos  0.069987

P_FN5=
   0.9450   0.0804   0.1405   0.1251   0.2249   0.1822   0.6876   8.3892   0.1345
   0.0215   0.8831   0.0000   0.0393   0.1148   0.0000   0.2683   0.0000   0.3408
   0.0173   0.0000   0.8179   0.0000   0.0000   0.0000   0.0000   0.0000   0.2866
   0.0101   0.0118   0.0000   0.7918   0.0492   0.1313   0.0419   7.7975   0.1307
   0.0043   0.0082   0.0000   0.0116   0.6843   0.0580   0.0000   2.8900   0.0969
   0.0015   0.0000   0.0000   0.0131   0.0246   0.4426   0.0000   0.0000   0.0261
   0.0008   0.0012   0.0000   0.0006   0.0000   0.0000   0.3697   0.2454   0.0000
   0.0000   0.0000   0.0000   0.0002   0.0003   0.0000   0.0004   0.0010   0.0009
   0.0004   0.0035   0.0064   0.0044   0.0139   0.0089   0.0000   1.2321   0.5580
E_FN5= -1.275245 -1.269683

eigenvalues of P_FN5= -0.004204  0.368428  0.432303  0.539585  0.684323  0.791167  0.808639  0.873132  1.000001
eigenvalues of H_FN5=  3.745776  1.882619  1.563243  1.026833  0.303144 -0.231078 -0.318437 -0.640900 -1.275245

eigenval_p,eigenval_h=  1.000001 -1.275245
psiFN5_psiG  =   0.6739   0.1747   0.0707   0.0534   0.0179   0.0040   0.0012   0.0000   0.0042

E_G, E_FN1, E_FN3, E_FN4, E_0, recover_FN1, recover_FN3, recover_FN4, 1-ovlp_FN1, 1-ovlp_FN3, 1-ovlp_FN4, sign_cond_num= -1.254143 -1.267230 -1.261754 -1.270045 -1.275242 0.620 0.361 0.754 2.E-04 2.E-04 1.E-04 0.932

P_propos2=
   0.9443   0.0812   0.1455   0.1268   0.2034   0.2407   0.5471   0.6987   0.0868
   0.0214   0.8939   0.0000   0.0399   0.1038   0.0000   0.2134   0.0000   0.2200
   0.0173   0.0000   0.8479   0.0000   0.0000   0.0000   0.0000   0.0000   0.1850
   0.0100   0.0120   0.0000   0.8029   0.0445   0.1735   0.0334   0.6494   0.0844
   0.0043   0.0082   0.0000   0.0118   0.6133   0.0766   0.0000   0.2407   0.0625
   0.0015   0.0000   0.0000   0.0133   0.0222   0.4975   0.0000   0.0000   0.0169
   0.0008   0.0012   0.0000   0.0006   0.0000   0.0000   0.2058   0.0204   0.0000
   0.0000   0.0000   0.0000   0.0002   0.0003   0.0000   0.0003  -0.7118   0.0006
   0.0004   0.0035   0.0066   0.0045   0.0126   0.0117   0.0000   0.1026   0.3438

eigenvalues of P_FN1_propos= -0.712024  0.204856  0.336446  0.479266  0.618130  0.798326  0.828767  0.883847  1.000000
psi for P_FN1_propos=   0.6691   0.1767   0.0794   0.0530   0.0140   0.0041   0.0010   0.0000   0.0028
psiG**2 * P_L       =   0.6691   0.1767   0.0794   0.0530   0.0140   0.0041   0.0010   0.0000   0.0028
Above 2 lines should be equal since proposal part of P_FN1 has dominant state psiG**2 * P_L
The exception to this occurs when there is no sign problem, but some components of psiG have the wrong sign, in which case one has 2 decoupled spaces with degenerate dominant eigenvalues

gradient_vmc_FD, gradient_vmc=  0.033047  0.033047
Warning: for i=   8, P_FN1(i,i)= -8.5486E+00
E_L_der =         -0.2547   1.1018   0.1107  -0.4659  -1.3600   3.0101  -3.1786  39.6587  -4.0374
E_L_der_increm =  -0.2547   1.1018   0.1107  -0.4659  -1.3600   3.0101  -3.1786  39.6587  -4.0374
The above 2 lines should be equal
psiFN1_psiG  =   0.6773   0.1747   0.0707   0.0517   0.0171   0.0035   0.0010   0.0000   0.0039
psiG_increm**2=                 0.6658    0.1781    0.0820    0.0536    0.0126    0.0054    0.0008    0.0000    0.0018
psiG_increm**2 * P_L_increm=    0.6673    0.1762    0.0791    0.0528    0.0140    0.0041    0.0010    0.0000    0.0028
psiFN_psiG_increm=              0.6773    0.1747    0.0707    0.0517    0.0171    0.0035    0.0010    0.0000    0.0039
W_prod_increm                   1.0174    0.9807    0.8626    0.9656    1.3543    0.6572    1.3546    2.4021    2.1284
W_prod                          1.0174    0.9807    0.8626    0.9656    1.3543    0.6572    1.3546    2.4021    2.1284
W_prod_increm                  1.017397305   0.980671812   0.862573597   0.965575934   1.354269909   0.657198746   1.354601993   2.402094149   2.128364171
W_prod                         1.017397264   0.980671982   0.862573574   0.965575896   1.354269852   0.657198783   1.354601931   2.402094251   2.128364080
W_prod_der=                     0.4093   -1.7022    0.2339    0.3825    0.5681   -0.3709    0.6219   -1.0192    0.9068

E_FN1, E_FN1_increm, gradient_FN1_FD, gradient_FN1= -1.267230 -1.267230 -0.010203 -0.010203

gradient_FN1_FD, gradient_FN1, 1st+2*2nd terms, gradient_FN1_1, gradient_FN1_2, gradient_FN1_3= -0.010203 -0.010203 -0.012433  0.043240 -0.025606 -0.027836
------------------------------------------------------------

Data set    3

H=
  -1.0000   0.0404   0.0718  -0.0811   0.1244  -0.0287  -0.1692  -0.0427  -0.1855
   0.0404  -0.7500   0.0116  -0.1719   0.1516  -0.0466   0.2187  -0.1013   0.0946
   0.0718   0.0116  -0.5000   0.2356  -0.0595  -0.1163   0.2479  -0.1902  -0.0795
  -0.0811  -0.1719   0.2356  -0.2500  -0.0695   0.2271   0.0548   0.1091  -0.0390
   0.1244   0.1516  -0.0595  -0.0695   0.0000  -0.1933  -0.1028  -0.1993  -0.1509
  -0.0287  -0.0466  -0.1163   0.2271  -0.1933   0.2500   0.0086  -0.2237   0.1178
  -0.1692   0.2187   0.2479   0.0548  -0.1028   0.0086   0.5000   0.0091  -0.1426
  -0.0427  -0.1013  -0.1902   0.1091  -0.1993  -0.2237   0.0091   0.7500  -0.1474
  -0.1855   0.0946  -0.0795  -0.0390  -0.1509   0.1178  -0.1426  -0.1474   1.0000

eigenval_p,eigenval_h=  1.000000 -1.090220
psi for P    =   0.9278  -0.1370  -0.2455   0.1362  -0.0797  -0.0542   0.1543  -0.0284   0.0876

eigenvalues of P=  0.550256  0.616635  0.656030  0.701815  0.809833  0.820163  0.923548  0.959326  1.000000
eigenvalues of H=  1.158502  0.826606  0.629632  0.400707 -0.139383 -0.191035 -0.707961 -0.886848 -1.090220
tau, tau_max= 0.200000 0.444697
P=
   0.9820  -0.0081  -0.0144   0.0162  -0.0249   0.0057   0.0338   0.0085   0.0371
  -0.0081   0.9320  -0.0023   0.0344  -0.0303   0.0093  -0.0437   0.0203  -0.0189
  -0.0144  -0.0023   0.8820  -0.0471   0.0119   0.0233  -0.0496   0.0380   0.0159
   0.0162   0.0344  -0.0471   0.8320   0.0139  -0.0454  -0.0110  -0.0218   0.0078
  -0.0249  -0.0303   0.0119   0.0139   0.7820   0.0387   0.0206   0.0399   0.0302
   0.0057   0.0093   0.0233  -0.0454   0.0387   0.7320  -0.0017   0.0447  -0.0236
   0.0338  -0.0437  -0.0496  -0.0110   0.0206  -0.0017   0.6820  -0.0018   0.0285
   0.0085   0.0203   0.0380  -0.0218   0.0399   0.0447  -0.0018   0.6320   0.0295
   0.0371  -0.0189   0.0159   0.0078   0.0302  -0.0236   0.0285   0.0295   0.5820

sum_P_eig,sum_abs_P_eig,sign_condition_number=  1.850582  1.961377  0.747714

P after making eigenvec +ve =
   0.9820   0.0081   0.0144   0.0162   0.0249  -0.0057   0.0338  -0.0085   0.0371
   0.0081   0.9320  -0.0023  -0.0344  -0.0303   0.0093   0.0437   0.0203   0.0189
   0.0144  -0.0023   0.8820   0.0471   0.0119   0.0233   0.0496   0.0380  -0.0159
   0.0162  -0.0344   0.0471   0.8320  -0.0139   0.0454  -0.0110   0.0218   0.0078
   0.0249  -0.0303   0.0119  -0.0139   0.7820   0.0387  -0.0206   0.0399  -0.0302
  -0.0057   0.0093   0.0233   0.0454   0.0387   0.7320   0.0017   0.0447   0.0236
   0.0338   0.0437   0.0496  -0.0110  -0.0206   0.0017   0.6820   0.0018   0.0285
  -0.0085   0.0203   0.0380   0.0218   0.0399   0.0447   0.0018   0.6320  -0.0295
   0.0371   0.0189  -0.0159   0.0078  -0.0302   0.0236   0.0285  -0.0295   0.5820

1+(E_0*1-H) (i.e. P with tau=1) after making eigenvec +ve =
   0.9098  -0.0404  -0.0718  -0.0811  -0.1244   0.0287  -0.1692   0.0427  -0.1855
  -0.0404   0.6598   0.0116   0.1719   0.1516  -0.0466  -0.2187  -0.1013  -0.0946
  -0.0718   0.0116   0.4098  -0.2356  -0.0595  -0.1163  -0.2479  -0.1902   0.0795
  -0.0811   0.1719  -0.2356   0.1598   0.0695  -0.2271   0.0548  -0.1091  -0.0390
  -0.1244   0.1516  -0.0595   0.0695  -0.0902  -0.1933   0.1028  -0.1993   0.1509
   0.0287  -0.0466  -0.1163  -0.2271  -0.1933  -0.3402  -0.0086  -0.2237  -0.1178
  -0.1692  -0.2187  -0.2479   0.0548   0.1028  -0.0086  -0.5902  -0.0091  -0.1426
   0.0427  -0.1013  -0.1902  -0.1091  -0.1993  -0.2237  -0.0091  -0.8402   0.1474
  -0.1855  -0.0946   0.0795  -0.0390   0.1509  -0.1178  -0.1426   0.1474  -1.0902
psi0         =   0.9278   0.1370   0.2455   0.1362   0.0797   0.0542   0.1543   0.0284   0.0876
psiG         =   0.9066   0.0502   0.2931   0.1042   0.1544   0.0379   0.1688  -0.0249   0.1562

E_G= -1.059886

H_imp=
  -1.0000  -0.7303  -0.2222  -0.7058  -0.7304   0.6857  -0.9087  -1.5562  -1.0768
  -0.0022  -0.7500   0.0020   0.0828   0.0493  -0.0617  -0.0650   0.2043  -0.0304
  -0.0232   0.0680  -0.5000  -0.6626  -0.1130  -0.8996  -0.4305   2.2404   0.1491
  -0.0093   0.3571  -0.0838  -0.2500   0.0470  -0.6246   0.0338   0.4572  -0.0260
  -0.0212   0.4663  -0.0313   0.1030   0.0000  -0.7874   0.0940   1.2370   0.1492
   0.0012  -0.0352  -0.0150  -0.0825  -0.0474   0.2500  -0.0019   0.3407  -0.0286
  -0.0315  -0.7356  -0.1428   0.0887   0.1124  -0.0384   0.5000   0.0616  -0.1541
  -0.0012   0.0502   0.0161   0.0261   0.0321   0.1469   0.0013   0.7500  -0.0235
  -0.0319  -0.2945   0.0423  -0.0584   0.1526  -0.4855  -0.1319  -0.9253   1.0000

P_imp=
   0.9820   0.1461   0.0444   0.1412   0.1461  -0.1371   0.1817   0.3112   0.2154
   0.0004   0.9320  -0.0004  -0.0166  -0.0099   0.0123   0.0130  -0.0409   0.0061
   0.0046  -0.0136   0.8820   0.1325   0.0226   0.1799   0.0861  -0.4481  -0.0298
   0.0019  -0.0714   0.0168   0.8320  -0.0094   0.1249  -0.0068  -0.0914   0.0052
