Input hamiltonian
hamiltonian=random                                                                          
Input ndim, E_T, tau
ndim, E_T, tau=    9-20.000000 0.010000
Input fraction_positive, off_diag_mag, psiG_noise
fraction_positive, off_diag_mag,psiG_noise= 0.500000 0.500000 2.000000
psiG_correct_sign
psiG_correct_sign= F
Input irand_seed
irand_seed=1425565376542456

Data set    1

H=
  -1.0000   0.0800   0.1401  -0.1696   0.0630   0.1789  -0.0366  -0.0928  -0.2290
   0.0800  -0.7500   0.0859   0.2028  -0.0542   0.1379   0.1569  -0.0799  -0.2353
   0.1401   0.0859  -0.5000   0.1165  -0.2461  -0.0961  -0.2234  -0.1402   0.2370
  -0.1696   0.2028   0.1165  -0.2500  -0.0711  -0.2226   0.0454   0.1250  -0.0263
   0.0630  -0.0542  -0.2461  -0.0711   0.0000  -0.0210   0.1375  -0.2232  -0.0393
   0.1789   0.1379  -0.0961  -0.2226  -0.0210   0.2500  -0.2276  -0.1955  -0.0772
  -0.0366   0.1569  -0.2234   0.0454   0.1375  -0.2276   0.5000  -0.2075  -0.1275
  -0.0928  -0.0799  -0.1402   0.1250  -0.2232  -0.1955  -0.2075   0.7500  -0.0525
  -0.2290  -0.2353   0.2370  -0.0263  -0.0393  -0.0772  -0.1275  -0.0525   1.0000

eigenval_p,eigenval_h=  1.000000 -1.153737
psi for P    =   0.8957  -0.1375  -0.3155   0.2159  -0.1095  -0.0884  -0.0127  -0.0197   0.1112

eigenvalues of P=  0.976918  0.978882  0.981586  0.986967  0.988261  0.991220  0.994558  0.997772  1.000000
eigenvalues of H=  1.154489  0.958038  0.687698  0.149593  0.020158 -0.275736 -0.609584 -0.930919 -1.153737
tau, tau_max= 0.010000 0.433233
P=
   0.9985  -0.0008  -0.0014   0.0017  -0.0006  -0.0018   0.0004   0.0009   0.0023
  -0.0008   0.9960  -0.0009  -0.0020   0.0005  -0.0014  -0.0016   0.0008   0.0024
  -0.0014  -0.0009   0.9935  -0.0012   0.0025   0.0010   0.0022   0.0014  -0.0024
   0.0017  -0.0020  -0.0012   0.9910   0.0007   0.0022  -0.0005  -0.0012   0.0003
  -0.0006   0.0005   0.0025   0.0007   0.9885   0.0002  -0.0014   0.0022   0.0004
  -0.0018  -0.0014   0.0010   0.0022   0.0002   0.9860   0.0023   0.0020   0.0008
   0.0004  -0.0016   0.0022  -0.0005  -0.0014   0.0023   0.9835   0.0021   0.0013
   0.0009   0.0008   0.0014  -0.0012   0.0022   0.0020   0.0021   0.9810   0.0005
   0.0023   0.0024  -0.0024   0.0003   0.0004   0.0008   0.0013   0.0005   0.9785

sum_P_eig,sum_abs_P_eig,sign_condition_number=  1.905979  1.914473  0.641049

P after making eigenvec +ve =
   0.9985   0.0008   0.0014   0.0017   0.0006   0.0018  -0.0004  -0.0009   0.0023
   0.0008   0.9960  -0.0009   0.0020   0.0005  -0.0014  -0.0016   0.0008  -0.0024
   0.0014  -0.0009   0.9935   0.0012   0.0025   0.0010   0.0022   0.0014   0.0024
   0.0017   0.0020   0.0012   0.9910  -0.0007  -0.0022   0.0005   0.0012   0.0003
   0.0006   0.0005   0.0025  -0.0007   0.9885   0.0002  -0.0014   0.0022  -0.0004
   0.0018  -0.0014   0.0010  -0.0022   0.0002   0.9860   0.0023   0.0020  -0.0008
  -0.0004  -0.0016   0.0022   0.0005  -0.0014   0.0023   0.9835   0.0021  -0.0013
  -0.0009   0.0008   0.0014   0.0012   0.0022   0.0020   0.0021   0.9810  -0.0005
   0.0023  -0.0024   0.0024   0.0003  -0.0004  -0.0008  -0.0013  -0.0005   0.9785

1+(E_0*1-H) (i.e. P with tau=1) after making eigenvec +ve =
   0.8463  -0.0800  -0.1401  -0.1696  -0.0630  -0.1789   0.0366   0.0928  -0.2290
  -0.0800   0.5963   0.0859  -0.2028  -0.0542   0.1379   0.1569  -0.0799   0.2353
  -0.1401   0.0859   0.3463  -0.1165  -0.2461  -0.0961  -0.2234  -0.1402  -0.2370
  -0.1696  -0.2028  -0.1165   0.0963   0.0711   0.2226  -0.0454  -0.1250  -0.0263
  -0.0630  -0.0542  -0.2461   0.0711  -0.1537  -0.0210   0.1375  -0.2232   0.0393
  -0.1789   0.1379  -0.0961   0.2226  -0.0210  -0.4037  -0.2276  -0.1955   0.0772
   0.0366   0.1569  -0.2234  -0.0454   0.1375  -0.2276  -0.6537  -0.2075   0.1275
   0.0928  -0.0799  -0.1402  -0.1250  -0.2232  -0.1955  -0.2075  -0.9037   0.0525
  -0.2290   0.2353  -0.2370  -0.0263   0.0393   0.0772   0.1275   0.0525  -1.1537
psi0         =   0.8957   0.1375   0.3155   0.2159   0.1095   0.0884   0.0127   0.0197   0.1112
psiG         =   0.0178  -0.3841   0.5567  -0.0041   0.4860  -0.0970  -0.3672   0.3794  -0.1335

E_G= -0.109978

H_imp=
  -1.0000   0.0037  -0.0045   0.7313  -0.0023   0.0329  -0.0018   0.0044   0.0306
   1.7224  -0.7500  -0.0593 -18.8293   0.0428   0.5456   0.1641   0.0809   0.6769
  -4.3747  -0.1245  -0.5000  15.6814  -0.2819   0.5514   0.3387  -0.2057   0.9883
   0.0394  -0.0022   0.0009  -0.2500  -0.0006   0.0095  -0.0005   0.0014  -0.0008
  -1.7174   0.0686  -0.2149  -8.3517   0.0000   0.1053  -0.1820  -0.2859  -0.1430
   0.9737   0.0348   0.0168   5.2225   0.0042   0.2500  -0.0601   0.0500   0.0562
  -0.7528   0.1500   0.1474  -4.0307  -0.1039  -0.8611   0.5000   0.2008   0.3507
   1.9748   0.0789  -0.0956  11.4650  -0.1742   0.7646   0.2144   0.7500  -0.1494
   1.7141   0.0818   0.0568  -0.8502  -0.0108   0.1063   0.0464  -0.0185   1.0000

P_imp=
   0.9985  -0.0000   0.0000  -0.0073   0.0000  -0.0003   0.0000  -0.0000  -0.0003
  -0.0172   0.9960   0.0006   0.1883  -0.0004  -0.0055  -0.0016  -0.0008  -0.0068
   0.0437   0.0012   0.9935  -0.1568   0.0028  -0.0055  -0.0034   0.0021  -0.0099
  -0.0004   0.0000  -0.0000   0.9910   0.0000  -0.0001   0.0000  -0.0000   0.0000
   0.0172  -0.0007   0.0021   0.0835   0.9885  -0.0011   0.0018   0.0029   0.0014
  -0.0097  -0.0003  -0.0002  -0.0522  -0.0000   0.9860   0.0006  -0.0005  -0.0006
   0.0075  -0.0015  -0.0015   0.0403   0.0010   0.0086   0.9835  -0.0020  -0.0035
  -0.0197  -0.0008   0.0010  -0.1146   0.0017  -0.0076  -0.0021   0.9810   0.0015
  -0.0171  -0.0008  -0.0006   0.0085   0.0001  -0.0011  -0.0005   0.0002   0.9785
tau_av_expon_proj    = 0.075363 1.836386 1.677878 0.015346 1.610822 0.335957 0.992024 1.180072 0.417382
tau_av_expon_proj_new= 6.504622 2.476861 1.529668 1.106517 0.866749 0.712384 0.604691 0.525283 0.464309
factor=                2.686969 1.295094 0.907655 2.680842 0.423812 1.696223 0.527004 0.287496 1.106353
factor2=                86.3108   1.3488   0.9117  72.1029   0.5381   2.1205   0.6096   0.4451   1.1124

eigenvalues of P_imp=  0.976918  0.978882  0.981586  0.986967  0.988261  0.991220  0.994558  0.997772  1.000000
eigenvalues of H_imp=  1.154489  0.958038  0.687698  0.149593  0.020158 -0.275736 -0.609584 -0.930919 -1.153737

eigenval_p,eigenval_h=  1.000000 -1.153737
psi0_psiG    =   0.0478  -0.1580   0.5257  -0.0027   0.1593  -0.0257  -0.0139   0.0224  -0.0444

imp-sampled: sum_P_eig,sum_abs_P_eig,sign_condition_number=  1.000000  1.007243  0.485946

P_FN1=
   0.9342   0.0000   0.0000   0.0000   0.0000   0.0000   0.0000   0.0000   0.0000
   0.0000   0.9918   0.0006   0.1883   0.0000   0.0000   0.0000   0.0000   0.0000
   0.0437   0.0012   0.9912   0.0000   0.0028   0.0000   0.0000   0.0021   0.0000
   0.0000   0.0000   0.0000   0.6600   0.0000   0.0000   0.0000   0.0000   0.0000
   0.0172   0.0000   0.0021   0.0835   0.9880   0.0000   0.0018   0.0029   0.0014
   0.0000   0.0000   0.0000   0.0000   0.0000   0.9648   0.0006   0.0000   0.0000
   0.0075   0.0000   0.0000   0.0403   0.0010   0.0086   0.9758   0.0000   0.0000
   0.0000   0.0000   0.0010   0.0000   0.0017   0.0000   0.0000   0.9776   0.0015
   0.0000   0.0000   0.0000   0.0085   0.0001   0.0000   0.0000   0.0002   0.9574

eigenvalues of P_FN1=  0.659946  0.934176  0.957418  0.964353  0.976070  0.977147  0.986925  0.991483  0.993342
eigenvalues of H_FN1= 32.851697  5.428693  3.104420  2.410922  1.239282  1.131561  0.153764 -0.302061 -0.487918

eigenval_p,eigenval_h=  0.993342 -0.487918
psiFN1_psiG =    0.0005   0.1916   0.4982   0.0000   0.2373   0.0003   0.0145   0.0566   0.0010

E_0, E_G, E_FN1, E_G-E_0, E_FN1-E_0, rms fluctuation of E_L  -1.15374  -0.10998  -0.48792   1.04376   0.66582   0.35166
E_L     =  -1.4205  -0.4588  -0.6524   0.7883  -0.5267   1.5044   1.0191   0.5773   2.8095
P_L     =   1.0093   0.9997   1.0016   0.9872   1.0004   0.9801   0.9849   0.9893   0.9670
P_abs_L =   1.0669   0.9972   0.9972   1.3116   0.9942   0.9946   0.9859   0.9861   0.9814

P_propos=
   0.9358   0.0000   0.0000   0.0000   0.0000   0.0000   0.0000   0.0000   0.0000
   0.0000   0.9987   0.0006   0.1436   0.0000   0.0000   0.0000   0.0000   0.0000
   0.0410   0.0012   0.9962   0.0000   0.0028   0.0000   0.0000   0.0021   0.0000
   0.0000   0.0000   0.0000   0.7555   0.0000   0.0000   0.0000   0.0000   0.0000
   0.0161   0.0000   0.0022   0.0637   0.9942   0.0000   0.0018   0.0029   0.0015
   0.0000   0.0000   0.0000   0.0000   0.0000   0.9913   0.0006   0.0000   0.0000
   0.0071   0.0000   0.0000   0.0307   0.0010   0.0087   0.9975   0.0000   0.0000
   0.0000   0.0000   0.0010   0.0000   0.0018   0.0000   0.0000   0.9948   0.0015
   0.0000   0.0000   0.0000   0.0065   0.0001   0.0000   0.0000   0.0002   0.9970
sum P_propos  1.000000  1.000000  1.000000  1.000000  1.000000  1.000000  1.000000  1.000000  1.000000
E_FN1= -0.487918 -0.487918
psiG**2=         0.0003   0.1475   0.3099   0.0000   0.2362   0.0094   0.1348   0.1440   0.0178
psiG**2 * P_L=   0.0003   0.1475   0.3104   0.0000   0.2363   0.0092   0.1328   0.1424   0.0172
psiFN_psiG=      0.0005   0.1916   0.4982   0.0000   0.2373   0.0003   0.0145   0.0566   0.0010
P_L=             1.0093   0.9997   1.0016   0.9872   1.0004   0.9801   0.9849   0.9893   0.9670
W_prod=          1.4950   1.2990   1.6076   0.9998   1.0047   0.0324   0.1073   0.3929   0.0566

P_markov=
   0.9358   0.0000   0.0000   0.0000   0.0000   0.0000   0.0000   0.0000   0.0000
   0.0000   0.9987   0.0006   0.1436   0.0000   0.0000   0.0000   0.0000   0.0000
   0.0410   0.0012   0.9963   0.0000   0.0028   0.0000   0.0000   0.0021   0.0000
   0.0000   0.0000   0.0000   0.7555   0.0000   0.0000   0.0000   0.0000   0.0000
   0.0161   0.0000   0.0022   0.0637   0.9942   0.0000   0.0018   0.0029   0.0014
   0.0000   0.0000   0.0000   0.0000   0.0000   0.9913   0.0006   0.0000   0.0000
   0.0071   0.0000   0.0000   0.0307   0.0010   0.0087   0.9975   0.0000   0.0000
   0.0000   0.0000   0.0010   0.0000   0.0018   0.0000   0.0000   0.9949   0.0015
   0.0000   0.0000   0.0000   0.0065   0.0001   0.0000   0.0000   0.0002   0.9970

eigenvalues of P_markov=  0.755536  0.935809  0.990485  0.991879  0.993970  0.996976  0.997984  0.998780  1.000000
eigenvalues of H_markov= 23.292635  5.265339 -0.202274 -0.341615 -0.550703 -0.851356 -0.952132 -1.031724 -1.153737

eigenval_p,eigenval_h=  1.000000 -0.487918
psi for P_mar=   0.0003   0.1475   0.3099   0.0000   0.2362   0.0094   0.1348   0.1440   0.0178
psiG**2      =   0.0003   0.1475   0.3099   0.0000   0.2362   0.0094   0.1348   0.1440   0.0178
Above 2 lines should be equal since Markov matrix has dominant state psiG**2
The exception to this occurs when there is no sign problem, but some components of psiG have the wrong sign, in which case one has 2 decoupled spaces with degenerate dominant eigenvalues

P_FN3=
   0.9446   0.0000   0.0000   0.0000   0.0000   0.0000   0.0000   0.0000   0.0000
   0.0000   0.9984   0.0006   0.1417   0.0000   0.0000   0.0000   0.0000   0.0000
   0.0414   0.0012   0.9979   0.0000   0.0028   0.0000   0.0000   0.0020   0.0000
   0.0000   0.0000   0.0000   0.7459   0.0000   0.0000   0.0000   0.0000   0.0000
   0.0162   0.0000   0.0022   0.0629   0.9946   0.0000   0.0018   0.0028   0.0014
   0.0000   0.0000   0.0000   0.0000   0.0000   0.9716   0.0006   0.0000   0.0000
   0.0071   0.0000   0.0000   0.0303   0.0010   0.0085   0.9825   0.0000   0.0000
   0.0000   0.0000   0.0010   0.0000   0.0018   0.0000   0.0000   0.9843   0.0015
   0.0000   0.0000   0.0000   0.0064   0.0001   0.0000   0.0000   0.0002   0.9642
E_FN3= -0.487247 -0.487247

eigenvalues of P_FN3=  0.745894  0.944531  0.964147  0.971144  0.982747  0.983832  0.993555  0.998137  0.999993
eigenvalues of H_FN3= 24.922679  5.059029  3.097391  2.397696  1.237429  1.128842  0.156627 -0.301667 -0.487247

eigenval_p,eigenval_h=  0.999993 -0.487247
psiFN3_psiG  =   0.0005   0.1927   0.4972   0.0000   0.2369   0.0003   0.0145   0.0569   0.0010

P_FN4=
   0.9446   0.0000   0.0000   0.0000   0.0000   0.0000   0.0000   0.0000   0.0000
   0.0000   0.9984   0.0006   0.1417   0.0000   0.0000   0.0000   0.0000   0.0000
   0.0414   0.0012   0.9979   0.0000   0.0028   0.0000   0.0000   0.0021   0.0000
   0.0000   0.0000   0.0000   0.7459   0.0000   0.0000   0.0000   0.0000   0.0000
   0.0162   0.0000   0.0022   0.0629   0.9946   0.0000   0.0018   0.0029   0.0014
   0.0000   0.0000   0.0000   0.0000   0.0000   0.9716   0.0006   0.0000   0.0000
   0.0071   0.0000   0.0000   0.0303   0.0010   0.0085   0.9825   0.0000   0.0000
   0.0000   0.0000   0.0010   0.0000   0.0018   0.0000   0.0000   0.9842   0.0015
   0.0000   0.0000   0.0000   0.0064   0.0001   0.0000   0.0000   0.0002   0.9641
E_FN4= -0.487522 -0.487522

eigenvalues of P_FN4=  0.745890  0.944528  0.964120  0.971139  0.982725  0.983785  0.993544  0.998136  0.999996
eigenvalues of H_FN4= 24.923033  5.059323  3.100113  2.398164  1.239583  1.133532  0.157685 -0.301481 -0.487522

eigenval_p,eigenval_h=  0.999996 -0.487522
psiFN4_psiG  =   0.0005   0.1923   0.4977   0.0000   0.2368   0.0003   0.0145   0.0567   0.0010
Warning: for FN5, sum_neg,sum_pos,ratio -0.417852  0.126696 -3.298077
Warning: for FN5, sum_neg,sum_pos,ratio-33.100216 32.061869 -1.032386
Warning: for FN5, sum_neg,sum_pos,ratio -2.115477  0.861092 -2.456737
Warning: for FN5, sum_neg,sum_pos,ratio -0.763593  0.244446 -3.123768
Warning: for FN5, sum_neg,sum_pos,ratio -2.102691  0.293196 -7.171618

P_FN5=
   0.9985   0.0000   0.0000   0.0000   0.0000   0.0000  -0.0000   0.0000   0.0000
   0.0000   0.9960   0.0002  -0.0061   0.0000   0.0000   0.0000   0.0000   0.0000
   0.0027  -0.0029   0.9935   0.0000   0.0026   0.0000   0.0000   0.0007   0.0000
   0.0000  -0.0001   0.0000   0.9910   0.0000   0.0000  -0.0000   0.0000  -0.0001
   0.0011   0.0000   0.0009  -0.0027   0.9885   0.0000  -0.0039   0.0010  -0.0088
   0.0000   0.0000   0.0000   0.0000   0.0000   0.9860  -0.0013   0.0000   0.0000
   0.0005   0.0000   0.0000  -0.0013   0.0010  -0.0125   0.9835   0.0000   0.0000
   0.0000   0.0000   0.0004   0.0000   0.0016   0.0000   0.0000   0.9810  -0.0092
   0.0000   0.0000   0.0000  -0.0003   0.0001   0.0000   0.0000   0.0001   0.9785
E_FN5= -1.001196 -1.001196

eigenvalues of P_FN5=  0.978751  0.980702  0.980702  0.988363  0.988363  0.990910  0.994236  0.995663  0.998475
eigenvalues of H_FN5=  0.971155  0.776078  0.776078  0.010005  0.010005 -0.244693 -0.577350 -0.720081 -1.001196

eigenval_p,eigenval_h=  0.998475 -1.001196
psiFN5_psiG  =   0.5398   0.0305   0.3133  -0.0002   0.0762  -0.0024   0.0235   0.0137   0.0004

E_G, E_FN1, E_FN3, E_FN4, E_0, recover_FN1, recover_FN3, recover_FN4, 1-ovlp_FN1, 1-ovlp_FN3, 1-ovlp_FN4, sign_cond_num= -0.109978 -0.487918 -0.487247 -0.487522 -1.153737 0.362 0.361 0.362 2.E-01 2.E-01 2.E-01 0.486

P_propos2=
   0.9322   0.0000   0.0000   0.0000   0.0000   0.0000   0.0000   0.0000   0.0000
   0.0000   0.9987   0.0006   0.1907   0.0000   0.0000   0.0000   0.0000   0.0000
   0.0433   0.0012   0.9963   0.0000   0.0028   0.0000   0.0000   0.0021   0.0000
   0.0000   0.0000   0.0000   0.6752   0.0000   0.0000   0.0000   0.0000   0.0000
   0.0170   0.0000   0.0021   0.0846   0.9943   0.0000   0.0018   0.0029   0.0015
   0.0000   0.0000   0.0000   0.0000   0.0000   0.9912   0.0006   0.0000   0.0000
   0.0075   0.0000   0.0000   0.0408   0.0010   0.0088   0.9975   0.0000   0.0000
   0.0000   0.0000   0.0010   0.0000   0.0017   0.0000   0.0000   0.9948   0.0015
   0.0000   0.0000   0.0000   0.0086   0.0001   0.0000   0.0000   0.0002   0.9970

eigenvalues of P_FN1_propos=  0.675221  0.932147  0.990361  0.991886  0.993957  0.996911  0.997969  0.998775  1.000000
psi for P_FN1_propos=   0.0003   0.1480   0.3116   0.0000   0.2372   0.0093   0.1333   0.1430   0.0173
psiG**2 * P_L       =   0.0003   0.1480   0.3116   0.0000   0.2372   0.0093   0.1333   0.1430   0.0173
Above 2 lines should be equal since proposal part of P_FN1 has dominant state psiG**2 * P_L
The exception to this occurs when there is no sign problem, but some components of psiG have the wrong sign, in which case one has 2 decoupled spaces with degenerate dominant eigenvalues

gradient_vmc_FD, gradient_vmc=  0.267975  0.267976
E_L_der =         -4.4847   0.7581   0.1543  49.0261  -0.1116  -1.4206  -0.4273  -0.2105  -1.7625
E_L_der_increm =  -4.4847   0.7581   0.1543  49.0261  -0.1116  -1.4206  -0.4273  -0.2105  -1.7625
The above 2 lines should be equal
psiFN1_psiG  =   0.0005   0.1916   0.4982   0.0000   0.2373   0.0003   0.0145   0.0566   0.0010
psiG_increm**2=                 0.0003    0.1475    0.3099    0.0000    0.2362    0.0094    0.1348    0.1440    0.0178
psiG_increm**2 * P_L_increm=    0.0003    0.1475    0.3104    0.0000    0.2363    0.0092    0.1328    0.1424    0.0172
psiFN_psiG_increm=              0.0005    0.1916    0.4982    0.0000    0.2373    0.0003    0.0145    0.0566    0.0010
W_prod_increm                   1.4950    1.2990    1.6076    0.9998    1.0047    0.0324    0.1073    0.3929    0.0566
W_prod                          1.4950    1.2990    1.6076    0.9998    1.0047    0.0324    0.1073    0.3929    0.0566
W_prod_increm                  1.494999116   1.298984886   1.607562404   0.999783619   1.004736398   0.032390398   0.107331865   0.392924831   0.056593412
W_prod                         1.494998880   1.298985226   1.607562298   0.999783967   1.004736268   0.032390391   0.107331847   0.392924783   0.056593402
W_prod_der=                     2.3635   -3.3964    1.0592   -3.4732    1.3013    0.0713    0.1762    0.4729    0.1013

E_FN1, E_FN1_increm, gradient_FN1_FD, gradient_FN1= -0.487918 -0.487918  0.179416  0.179417

gradient_FN1_FD, gradient_FN1, 1st+2*2nd terms, gradient_FN1_1, gradient_FN1_2, gradient_FN1_3=  0.179416  0.179417  0.319105 -0.029011  0.034370  0.174058
------------------------------------------------------------

Data set    2

H=
  -1.0000   0.2078   0.2465  -0.1774   0.1550   0.0818   0.1172   0.0597   0.0351
   0.2078  -0.7500   0.0317   0.1078  -0.1529   0.2204  -0.0884   0.0460  -0.1722
   0.2465   0.0317  -0.5000  -0.0188   0.1205   0.0786   0.1065   0.0542  -0.2134
  -0.1774   0.1078  -0.0188  -0.2500   0.1196   0.2078   0.0252   0.1955   0.1204
   0.1550  -0.1529   0.1205   0.1196   0.0000  -0.1889   0.1373  -0.1491  -0.1836
   0.0818   0.2204   0.0786   0.2078  -0.1889   0.2500   0.0471   0.2473  -0.0761
   0.1172  -0.0884   0.1065   0.0252   0.1373   0.0471   0.5000  -0.0512   0.1073
   0.0597   0.0460   0.0542   0.1955  -0.1491   0.2473  -0.0512   0.7500  -0.1677
   0.0351  -0.1722  -0.2134   0.1204  -0.1836  -0.0761   0.1073  -0.1677   1.0000

eigenval_p,eigenval_h=  1.000000 -1.275242
psi for P    =   0.8174  -0.4330  -0.2248   0.2275  -0.1681  -0.0167  -0.0476  -0.0495  -0.0940

eigenvalues of P=  0.975280  0.978413  0.981483  0.984826  0.987465  0.990188  0.992720  0.994853  1.000000
eigenvalues of H=  1.196769  0.883489  0.576467  0.242178 -0.021770 -0.294090 -0.547235 -0.760567 -1.275242
tau, tau_max= 0.010000 0.404529
P=
   0.9972  -0.0021  -0.0025   0.0018  -0.0016  -0.0008  -0.0012  -0.0006  -0.0004
  -0.0021   0.9947  -0.0003  -0.0011   0.0015  -0.0022   0.0009  -0.0005   0.0017
  -0.0025  -0.0003   0.9922   0.0002  -0.0012  -0.0008  -0.0011  -0.0005   0.0021
   0.0018  -0.0011   0.0002   0.9897  -0.0012  -0.0021  -0.0003  -0.0020  -0.0012
  -0.0016   0.0015  -0.0012  -0.0012   0.9872   0.0019  -0.0014   0.0015   0.0018
  -0.0008  -0.0022  -0.0008  -0.0021   0.0019   0.9847  -0.0005  -0.0025   0.0008
  -0.0012   0.0009  -0.0011  -0.0003  -0.0014  -0.0005   0.9822   0.0005  -0.0011
  -0.0006  -0.0005  -0.0005  -0.0020   0.0015  -0.0025   0.0005   0.9797   0.0017
  -0.0004   0.0017   0.0021  -0.0012   0.0018   0.0008  -0.0011   0.0017   0.9772

sum_P_eig,sum_abs_P_eig,sign_condition_number=  2.078525  2.085026  0.731788

P after making eigenvec +ve =
   0.9972   0.0021   0.0025   0.0018   0.0016   0.0008   0.0012   0.0006   0.0004
   0.0021   0.9947  -0.0003   0.0011   0.0015  -0.0022   0.0009  -0.0005   0.0017
   0.0025  -0.0003   0.9922  -0.0002  -0.0012  -0.0008  -0.0011  -0.0005   0.0021
   0.0018   0.0011  -0.0002   0.9897   0.0012   0.0021   0.0003   0.0020   0.0012
   0.0016   0.0015  -0.0012   0.0012   0.9872   0.0019  -0.0014   0.0015   0.0018
   0.0008  -0.0022  -0.0008   0.0021   0.0019   0.9847  -0.0005  -0.0025   0.0008
   0.0012   0.0009  -0.0011   0.0003  -0.0014  -0.0005   0.9822   0.0005  -0.0011
   0.0006  -0.0005  -0.0005   0.0020   0.0015  -0.0025   0.0005   0.9797   0.0017
   0.0004   0.0017   0.0021   0.0012   0.0018   0.0008  -0.0011   0.0017   0.9772

1+(E_0*1-H) (i.e. P with tau=1) after making eigenvec +ve =
   0.7248  -0.2078  -0.2465  -0.1774  -0.1550  -0.0818  -0.1172  -0.0597  -0.0351
  -0.2078   0.4748   0.0317  -0.1078  -0.1529   0.2204  -0.0884   0.0460  -0.1722
  -0.2465   0.0317   0.2248   0.0188   0.1205   0.0786   0.1065   0.0542  -0.2134
  -0.1774  -0.1078   0.0188  -0.0252  -0.1196  -0.2078  -0.0252  -0.1955  -0.1204
  -0.1550  -0.1529   0.1205  -0.1196  -0.2752  -0.1889   0.1373  -0.1491  -0.1836
  -0.0818   0.2204   0.0786  -0.2078  -0.1889  -0.5252   0.0471   0.2473  -0.0761
  -0.1172  -0.0884   0.1065  -0.0252   0.1373   0.0471  -0.7752  -0.0512   0.1073
  -0.0597   0.0460   0.0542  -0.1955  -0.1491   0.2473  -0.0512  -1.0252  -0.1677
  -0.0351  -0.1722  -0.2134  -0.1204  -0.1836  -0.0761   0.1073  -0.1677  -1.2752
psi0         =   0.8174   0.4330   0.2248   0.2275   0.1681   0.0167   0.0476   0.0495   0.0940
psiG         =   0.7029   0.3273   0.4680   0.2150  -0.1008   0.2654  -0.0464  -0.1715  -0.1464

E_G= -0.859962

H_imp=
  -1.0000  -0.4463  -0.3703  -0.5799   1.0808  -0.2165   1.7756   0.2445   0.1687
  -0.0968  -0.7500   0.0222  -0.1641   0.4965   0.2718   0.6237  -0.0878   0.3849
  -0.1641   0.0453  -0.5000   0.0409  -0.5592   0.1385  -1.0739  -0.1479   0.6822
  -0.0543  -0.0708   0.0086  -0.2500   0.2550  -0.1683   0.1168   0.2451   0.1768
   0.0222   0.0471  -0.0260   0.0561   0.0000   0.0718   0.2983  -0.0877  -0.1265
  -0.0309   0.1787   0.0446  -0.2565   0.4973   0.2500  -0.2692  -0.3826   0.1380
   0.0077   0.0125  -0.0106   0.0054   0.0632  -0.0082   0.5000  -0.0139   0.0340
   0.0146  -0.0241  -0.0199   0.1560  -0.2538  -0.1598  -0.1892   0.7500  -0.1965
   0.0073   0.0770   0.0667   0.0820  -0.2666   0.0420   0.3383  -0.1431   1.0000

P_imp=
   0.9972   0.0045   0.0037   0.0058  -0.0108   0.0022  -0.0178  -0.0024  -0.0017
   0.0010   0.9947  -0.0002   0.0016  -0.0050  -0.0027  -0.0062   0.0009  -0.0038
   0.0016  -0.0005   0.9922  -0.0004   0.0056  -0.0014   0.0107   0.0015  -0.0068
   0.0005   0.0007  -0.0001   0.9897  -0.0026   0.0017  -0.0012  -0.0025  -0.0018
  -0.0002  -0.0005   0.0003  -0.0006   0.9872  -0.0007  -0.0030   0.0009   0.0013
   0.0003  -0.0018  -0.0004   0.0026  -0.0050   0.9847   0.0027   0.0038  -0.0014
  -0.0001  -0.0001   0.0001  -0.0001  -0.0006   0.0001   0.9822   0.0001  -0.0003
  -0.0001   0.0002   0.0002  -0.0016   0.0025   0.0016   0.0019   0.9797   0.0020
  -0.0001  -0.0008  -0.0007  -0.0008   0.0027  -0.0004  -0.0034   0.0014   0.9772
tau_av_expon_proj    = 2.513481 1.108768 1.758163 0.745761 0.287983 0.928445 0.213446 0.739364 0.524196
tau_av_expon_proj_new= 3.633167 1.903884 1.289920 0.975379 0.784165 0.655634 0.563303 0.493768 0.439514
factor=                1.360952 1.518357 0.695585 1.265433 1.882785 0.659612 1.860941 0.608115 0.824753
factor2=                 1.4455   1.7171   0.7337   1.3079   2.7230   0.7062   2.6391   0.6678   0.8385

eigenvalues of P_imp=  0.975280  0.978413  0.981483  0.984826  0.987465  0.990188  0.992720  0.994853  1.000000
eigenvalues of H_imp=  1.196769  0.883489  0.576467  0.242178 -0.021770 -0.294090 -0.547235 -0.760567 -1.275242

eigenval_p,eigenval_h=  1.000000 -1.275242
psi0_psiG    =   0.6271   0.1547   0.1148   0.0534  -0.0185   0.0048  -0.0024  -0.0093  -0.0150

imp-sampled: sum_P_eig,sum_abs_P_eig,sign_condition_number=  1.000000  1.001620  0.850546

P_FN1=
   0.9967   0.0045   0.0037   0.0058   0.0000   0.0022   0.0000   0.0000   0.0000
   0.0010   0.9911   0.0000   0.0016   0.0000   0.0000   0.0000   0.0009   0.0000
   0.0016   0.0000   0.9908   0.0000   0.0056   0.0000   0.0107   0.0015   0.0000
   0.0005   0.0007   0.0000   0.9863   0.0000   0.0017   0.0000   0.0000   0.0000
   0.0000   0.0000   0.0003   0.0000   0.9633   0.0000   0.0000   0.0009   0.0013
   0.0003   0.0000   0.0000   0.0026   0.0000   0.9795   0.0027   0.0038   0.0000
   0.0000   0.0000   0.0001   0.0000   0.0000   0.0001   0.9507   0.0001   0.0000
   0.0000   0.0002   0.0002   0.0000   0.0025   0.0016   0.0019   0.9749   0.0020
   0.0000   0.0000   0.0000   0.0000   0.0027   0.0000   0.0000   0.0014   0.9614

eigenvalues of P_FN1=  0.950675  0.960242  0.963966  0.974094  0.980069  0.986468  0.989599  0.991177  0.998549
eigenvalues of H_FN1=  3.657219  2.700580  2.328201  1.315313  0.717855  0.077981 -0.235158 -0.392986 -1.130098

eigenval_p,eigenval_h=  0.998549 -1.130098
psiFN1_psiG =    0.6905   0.0992   0.1488   0.0388   0.0012   0.0172   0.0004   0.0036   0.0002

E_0, E_G, E_FN1, E_G-E_0, E_FN1-E_0, rms fluctuation of E_L  -1.27524  -0.85996  -1.13010   0.41528   0.14514   0.30878
E_L     =  -1.2942  -0.9306  -0.7846  -0.9102   1.3133   0.2212   2.1204   0.3766   2.2617
P_L     =   1.0016   0.9980   0.9965   0.9978   0.9756   0.9865   0.9675   0.9849   0.9661
P_abs_L =   1.0007   1.0002   0.9965   0.9998   0.9980   0.9903   0.9976   0.9884   0.9805

P_propos=
   0.9965   0.0045   0.0037   0.0058   0.0000   0.0022   0.0000   0.0000   0.0000
   0.0010   0.9946   0.0000   0.0016   0.0000   0.0000   0.0000   0.0009   0.0000
   0.0016   0.0000   0.9957   0.0000   0.0056   0.0000   0.0108   0.0015   0.0000
   0.0005   0.0007   0.0000   0.9900   0.0000   0.0017   0.0000   0.0000   0.0000
   0.0000   0.0000   0.0003   0.0000   0.9892   0.0000   0.0000   0.0009   0.0013
   0.0003   0.0000   0.0000   0.0026   0.0000   0.9944   0.0027   0.0039   0.0000
   0.0000   0.0000   0.0001   0.0000   0.0000   0.0001   0.9846   0.0001   0.0000
   0.0000   0.0002   0.0002   0.0000   0.0025   0.0016   0.0019   0.9913   0.0020
   0.0000   0.0000   0.0000   0.0000   0.0027   0.0000   0.0000   0.0014   0.9967
sum P_propos  1.000000  1.000000  1.000000  1.000000  1.000000  1.000000  1.000000  1.000000  1.000000
E_FN1= -1.130098 -1.130098
psiG**2=         0.4941   0.1071   0.2190   0.0462   0.0102   0.0704   0.0022   0.0294   0.0214
psiG**2 * P_L=   0.4949   0.1069   0.2182   0.0461   0.0099   0.0695   0.0021   0.0290   0.0207
psiFN_psiG=      0.6905   0.0992   0.1488   0.0388   0.0012   0.0172   0.0004   0.0036   0.0002
P_L=             1.0016   0.9980   0.9965   0.9978   0.9756   0.9865   0.9675   0.9849   0.9661
W_prod=          1.3976   0.9263   0.6797   0.8400   0.1175   0.2442   0.1712   0.1222   0.0105

P_markov=
   0.9965   0.0045   0.0037   0.0058   0.0000   0.0022   0.0000   0.0000   0.0000
   0.0010   0.9946   0.0000   0.0016   0.0000   0.0000   0.0000   0.0009   0.0000
   0.0016   0.0000   0.9957   0.0000   0.0056   0.0000   0.0108   0.0015   0.0000
   0.0005   0.0007   0.0000   0.9900   0.0000   0.0017   0.0000   0.0000   0.0000
   0.0000   0.0000   0.0003   0.0000   0.9892   0.0000   0.0000   0.0009   0.0013
   0.0003   0.0000   0.0000   0.0026   0.0000   0.9945   0.0027   0.0039   0.0000
   0.0000   0.0000   0.0001   0.0000   0.0000   0.0001   0.9846   0.0001   0.0000
   0.0000   0.0002   0.0002   0.0000   0.0025   0.0016   0.0019   0.9913   0.0020
   0.0000   0.0000   0.0000   0.0000   0.0027   0.0000   0.0000   0.0014   0.9967

eigenvalues of P_markov=  0.984481  0.987869  0.988790  0.990165  0.992861  0.995191  0.995969  0.997872  1.000000
eigenvalues of H_markov=  0.276613 -0.062144 -0.154195 -0.291750 -0.561313 -0.794358 -0.872134 -1.062420 -1.275242

eigenval_p,eigenval_h=  1.000000 -1.130098
psi for P_mar=   0.4941   0.1071   0.2190   0.0462   0.0102   0.0704   0.0022   0.0294   0.0214
psiG**2      =   0.4941   0.1071   0.2190   0.0462   0.0102   0.0704   0.0022   0.0294   0.0214
Above 2 lines should be equal since Markov matrix has dominant state psiG**2
The exception to this occurs when there is no sign problem, but some components of psiG have the wrong sign, in which case one has 2 decoupled spaces with degenerate dominant eigenvalues

P_FN3=
   0.9982   0.0045   0.0037   0.0058   0.0000   0.0021   0.0000   0.0000   0.0000
   0.0010   0.9926   0.0000   0.0016   0.0000   0.0000   0.0000   0.0009   0.0000
   0.0016   0.0000   0.9923   0.0000   0.0055   0.0000   0.0104   0.0015   0.0000
   0.0005   0.0007   0.0000   0.9878   0.0000   0.0017   0.0000   0.0000   0.0000
   0.0000   0.0000   0.0003   0.0000   0.9650   0.0000   0.0000   0.0009   0.0012
   0.0003   0.0000   0.0000   0.0026   0.0000   0.9810   0.0026   0.0038   0.0000
   0.0000   0.0000   0.0001   0.0000   0.0000   0.0001   0.9526   0.0001   0.0000
   0.0000   0.0002   0.0002   0.0000   0.0025   0.0016   0.0018   0.9764   0.0019
   0.0000   0.0000   0.0000   0.0000   0.0026   0.0000   0.0000   0.0014   0.9629
E_FN3= -1.129687 -1.129687

eigenvalues of P_FN3=  0.952590  0.961859  0.965591  0.975614  0.981577  0.987940  0.991065  0.992643  0.999996
eigenvalues of H_FN3=  3.610917  2.683955  2.310786  1.308544  0.712196  0.075931 -0.236582 -0.394356 -1.129687

eigenval_p,eigenval_h=  0.999996 -1.129687
psiFN3_psiG  =   0.6898   0.0994   0.1492   0.0389   0.0012   0.0173   0.0004   0.0036   0.0002

P_FN4=
   0.9982   0.0045   0.0037   0.0058   0.0000   0.0022   0.0000   0.0000   0.0000
   0.0010   0.9926   0.0000   0.0016   0.0000   0.0000   0.0000   0.0009   0.0000
   0.0016   0.0000   0.9923   0.0000   0.0055   0.0000   0.0104   0.0015   0.0000
   0.0005   0.0007   0.0000   0.9878   0.0000   0.0017   0.0000   0.0000   0.0000
   0.0000   0.0000   0.0003   0.0000   0.9650   0.0000   0.0000   0.0009   0.0012
   0.0003   0.0000   0.0000   0.0026   0.0000   0.9810   0.0026   0.0038   0.0000
   0.0000   0.0000   0.0001   0.0000   0.0000   0.0001   0.9526   0.0001   0.0000
   0.0000   0.0002   0.0002   0.0000   0.0025   0.0016   0.0018   0.9763   0.0019
   0.0000   0.0000   0.0000   0.0000   0.0026   0.0000   0.0000   0.0014   0.9629
E_FN4= -1.129898 -1.129898

eigenvalues of P_FN4=  0.952590  0.961817  0.965591  0.975576  0.981538  0.987935  0.991053  0.992635  0.999998
eigenvalues of H_FN4=  3.610937  2.688205  2.310828  1.312253  0.716075  0.076367 -0.235380 -0.393641 -1.129898

eigenval_p,eigenval_h=  0.999998 -1.129898
psiFN4_psiG  =   0.6901   0.0994   0.1489   0.0389   0.0012   0.0172   0.0004   0.0036   0.0002
Warning: for FN5, sum_neg,sum_pos,ratio -2.392872  1.079555 -2.216535
Warning: for FN5, sum_neg,sum_pos,ratio -3.152704  1.532331 -2.057456
Warning: for FN5, sum_neg,sum_pos,ratio -1.584716  0.322969 -4.906713

P_FN5=
   0.9972   0.0015   0.0025   0.0038   0.0000   0.0001   0.0000   0.0000   0.0000
   0.0008   0.9947   0.0000   0.0011   0.0000   0.0000   0.0000   0.0004   0.0000
   0.0014   0.0000   0.9922   0.0000  -0.0068   0.0000  -0.0114   0.0006   0.0000
   0.0005   0.0002   0.0000   0.9897   0.0000   0.0001   0.0000   0.0000   0.0000
   0.0000   0.0000   0.0002   0.0000   0.9872   0.0000   0.0000   0.0004  -0.0049
   0.0003   0.0000   0.0000   0.0017   0.0000   0.9847  -0.0028   0.0017   0.0000
   0.0000   0.0000   0.0001   0.0000   0.0000   0.0000   0.9822   0.0001   0.0000
   0.0000   0.0001   0.0001   0.0000  -0.0031   0.0001  -0.0020   0.9797  -0.0077
   0.0000   0.0000   0.0000   0.0000  -0.0032   0.0000   0.0000   0.0006   0.9772
E_FN5= -1.114375 -1.114375

eigenvalues of P_FN5=  0.977803  0.977803  0.982307  0.984735  0.989081  0.989427  0.991221  0.994461  0.998391
eigenvalues of H_FN5=  0.944421  0.944421  0.494105  0.251295 -0.183306 -0.217913 -0.397310 -0.721337 -1.114375

eigenval_p,eigenval_h=  0.998391 -1.114375
psiFN5_psiG  =   0.6411   0.1564   0.1419   0.0387   0.0024   0.0172   0.0006   0.0014  -0.0003

E_G, E_FN1, E_FN3, E_FN4, E_0, recover_FN1, recover_FN3, recover_FN4, 1-ovlp_FN1, 1-ovlp_FN3, 1-ovlp_FN4, sign_cond_num= -0.859962 -1.130098 -1.129687 -1.129898 -1.275242 0.650 0.650 0.650 7.E-03 7.E-03 7.E-03 0.851

P_propos2=
   0.9965   0.0045   0.0037   0.0058   0.0000   0.0022   0.0000   0.0000   0.0000
   0.0010   0.9946   0.0000   0.0016   0.0000   0.0000   0.0000   0.0009   0.0000
   0.0016   0.0000   0.9957   0.0000   0.0057   0.0000   0.0111   0.0015   0.0000
   0.0005   0.0007   0.0000   0.9900   0.0000   0.0017   0.0000   0.0000   0.0000
   0.0000   0.0000   0.0003   0.0000   0.9889   0.0000   0.0000   0.0009   0.0013
   0.0003   0.0000   0.0000   0.0026   0.0000   0.9944   0.0028   0.0039   0.0000
   0.0000   0.0000   0.0001   0.0000   0.0000   0.0001   0.9842   0.0001   0.0000
   0.0000   0.0002   0.0002   0.0000   0.0026   0.0016   0.0020   0.9912   0.0020
   0.0000   0.0000   0.0000   0.0000   0.0027   0.0000   0.0000   0.0015   0.9967

eigenvalues of P_FN1_propos=  0.984006  0.987677  0.988676  0.990092  0.992839  0.995154  0.995934  0.997822  1.000000
psi for P_FN1_propos=   0.4962   0.1072   0.2188   0.0462   0.0099   0.0697   0.0021   0.0291   0.0208
psiG**2 * P_L       =   0.4962   0.1072   0.2188   0.0462   0.0099   0.0697   0.0021   0.0291   0.0208
Above 2 lines should be equal since proposal part of P_FN1 has dominant state psiG**2 * P_L
The exception to this occurs when there is no sign problem, but some components of psiG have the wrong sign, in which case one has 2 decoupled spaces with degenerate dominant eigenvalues

gradient_vmc_FD, gradient_vmc= -0.046211 -0.046211
E_L_der =         -0.2956   0.5517   0.0677  -0.5015   1.5171   0.8306   1.9055  -0.2683   1.1762
E_L_der_increm =  -0.2956   0.5517   0.0677  -0.5015   1.5171   0.8306   1.9055  -0.2683   1.1762
The above 2 lines should be equal
psiFN1_psiG  =   0.6905   0.0992   0.1488   0.0388   0.0012   0.0172   0.0004   0.0036   0.0002
psiG_increm**2=                 0.4941    0.1071    0.2190    0.0462    0.0102    0.0704    0.0022    0.0294    0.0214
psiG_increm**2 * P_L_increm=    0.4949    0.1069    0.2182    0.0461    0.0099    0.0695    0.0021    0.0290    0.0207
psiFN_psiG_increm=              0.6905    0.0992    0.1488    0.0388    0.0012    0.0172    0.0004    0.0036    0.0002
W_prod_increm                   1.3976    0.9263    0.6797    0.8400    0.1175    0.2442    0.1712    0.1222    0.0105
W_prod                          1.3976    0.9263    0.6797    0.8400    0.1175    0.2442    0.1712    0.1222    0.0105
W_prod_increm                  1.397616186   0.926294051   0.679673387   0.840009179   0.117473530   0.244192271   0.171187375   0.122169763   0.010461654
W_prod                         1.397616152   0.926294182   0.679673384   0.840009148   0.117473534   0.244192276   0.171187381   0.122169759   0.010461654
W_prod_der=                     0.3422   -1.3102    0.0366    0.3050   -0.0443   -0.0468   -0.0635    0.0450   -0.0027

E_FN1, E_FN1_increm, gradient_FN1_FD, gradient_FN1= -1.130098 -1.130098 -0.075786 -0.075785

gradient_FN1_FD, gradient_FN1, 1st+2*2nd terms, gradient_FN1_1, gradient_FN1_2, gradient_FN1_3= -0.075786 -0.075785 -0.164407  0.120985 -0.054074 -0.142696
------------------------------------------------------------

Data set    3

H=
  -1.0000   0.0404   0.0718  -0.0811   0.1244  -0.0287  -0.1692  -0.0427  -0.1855
   0.0404  -0.7500   0.0116  -0.1719   0.1516  -0.0466   0.2187  -0.1013   0.0946
   0.0718   0.0116  -0.5000   0.2356  -0.0595  -0.1163   0.2479  -0.1902  -0.0795
  -0.0811  -0.1719   0.2356  -0.2500  -0.0695   0.2271   0.0548   0.1091  -0.0390
   0.1244   0.1516  -0.0595  -0.0695   0.0000  -0.1933  -0.1028  -0.1993  -0.1509
  -0.0287  -0.0466  -0.1163   0.2271  -0.1933   0.2500   0.0086  -0.2237   0.1178
  -0.1692   0.2187   0.2479   0.0548  -0.1028   0.0086   0.5000   0.0091  -0.1426
  -0.0427  -0.1013  -0.1902   0.1091  -0.1993  -0.2237   0.0091   0.7500  -0.1474
  -0.1855   0.0946  -0.0795  -0.0390  -0.1509   0.1178  -0.1426  -0.1474   1.0000

eigenval_p,eigenval_h=  1.000000 -1.090220
psi for P    =   0.9278  -0.1370  -0.2455   0.1362  -0.0797  -0.0542   0.1543  -0.0284   0.0876

eigenvalues of P=  0.977513  0.980832  0.982801  0.985091  0.990492  0.991008  0.996177  0.997966  1.000000
eigenvalues of H=  1.158502  0.826606  0.629632  0.400707 -0.139383 -0.191035 -0.707961 -0.886848 -1.090220
tau, tau_max= 0.010000 0.444697
P=
   0.9991  -0.0004  -0.0007   0.0008  -0.0012   0.0003   0.0017   0.0004   0.0019
  -0.0004   0.9966  -0.0001   0.0017  -0.0015   0.0005  -0.0022   0.0010  -0.0009
  -0.0007  -0.0001   0.9941  -0.0024   0.0006   0.0012  -0.0025   0.0019   0.0008
   0.0008   0.0017  -0.0024   0.9916   0.0007  -0.0023  -0.0005  -0.0011   0.0004
  -0.0012  -0.0015   0.0006   0.0007   0.9891   0.0019   0.0010   0.0020   0.0015
   0.0003   0.0005   0.0012  -0.0023   0.0019   0.9866  -0.0001   0.0022  -0.0012
   0.0017  -0.0022  -0.0025  -0.0005   0.0010  -0.0001   0.9841  -0.0001   0.0014
   0.0004   0.0010   0.0019  -0.0011   0.0020   0.0022  -0.0001   0.9816   0.0015
   0.0019  -0.0009   0.0008   0.0004   0.0015  -0.0012   0.0014   0.0015   0.9791

sum_P_eig,sum_abs_P_eig,sign_condition_number=  1.850582  1.856122  0.741629

P after making eigenvec +ve =
   0.9991   0.0004   0.0007   0.0008   0.0012  -0.0003   0.0017  -0.0004   0.0019
   0.0004   0.9966  -0.0001  -0.0017  -0.0015   0.0005   0.0022   0.0010   0.0009
   0.0007  -0.0001   0.9941   0.0024   0.0006   0.0012   0.0025   0.0019  -0.0008
   0.0008  -0.0017   0.0024   0.9916  -0.0007   0.0023  -0.0005   0.0011   0.0004
   0.0012  -0.0015   0.0006  -0.0007   0.9891   0.0019  -0.0010   0.0020  -0.0015
  -0.0003   0.0005   0.0012   0.0023   0.0019   0.9866   0.0001   0.0022   0.0012
   0.0017   0.0022   0.0025  -0.0005  -0.0010   0.0001   0.9841   0.0001   0.0014
  -0.0004   0.0010   0.0019   0.0011   0.0020   0.0022   0.0001   0.9816  -0.0015
   0.0019   0.0009  -0.0008   0.0004  -0.0015   0.0012   0.0014  -0.0015   0.9791

1+(E_0*1-H) (i.e. P with tau=1) after making eigenvec +ve =
   0.9098  -0.0404  -0.0718  -0.0811  -0.1244   0.0287  -0.1692   0.0427  -0.1855
  -0.0404   0.6598   0.0116   0.1719   0.1516  -0.0466  -0.2187  -0.1013  -0.0946
  -0.0718   0.0116   0.4098  -0.2356  -0.0595  -0.1163  -0.2479  -0.1902   0.0795
  -0.0811   0.1719  -0.2356   0.1598   0.0695  -0.2271   0.0548  -0.1091  -0.0390
  -0.1244   0.1516  -0.0595   0.0695  -0.0902  -0.1933   0.1028  -0.1993   0.1509
   0.0287  -0.0466  -0.1163  -0.2271  -0.1933  -0.3402  -0.0086  -0.2237  -0.1178
  -0.1692  -0.2187  -0.2479   0.0548   0.1028  -0.0086  -0.5902  -0.0091  -0.1426
   0.0427  -0.1013  -0.1902  -0.1091  -0.1993  -0.2237  -0.0091  -0.8402   0.1474
  -0.1855  -0.0946   0.0795  -0.0390   0.1509  -0.1178  -0.1426   0.1474  -1.0902
psi0         =   0.9278   0.1370   0.2455   0.1362   0.0797   0.0542   0.1543   0.0284   0.0876
psiG         =   0.4074  -0.4016   0.4018  -0.0993   0.4575  -0.0594   0.1674  -0.2781   0.4281

E_G= -0.165970

H_imp=
  -1.0000   0.0410  -0.0728   0.3330  -0.1108  -0.1965  -0.4119  -0.0626  -0.1765
   0.0399  -0.7500  -0.0116   0.6956  -0.1331  -0.3147   0.5248  -0.1463   0.0888
  -0.0709  -0.0117  -0.5000   0.9537  -0.0523   0.7865  -0.5953   0.2748   0.0746
   0.0198   0.0425   0.0582  -0.2500  -0.0151  -0.3793  -0.0325  -0.0390   0.0090
  -0.1397  -0.1727  -0.0678  -0.3205   0.0000   1.4880   0.2811   0.3279   0.1612
  -0.0042  -0.0069   0.0172  -0.1359   0.0251   0.2500   0.0031  -0.0478   0.0164
  -0.0695   0.0911  -0.1033  -0.0924   0.0376   0.0243   0.5000   0.0055  -0.0557
  -0.0292  -0.0702   0.1316  -0.3058   0.1212  -1.0471   0.0151   0.7500  -0.0958
  -0.1949   0.1009   0.0846   0.1682   0.1412   0.8488  -0.3647  -0.2269   1.0000

P_imp=
   0.9991  -0.0004   0.0007  -0.0033   0.0011   0.0020   0.0041   0.0006   0.0018
  -0.0004   0.9966   0.0001  -0.0070   0.0013   0.0031  -0.0052   0.0015  -0.0009
   0.0007   0.0001   0.9941  -0.0095   0.0005  -0.0079   0.0060  -0.0027  -0.0007
