Input hamiltonian
hamiltonian=random                                                                          
Input ndim, E_T, tau
ndim, E_T, tau=    9-20.000000 0.010000
Input fraction_positive, off_diag_mag, psiG_noise
fraction_positive, off_diag_mag,psiG_noise= 0.500000 0.500000 0.200000
psiG_correct_sign
psiG_correct_sign= F
Input irand_seed
irand_seed=1425565376542456

Data set    1

H=
  -1.0000   0.0800   0.1401  -0.1696   0.0630   0.1789  -0.0366  -0.0928  -0.2290
   0.0800  -0.7500   0.0859   0.2028  -0.0542   0.1379   0.1569  -0.0799  -0.2353
   0.1401   0.0859  -0.5000   0.1165  -0.2461  -0.0961  -0.2234  -0.1402   0.2370
  -0.1696   0.2028   0.1165  -0.2500  -0.0711  -0.2226   0.0454   0.1250  -0.0263
   0.0630  -0.0542  -0.2461  -0.0711   0.0000  -0.0210   0.1375  -0.2232  -0.0393
   0.1789   0.1379  -0.0961  -0.2226  -0.0210   0.2500  -0.2276  -0.1955  -0.0772
  -0.0366   0.1569  -0.2234   0.0454   0.1375  -0.2276   0.5000  -0.2075  -0.1275
  -0.0928  -0.0799  -0.1402   0.1250  -0.2232  -0.1955  -0.2075   0.7500  -0.0525
  -0.2290  -0.2353   0.2370  -0.0263  -0.0393  -0.0772  -0.1275  -0.0525   1.0000

eigenval_p,eigenval_h=  1.001000 -1.153737
psi for P    =   0.8957  -0.1375  -0.3155   0.2159  -0.1095  -0.0884  -0.0127  -0.0197   0.1112

eigenvalues of P=  0.977918  0.979882  0.982586  0.987967  0.989261  0.992220  0.995558  0.998772  1.001000
eigenvalues of H=  1.154489  0.958038  0.687698  0.149593  0.020158 -0.275736 -0.609584 -0.930919 -1.153737
tau, tau_max= 0.010000 0.433233
P=
   0.9995  -0.0008  -0.0014   0.0017  -0.0006  -0.0018   0.0004   0.0009   0.0023
  -0.0008   0.9970  -0.0009  -0.0020   0.0005  -0.0014  -0.0016   0.0008   0.0024
  -0.0014  -0.0009   0.9945  -0.0012   0.0025   0.0010   0.0022   0.0014  -0.0024
   0.0017  -0.0020  -0.0012   0.9920   0.0007   0.0022  -0.0005  -0.0012   0.0003
  -0.0006   0.0005   0.0025   0.0007   0.9895   0.0002  -0.0014   0.0022   0.0004
  -0.0018  -0.0014   0.0010   0.0022   0.0002   0.9870   0.0023   0.0020   0.0008
   0.0004  -0.0016   0.0022  -0.0005  -0.0014   0.0023   0.9845   0.0021   0.0013
   0.0009   0.0008   0.0014  -0.0012   0.0022   0.0020   0.0021   0.9820   0.0005
   0.0023   0.0024  -0.0024   0.0003   0.0004   0.0008   0.0013   0.0005   0.9795

sum_P_eig,sum_abs_P_eig,sign_condition_number=  1.905979  1.916379  0.580331

P after making eigenvec +ve =
   0.9995   0.0008   0.0014   0.0017   0.0006   0.0018  -0.0004  -0.0009   0.0023
   0.0008   0.9970  -0.0009   0.0020   0.0005  -0.0014  -0.0016   0.0008  -0.0024
   0.0014  -0.0009   0.9945   0.0012   0.0025   0.0010   0.0022   0.0014   0.0024
   0.0017   0.0020   0.0012   0.9920  -0.0007  -0.0022   0.0005   0.0012   0.0003
   0.0006   0.0005   0.0025  -0.0007   0.9895   0.0002  -0.0014   0.0022  -0.0004
   0.0018  -0.0014   0.0010  -0.0022   0.0002   0.9870   0.0023   0.0020  -0.0008
  -0.0004  -0.0016   0.0022   0.0005  -0.0014   0.0023   0.9845   0.0021  -0.0013
  -0.0009   0.0008   0.0014   0.0012   0.0022   0.0020   0.0021   0.9820  -0.0005
   0.0023  -0.0024   0.0024   0.0003  -0.0004  -0.0008  -0.0013  -0.0005   0.9795

1+(E_0*1-H) (i.e. P with tau=1) after making eigenvec +ve =
   0.9463  -0.0800  -0.1401  -0.1696  -0.0630  -0.1789   0.0366   0.0928  -0.2290
  -0.0800   0.6963   0.0859  -0.2028  -0.0542   0.1379   0.1569  -0.0799   0.2353
  -0.1401   0.0859   0.4463  -0.1165  -0.2461  -0.0961  -0.2234  -0.1402  -0.2370
  -0.1696  -0.2028  -0.1165   0.1963   0.0711   0.2226  -0.0454  -0.1250  -0.0263
  -0.0630  -0.0542  -0.2461   0.0711  -0.0537  -0.0210   0.1375  -0.2232   0.0393
  -0.1789   0.1379  -0.0961   0.2226  -0.0210  -0.3037  -0.2276  -0.1955   0.0772
   0.0366   0.1569  -0.2234  -0.0454   0.1375  -0.2276  -0.5537  -0.2075   0.1275
   0.0928  -0.0799  -0.1402  -0.1250  -0.2232  -0.1955  -0.2075  -0.8037   0.0525
  -0.2290   0.2353  -0.2370  -0.0263   0.0393   0.0772   0.1275   0.0525  -1.0537
psi0         =   0.8957   0.1375   0.3155   0.2159   0.1095   0.0884   0.0127   0.0197   0.1112
psiG         =   0.8434   0.0429   0.4203   0.2014   0.2114   0.0611  -0.0703   0.1034   0.0743

E_G= -1.101429

H_imp=
  -1.0000  -1.5737  -0.2812  -0.7104  -0.2514  -2.4705  -0.4384   0.7568  -2.5993
  -0.0041  -0.7500   0.0088  -0.0432  -0.0110   0.0967  -0.0956  -0.0331   0.1357
  -0.0698   0.8423  -0.5000  -0.2432  -0.4893  -0.6612   1.3351  -0.5697  -1.3407
  -0.0405  -0.9529  -0.0558  -0.2500   0.0677   0.7340   0.1300  -0.2434  -0.0714
  -0.0158  -0.2675  -0.1238   0.0746   0.0000  -0.0728  -0.4134  -0.4562   0.1118
  -0.0130   0.1965  -0.0140   0.0675  -0.0061   0.2500   0.1977  -0.1155   0.0635
  -0.0030  -0.2574   0.0374   0.0159  -0.0457   0.2620   0.5000   0.1411  -0.1207
   0.0114  -0.1928  -0.0345  -0.0642  -0.1092  -0.3311   0.3051   0.7500   0.0732
  -0.0202   0.4078  -0.0419  -0.0097   0.0138   0.0939  -0.1347   0.0377   1.0000

P_imp=
   0.9995   0.0157   0.0028   0.0071   0.0025   0.0247   0.0044  -0.0076   0.0260
   0.0000   0.9970  -0.0001   0.0004   0.0001  -0.0010   0.0010   0.0003  -0.0014
   0.0007  -0.0084   0.9945   0.0024   0.0049   0.0066  -0.0134   0.0057   0.0134
   0.0004   0.0095   0.0006   0.9920  -0.0007  -0.0073  -0.0013   0.0024   0.0007
   0.0002   0.0027   0.0012  -0.0007   0.9895   0.0007   0.0041   0.0046  -0.0011
   0.0001  -0.0020   0.0001  -0.0007   0.0001   0.9870  -0.0020   0.0012  -0.0006
   0.0000   0.0026  -0.0004  -0.0002   0.0005  -0.0026   0.9845  -0.0014   0.0012
  -0.0001   0.0019   0.0003   0.0006   0.0011   0.0033  -0.0031   0.9820  -0.0007
   0.0002  -0.0041   0.0004   0.0001  -0.0001  -0.0009   0.0013  -0.0004   0.9795
tau_av_expon_proj    = 5.625419 0.213180 1.674004 0.813869 1.005927 0.211766 0.327860 0.424917 0.221416
tau_av_expon_proj_new=18.609208 3.292324 1.805912 1.244188 0.949004 0.767026 0.643610 0.554405 0.486917
factor=                2.009142 2.547849 1.075776 1.413210 0.941781 2.062488 1.633281 1.263092 1.725075
factor2=                 3.3081  15.4438   1.0788   1.5287   0.9434   3.6220   1.9631   1.3047   2.1991

eigenvalues of P_imp=  0.977918  0.979882  0.982586  0.987967  0.989261  0.992220  0.995558  0.998772  1.001000
eigenvalues of H_imp=  1.154489  0.958038  0.687698  0.149593  0.020158 -0.275736 -0.609584 -0.930919 -1.153737

eigenval_p,eigenval_h=  1.001000 -1.153737
psi0_psiG    =   0.7731   0.0060   0.1357   0.0445   0.0237   0.0055  -0.0009   0.0021   0.0085

imp-sampled: sum_P_eig,sum_abs_P_eig,sign_condition_number=  1.000000  1.001880  0.828786

P_FN1=
   0.9993   0.0157   0.0028   0.0071   0.0025   0.0247   0.0044   0.0000   0.0260
   0.0000   0.9825   0.0000   0.0004   0.0001   0.0000   0.0010   0.0003   0.0000
   0.0007   0.0000   0.9940   0.0024   0.0049   0.0066   0.0000   0.0057   0.0134
   0.0004   0.0095   0.0006   0.9904   0.0000   0.0000   0.0000   0.0024   0.0007
   0.0002   0.0027   0.0012   0.0000   0.9886   0.0007   0.0041   0.0046   0.0000
   0.0001   0.0000   0.0001   0.0000   0.0001   0.9751   0.0000   0.0012   0.0000
   0.0000   0.0026   0.0000   0.0000   0.0005   0.0000   0.9648   0.0000   0.0012
   0.0000   0.0019   0.0003   0.0006   0.0011   0.0033   0.0000   0.9726   0.0000
   0.0002   0.0000   0.0004   0.0001   0.0000   0.0000   0.0013   0.0000   0.9756

eigenvalues of P_FN1=  0.964419  0.971200  0.975148  0.975994  0.982054  0.988046  0.990449  0.994829  1.000846
eigenvalues of H_FN1=  2.504396  1.826302  1.431461  1.346910  0.740857  0.141669 -0.098634 -0.536675 -1.138293

eigenval_p,eigenval_h=  1.000846 -1.138293
psiFN1_psiG =    0.7705   0.0030   0.1383   0.0416   0.0271   0.0049   0.0015   0.0045   0.0087

E_0, E_G, E_FN1, E_G-E_0, E_FN1-E_0, rms fluctuation of E_L  -1.05374  -1.10143  -1.13829  -0.04769  -0.08456   0.23804
E_L     =  -1.1550  -2.5476  -1.0051  -1.1627  -0.8311  -2.0990   1.3857   0.2677  -2.7479
P_L     =   1.0002   1.0141   0.9987   1.0002   0.9969   1.0096   0.9748   0.9859   1.0161
P_abs_L =   1.0011   1.0294   1.0000   1.0027   0.9986   1.0223   0.9953   0.9961   1.0208

P_propos=
   0.9983   0.0153   0.0028   0.0071   0.0025   0.0242   0.0044   0.0000   0.0255
   0.0000   0.9685   0.0000   0.0004   0.0001   0.0000   0.0010   0.0003   0.0000
   0.0007   0.0000   0.9945   0.0024   0.0049   0.0065   0.0000   0.0057   0.0131
   0.0004   0.0093   0.0006   0.9893   0.0000   0.0000   0.0000   0.0024   0.0007
   0.0002   0.0026   0.0012   0.0000   0.9909   0.0007   0.0042   0.0046   0.0000
   0.0001   0.0000   0.0001   0.0000   0.0001   0.9654   0.0000   0.0012   0.0000
   0.0000   0.0025   0.0000   0.0000   0.0005   0.0000   0.9891   0.0000   0.0012
   0.0000   0.0019   0.0003   0.0006   0.0011   0.0032   0.0000   0.9858   0.0000
   0.0002   0.0000   0.0004   0.0001   0.0000   0.0000   0.0014   0.0000   0.9595
sum P_propos  1.000000  1.000000  1.000000  1.000000  1.000000  1.000000  1.000000  1.000000  1.000000
E_FN1= -1.138293 -1.138293
psiG**2=         0.7113   0.0018   0.1767   0.0406   0.0447   0.0037   0.0049   0.0107   0.0055
psiG**2 * P_L=   0.7115   0.0019   0.1764   0.0406   0.0446   0.0038   0.0048   0.0105   0.0056
psiFN_psiG=      0.7705   0.0030   0.1383   0.0416   0.0271   0.0049   0.0015   0.0045   0.0087
P_L=             1.0002   1.0141   0.9987   1.0002   0.9969   1.0096   0.9748   0.9859   1.0161
W_prod=          1.0831   1.6361   0.7827   1.0250   0.6071   1.3110   0.3035   0.4171   1.5756

P_markov=
   0.9983   0.0153   0.0028   0.0071   0.0025   0.0242   0.0044   0.0000   0.0255
   0.0000   0.9685   0.0000   0.0004   0.0001   0.0000   0.0009   0.0003   0.0000
   0.0007   0.0000   0.9945   0.0024   0.0049   0.0065   0.0000   0.0057   0.0131
   0.0004   0.0093   0.0006   0.9893   0.0000   0.0000   0.0000   0.0024   0.0007
   0.0002   0.0026   0.0012   0.0000   0.9909   0.0007   0.0041   0.0046   0.0000
   0.0001   0.0000   0.0001   0.0000   0.0001   0.9654   0.0000   0.0011   0.0000
   0.0000   0.0025   0.0000   0.0000   0.0005   0.0000   0.9892   0.0000   0.0012
   0.0000   0.0019   0.0003   0.0006   0.0011   0.0032   0.0000   0.9859   0.0000
   0.0002   0.0000   0.0004   0.0001   0.0000   0.0000   0.0013   0.0000   0.9595

eigenvalues of P_markov=  0.959191  0.965129  0.968153  0.984784  0.988539  0.989332  0.990903  0.995541  1.000000
eigenvalues of H_markov=  3.027161  2.433379  2.131000  0.467836  0.092366  0.013034 -0.144049 -0.607846 -1.053737

eigenval_p,eigenval_h=  1.000000 -1.138293
psi for P_mar=   0.7113   0.0018   0.1767   0.0406   0.0447   0.0037   0.0049   0.0107   0.0055
psiG**2      =   0.7113   0.0018   0.1767   0.0406   0.0447   0.0037   0.0049   0.0107   0.0055
Above 2 lines should be equal since Markov matrix has dominant state psiG**2
The exception to this occurs when there is no sign problem, but some components of psiG have the wrong sign, in which case one has 2 decoupled spaces with degenerate dominant eigenvalues

P_FN3=
   0.9985   0.0155   0.0028   0.0071   0.0025   0.0244   0.0043   0.0000   0.0259
   0.0000   0.9821   0.0000   0.0004   0.0001   0.0000   0.0009   0.0003   0.0000
   0.0007   0.0000   0.9932   0.0024   0.0049   0.0065   0.0000   0.0056   0.0133
   0.0004   0.0094   0.0006   0.9896   0.0000   0.0000   0.0000   0.0024   0.0007
   0.0002   0.0026   0.0012   0.0000   0.9878   0.0007   0.0040   0.0045   0.0000
   0.0001   0.0000   0.0001   0.0000   0.0001   0.9747   0.0000   0.0011   0.0000
   0.0000   0.0025   0.0000   0.0000   0.0005   0.0000   0.9643   0.0000   0.0012
   0.0000   0.0019   0.0003   0.0006   0.0011   0.0033   0.0000   0.9720   0.0000
   0.0002   0.0000   0.0004   0.0001   0.0000   0.0000   0.0013   0.0000   0.9750
E_FN3= -1.138046 -1.138046

eigenvalues of P_FN3=  0.963915  0.970667  0.974522  0.975488  0.981672  0.987237  0.989648  0.994002  0.999998
eigenvalues of H_FN3=  2.470183  1.794977  1.409483  1.312862  0.694549  0.137963 -0.103058 -0.538539 -1.138046

eigenval_p,eigenval_h=  0.999998 -1.138046
psiFN3_psiG  =   0.7706   0.0030   0.1382   0.0416   0.0271   0.0049   0.0015   0.0045   0.0086

P_FN4=
   0.9985   0.0155   0.0028   0.0071   0.0025   0.0244   0.0043   0.0000   0.0259
   0.0000   0.9821   0.0000   0.0004   0.0001   0.0000   0.0009   0.0003   0.0000
   0.0007   0.0000   0.9932   0.0024   0.0049   0.0065   0.0000   0.0056   0.0133
   0.0004   0.0094   0.0006   0.9896   0.0000   0.0000   0.0000   0.0024   0.0007
   0.0002   0.0026   0.0012   0.0000   0.9878   0.0007   0.0040   0.0045   0.0000
   0.0001   0.0000   0.0001   0.0000   0.0001   0.9747   0.0000   0.0011   0.0000
   0.0000   0.0025   0.0000   0.0000   0.0005   0.0000   0.9642   0.0000   0.0012
   0.0000   0.0019   0.0003   0.0006   0.0011   0.0033   0.0000   0.9719   0.0000
   0.0002   0.0000   0.0004   0.0001   0.0000   0.0000   0.0013   0.0000   0.9750
E_FN4= -1.138510 -1.138510

eigenvalues of P_FN4=  0.963807  0.970575  0.974512  0.975490  0.981659  0.987223  0.989646  0.993989  1.000002
eigenvalues of H_FN4=  2.481005  1.804157  1.410520  1.312661  0.695795  0.139445 -0.102858 -0.537241 -1.138510

eigenval_p,eigenval_h=  1.000002 -1.138510
psiFN4_psiG  =   0.7702   0.0031   0.1382   0.0416   0.0271   0.0050   0.0015   0.0045   0.0087
Warning: for FN5, sum_neg,sum_pos,ratio -1.967905  1.082173 -1.818477

P_FN5=
   0.9995   0.0087   0.0026   0.0061   0.0023   0.0164  -0.0036   0.0000   0.0236
   0.0000   0.9970   0.0000   0.0004   0.0001   0.0000  -0.0008   0.0001   0.0000
   0.0007   0.0000   0.9945   0.0021   0.0045   0.0044   0.0000   0.0019   0.0122
   0.0004   0.0053   0.0005   0.9920   0.0000   0.0000   0.0000   0.0008   0.0006
   0.0001   0.0015   0.0011   0.0000   0.9895   0.0005  -0.0034   0.0016   0.0000
   0.0001   0.0000   0.0001   0.0000   0.0001   0.9870   0.0000   0.0004   0.0000
   0.0000   0.0014   0.0000   0.0000   0.0004   0.0000   0.9845   0.0000   0.0011
   0.0000   0.0011   0.0003   0.0005   0.0010   0.0022   0.0000   0.9820   0.0000
   0.0002   0.0000   0.0004   0.0001   0.0000   0.0000  -0.0011   0.0000   0.9795
E_FN5= -1.147649 -1.147649

eigenvalues of P_FN5=  0.979178  0.981566  0.984601  0.986904  0.988502  0.991326  0.995132  0.997017  1.000939
eigenvalues of H_FN5=  1.028487  0.789650  0.486204  0.255860  0.096100 -0.186317 -0.566887 -0.755447 -1.147649

eigenval_p,eigenval_h=  1.000939 -1.147649
psiFN5_psiG  =   0.7570   0.0117   0.1323   0.0475   0.0245   0.0080   0.0035   0.0064   0.0090

E_G, E_FN1, E_FN3, E_FN4, E_0, recover_FN1, recover_FN3, recover_FN4, 1-ovlp_FN1, 1-ovlp_FN3, 1-ovlp_FN4, sign_cond_num= -1.101429 -1.138293 -1.138046 -1.138510 -1.053737-0.773-0.768-0.777 4.E-05 4.E-05 4.E-05 0.829

P_propos2=
   0.9983   0.0155   0.0028   0.0071   0.0025   0.0245   0.0045   0.0000   0.0256
   0.0000   0.9680   0.0000   0.0004   0.0001   0.0000   0.0010   0.0003   0.0000
   0.0007   0.0000   0.9945   0.0024   0.0049   0.0065   0.0000   0.0058   0.0132
   0.0004   0.0094   0.0006   0.9893   0.0000   0.0000   0.0000   0.0025   0.0007
   0.0002   0.0026   0.0012   0.0000   0.9908   0.0007   0.0042   0.0046   0.0000
   0.0001   0.0000   0.0001   0.0000   0.0001   0.9650   0.0000   0.0012   0.0000
   0.0000   0.0025   0.0000   0.0000   0.0005   0.0000   0.9889   0.0000   0.0012
   0.0000   0.0019   0.0003   0.0006   0.0011   0.0033   0.0000   0.9856   0.0000
   0.0002   0.0000   0.0004   0.0001   0.0000   0.0000   0.0014   0.0000   0.9593

eigenvalues of P_FN1_propos=  0.958995  0.964684  0.967664  0.984573  0.988287  0.989289  0.990789  0.995517  1.000000
psi for P_FN1_propos=   0.7117   0.0019   0.1765   0.0406   0.0446   0.0038   0.0048   0.0106   0.0056
psiG**2 * P_L       =   0.7117   0.0019   0.1765   0.0406   0.0446   0.0038   0.0048   0.0106   0.0056
Above 2 lines should be equal since proposal part of P_FN1 has dominant state psiG**2 * P_L
The exception to this occurs when there is no sign problem, but some components of psiG have the wrong sign, in which case one has 2 decoupled spaces with degenerate dominant eigenvalues

gradient_vmc_FD, gradient_vmc= -0.123976 -0.123976
E_L_der =         -0.0948  41.9393   0.2044  -1.0070  -0.2564   2.2566  -2.2308  -0.7722   3.1670
E_L_der_increm =  -0.0948  41.9392   0.2044  -1.0070  -0.2564   2.2566  -2.2308  -0.7722   3.1670
The above 2 lines should be equal
psiFN1_psiG  =   0.7705   0.0030   0.1383   0.0416   0.0271   0.0049   0.0015   0.0045   0.0087
psiG_increm**2=                 0.7113    0.0018    0.1767    0.0406    0.0447    0.0037    0.0049    0.0107    0.0055
psiG_increm**2 * P_L_increm=    0.7115    0.0019    0.1764    0.0406    0.0446    0.0038    0.0048    0.0105    0.0056
psiFN_psiG_increm=              0.7705    0.0030    0.1383    0.0416    0.0271    0.0049    0.0015    0.0045    0.0087
W_prod_increm                   1.0831    1.6361    0.7827    1.0250    0.6071    1.3110    0.3035    0.4171    1.5756
W_prod                          1.0831    1.6361    0.7827    1.0250    0.6071    1.3110    0.3035    0.4171    1.5756
W_prod_increm                  1.083106928   1.636113176   0.782667585   1.025036519   0.607094192   1.310959214   0.303518753   0.417101807   1.575614483
W_prod                         1.083106930   1.636113921   0.782667622   1.025036411   0.607094179   1.310959340   0.303518679   0.417101773   1.575614701
W_prod_der=                    -0.0229   -7.4498   -0.3683    1.0847    0.1344   -1.2608    0.7386    0.3371   -2.1836

E_FN1, E_FN1_increm, gradient_FN1_FD, gradient_FN1= -1.138293 -1.138293 -0.083557 -0.083559

gradient_FN1_FD, gradient_FN1, 1st+2*2nd terms, gradient_FN1_1, gradient_FN1_2, gradient_FN1_3= -0.083557 -0.083559 -0.069217 -0.197668  0.049883  0.064226
------------------------------------------------------------

Data set    2

H=
  -1.0000   0.2078   0.2465  -0.1774   0.1550   0.0818   0.1172   0.0597   0.0351
   0.2078  -0.7500   0.0317   0.1078  -0.1529   0.2204  -0.0884   0.0460  -0.1722
   0.2465   0.0317  -0.5000  -0.0188   0.1205   0.0786   0.1065   0.0542  -0.2134
  -0.1774   0.1078  -0.0188  -0.2500   0.1196   0.2078   0.0252   0.1955   0.1204
   0.1550  -0.1529   0.1205   0.1196   0.0000  -0.1889   0.1373  -0.1491  -0.1836
   0.0818   0.2204   0.0786   0.2078  -0.1889   0.2500   0.0471   0.2473  -0.0761
   0.1172  -0.0884   0.1065   0.0252   0.1373   0.0471   0.5000  -0.0512   0.1073
   0.0597   0.0460   0.0542   0.1955  -0.1491   0.2473  -0.0512   0.7500  -0.1677
   0.0351  -0.1722  -0.2134   0.1204  -0.1836  -0.0761   0.1073  -0.1677   1.0000

eigenval_p,eigenval_h=  1.001000 -1.275242
psi for P    =   0.8174  -0.4330  -0.2248   0.2275  -0.1681  -0.0167  -0.0476  -0.0495  -0.0940

eigenvalues of P=  0.976280  0.979413  0.982483  0.985826  0.988465  0.991188  0.993720  0.995853  1.001000
eigenvalues of H=  1.196769  0.883489  0.576467  0.242178 -0.021770 -0.294090 -0.547235 -0.760567 -1.275242
tau, tau_max= 0.010000 0.404529
P=
   0.9982  -0.0021  -0.0025   0.0018  -0.0016  -0.0008  -0.0012  -0.0006  -0.0004
  -0.0021   0.9957  -0.0003  -0.0011   0.0015  -0.0022   0.0009  -0.0005   0.0017
  -0.0025  -0.0003   0.9932   0.0002  -0.0012  -0.0008  -0.0011  -0.0005   0.0021
   0.0018  -0.0011   0.0002   0.9907  -0.0012  -0.0021  -0.0003  -0.0020  -0.0012
  -0.0016   0.0015  -0.0012  -0.0012   0.9882   0.0019  -0.0014   0.0015   0.0018
  -0.0008  -0.0022  -0.0008  -0.0021   0.0019   0.9857  -0.0005  -0.0025   0.0008
  -0.0012   0.0009  -0.0011  -0.0003  -0.0014  -0.0005   0.9832   0.0005  -0.0011
  -0.0006  -0.0005  -0.0005  -0.0020   0.0015  -0.0025   0.0005   0.9807   0.0017
  -0.0004   0.0017   0.0021  -0.0012   0.0018   0.0008  -0.0011   0.0017   0.9782

sum_P_eig,sum_abs_P_eig,sign_condition_number=  2.078525  2.087104  0.662389

P after making eigenvec +ve =
   0.9982   0.0021   0.0025   0.0018   0.0016   0.0008   0.0012   0.0006   0.0004
   0.0021   0.9957  -0.0003   0.0011   0.0015  -0.0022   0.0009  -0.0005   0.0017
   0.0025  -0.0003   0.9932  -0.0002  -0.0012  -0.0008  -0.0011  -0.0005   0.0021
   0.0018   0.0011  -0.0002   0.9907   0.0012   0.0021   0.0003   0.0020   0.0012
   0.0016   0.0015  -0.0012   0.0012   0.9882   0.0019  -0.0014   0.0015   0.0018
   0.0008  -0.0022  -0.0008   0.0021   0.0019   0.9857  -0.0005  -0.0025   0.0008
   0.0012   0.0009  -0.0011   0.0003  -0.0014  -0.0005   0.9832   0.0005  -0.0011
   0.0006  -0.0005  -0.0005   0.0020   0.0015  -0.0025   0.0005   0.9807   0.0017
   0.0004   0.0017   0.0021   0.0012   0.0018   0.0008  -0.0011   0.0017   0.9782

1+(E_0*1-H) (i.e. P with tau=1) after making eigenvec +ve =
   0.8248  -0.2078  -0.2465  -0.1774  -0.1550  -0.0818  -0.1172  -0.0597  -0.0351
  -0.2078   0.5748   0.0317  -0.1078  -0.1529   0.2204  -0.0884   0.0460  -0.1722
  -0.2465   0.0317   0.3248   0.0188   0.1205   0.0786   0.1065   0.0542  -0.2134
  -0.1774  -0.1078   0.0188   0.0748  -0.1196  -0.2078  -0.0252  -0.1955  -0.1204
  -0.1550  -0.1529   0.1205  -0.1196  -0.1752  -0.1889   0.1373  -0.1491  -0.1836
  -0.0818   0.2204   0.0786  -0.2078  -0.1889  -0.4252   0.0471   0.2473  -0.0761
  -0.1172  -0.0884   0.1065  -0.0252   0.1373   0.0471  -0.6752  -0.0512   0.1073
  -0.0597   0.0460   0.0542  -0.1955  -0.1491   0.2473  -0.0512  -0.9252  -0.1677
  -0.0351  -0.1722  -0.2134  -0.1204  -0.1836  -0.0761   0.1073  -0.1677  -1.1752
psi0         =   0.8174   0.4330   0.2248   0.2275   0.1681   0.0167   0.0476   0.0495   0.0940
psiG         =   0.8159   0.4220   0.2863   0.2314   0.1125   0.0732   0.0278   0.0012   0.0426

E_G= -1.254143

H_imp=
  -1.0000  -0.4018  -0.7026  -0.6254  -1.1247  -0.9110  -3.4382 -41.9462  -0.6723
  -0.1075  -0.7500   0.0467  -0.1966  -0.5740   1.2703  -1.3414  16.7369  -1.7039
  -0.0865   0.0215  -0.5000   0.0232   0.3067   0.3072   1.0960  13.3785  -1.4328
  -0.0503  -0.0591   0.0152  -0.2500  -0.2461  -0.6567  -0.2097 -38.9877  -0.6534
  -0.0214  -0.0408   0.0473  -0.0581   0.0000  -0.2901   0.5551 -14.4501  -0.4843
  -0.0073   0.0382   0.0201  -0.0657  -0.1230   0.2500   0.1239  15.6027  -0.1307
  -0.0040  -0.0058   0.0103  -0.0030   0.0340   0.0179   0.5000  -1.2272   0.0700
  -0.0001   0.0001   0.0002  -0.0010  -0.0015   0.0039  -0.0021   0.7500  -0.0046
  -0.0018  -0.0174  -0.0318  -0.0222  -0.0696  -0.0443   0.1644  -6.1603   1.0000

P_imp=
   0.9982   0.0040   0.0070   0.0063   0.0112   0.0091   0.0344   0.4195   0.0067
   0.0011   0.9957  -0.0005   0.0020   0.0057  -0.0127   0.0134  -0.1674   0.0170
   0.0009  -0.0002   0.9932  -0.0002  -0.0031  -0.0031  -0.0110  -0.1338   0.0143
   0.0005   0.0006  -0.0002   0.9907   0.0025   0.0066   0.0021   0.3899   0.0065
   0.0002   0.0004  -0.0005   0.0006   0.9882   0.0029  -0.0056   0.1445   0.0048
   0.0001  -0.0004  -0.0002   0.0007   0.0012   0.9857  -0.0012  -0.1560   0.0013
   0.0000   0.0001  -0.0001   0.0000  -0.0003  -0.0002   0.9832   0.0123  -0.0007
   0.0000  -0.0000  -0.0000   0.0000   0.0000  -0.0000   0.0000   0.9807   0.0000
   0.0000   0.0002   0.0003   0.0002   0.0007   0.0004  -0.0016   0.0616   0.9782
tau_av_expon_proj    = 3.585317 1.710206 1.143912 1.004750 0.403276 0.285590 0.144281 0.006734 0.194102
tau_av_expon_proj_new= 5.706395 2.351602 1.480951 1.080798 0.850889 0.701635 0.596929 0.519415 0.459719
factor=                1.450201 1.313570 1.255561 1.072898 1.692240 1.809345 2.134634 2.683265 1.782078
factor2=                 1.5916   1.3750   1.2946   1.0757   2.1099   2.4568   4.1373  77.1277   2.3684

eigenvalues of P_imp=  0.976280  0.979413  0.982483  0.985826  0.988465  0.991188  0.993720  0.995853  1.001000
eigenvalues of H_imp=  1.196769  0.883489  0.576467  0.242178 -0.021770 -0.294090 -0.547235 -0.760567 -1.275242

eigenval_p,eigenval_h=  1.001000 -1.275242
psi0_psiG    =   0.6722   0.1842   0.0649   0.0531   0.0190   0.0012   0.0013   0.0001   0.0040

imp-sampled: sum_P_eig,sum_abs_P_eig,sign_condition_number=  1.000000  1.001706  0.843273

P_FN1=
   0.9982   0.0040   0.0070   0.0063   0.0112   0.0091   0.0344   0.4195   0.0067
   0.0011   0.9951   0.0000   0.0020   0.0057   0.0000   0.0134   0.0000   0.0170
   0.0009   0.0000   0.9918   0.0000   0.0000   0.0000   0.0000   0.0000   0.0143
   0.0005   0.0006   0.0000   0.9905   0.0025   0.0066   0.0021   0.3899   0.0065
   0.0002   0.0004   0.0000   0.0006   0.9848   0.0029   0.0000   0.1445   0.0048
   0.0001   0.0000   0.0000   0.0007   0.0012   0.9698   0.0000   0.0000   0.0013
   0.0000   0.0001   0.0000   0.0000   0.0000   0.0000   0.9639   0.0123   0.0000
   0.0000   0.0000   0.0000   0.0000   0.0000   0.0000   0.0000   0.5236   0.0000
   0.0000   0.0002   0.0003   0.0002   0.0007   0.0004   0.0000   0.0616   0.9775

eigenvalues of P_FN1=  0.523547  0.963790  0.969309  0.976671  0.984767  0.990338  0.991347  0.994635  1.000920
eigenvalues of H_FN1= 46.470042  2.445741  1.893883  1.157635  0.348101 -0.209031 -0.309977 -0.638709 -1.267230

eigenval_p,eigenval_h=  1.000920 -1.267230
psiFN1_psiG =    0.6773   0.1747   0.0707   0.0517   0.0171   0.0035   0.0010   0.0000   0.0039

E_0, E_G, E_FN1, E_G-E_0, E_FN1-E_0, rms fluctuation of E_L  -1.17524  -1.25414  -1.26723  -0.07890  -0.09199   0.23158
E_L     =  -1.2789  -1.2150  -1.0945  -1.1988  -1.7983  -0.0528  -2.5520 -56.3035  -4.0119
P_L     =   1.0001   0.9995   0.9983   0.9993   1.0053   0.9879   1.0128   1.5504   1.0274
P_abs_L =   1.0010   1.0010   1.0006   1.0005   1.0096   1.0048   1.0332   2.0085   1.0291

P_propos=
   0.9972   0.0040   0.0070   0.0063   0.0111   0.0091   0.0333   0.2088   0.0065
   0.0011   0.9948   0.0000   0.0020   0.0057   0.0000   0.0130   0.0000   0.0166
   0.0009   0.0000   0.9927   0.0000   0.0000   0.0000   0.0000   0.0000   0.0139
   0.0005   0.0006   0.0000   0.9903   0.0024   0.0065   0.0020   0.1941   0.0063
   0.0002   0.0004   0.0000   0.0006   0.9788   0.0029   0.0000   0.0719   0.0047
   0.0001   0.0000   0.0000   0.0007   0.0012   0.9811   0.0000   0.0000   0.0013
   0.0000   0.0001   0.0000   0.0000   0.0000   0.0000   0.9517   0.0061   0.0000
   0.0000   0.0000   0.0000   0.0000   0.0000   0.0000   0.0000   0.4883   0.0000
   0.0000   0.0002   0.0003   0.0002   0.0007   0.0004   0.0000   0.0307   0.9506
sum P_propos  1.000000  1.000000  1.000000  1.000000  1.000000  1.000000  1.000000  1.000000  1.000000
E_FN1= -1.267230 -1.267230
psiG**2=         0.6658   0.1781   0.0820   0.0536   0.0126   0.0054   0.0008   0.0000   0.0018
psiG**2 * P_L=   0.6658   0.1780   0.0818   0.0535   0.0127   0.0053   0.0008   0.0000   0.0019
psiFN_psiG=      0.6773   0.1747   0.0707   0.0517   0.0171   0.0035   0.0010   0.0000   0.0039
P_L=             1.0001   0.9995   0.9983   0.9993   1.0053   0.9879   1.0128   1.5504   1.0274
W_prod=          1.0174   0.9807   0.8626   0.9656   1.3543   0.6572   1.3546   2.4021   2.1284

P_markov=
   0.9972   0.0040   0.0070   0.0062   0.0111   0.0091   0.0333   0.2088   0.0065
   0.0011   0.9948   0.0000   0.0020   0.0057   0.0000   0.0130   0.0000   0.0166
   0.0009   0.0000   0.9927   0.0000   0.0000   0.0000   0.0000   0.0000   0.0139
   0.0005   0.0006   0.0000   0.9903   0.0024   0.0065   0.0020   0.1941   0.0063
   0.0002   0.0004   0.0000   0.0006   0.9788   0.0029   0.0000   0.0719   0.0047
   0.0001   0.0000   0.0000   0.0007   0.0012   0.9811   0.0000   0.0000   0.0013
   0.0000   0.0001   0.0000   0.0000   0.0000   0.0000   0.9517   0.0061   0.0000
   0.0000   0.0000   0.0000   0.0000   0.0000   0.0000   0.0000   0.4883   0.0000
   0.0000   0.0002   0.0003   0.0002   0.0007   0.0004   0.0000   0.0307   0.9506

eigenvalues of P_markov=  0.488303  0.950330  0.951654  0.977687  0.981478  0.990128  0.991672  0.994285  1.000000
eigenvalues of H_markov= 49.994472  3.791782  3.659326  1.056096  0.676914 -0.188046 -0.342458 -0.603739 -1.175242

eigenval_p,eigenval_h=  1.000000 -1.267230
psi for P_mar=   0.6658   0.1781   0.0820   0.0536   0.0126   0.0054   0.0008   0.0000   0.0018
psiG**2      =   0.6658   0.1781   0.0820   0.0536   0.0126   0.0054   0.0008   0.0000   0.0018
Above 2 lines should be equal since Markov matrix has dominant state psiG**2
The exception to this occurs when there is no sign problem, but some components of psiG have the wrong sign, in which case one has 2 decoupled spaces with degenerate dominant eigenvalues

P_FN3=
   0.9973   0.0040   0.0070   0.0062   0.0112   0.0090   0.0337   0.3238   0.0067
   0.0011   0.9942   0.0000   0.0020   0.0057   0.0000   0.0132   0.0000   0.0170
   0.0009   0.0000   0.9910   0.0000   0.0000   0.0000   0.0000   0.0000   0.0143
   0.0005   0.0006   0.0000   0.9896   0.0025   0.0065   0.0021   0.3010   0.0065
   0.0002   0.0004   0.0000   0.0006   0.9840   0.0028   0.0000   0.1115   0.0048
   0.0001   0.0000   0.0000   0.0007   0.0012   0.9692   0.0000   0.0000   0.0013
   0.0000   0.0001   0.0000   0.0000   0.0000   0.0000   0.9639   0.0095   0.0000
   0.0000   0.0000   0.0000   0.0000   0.0000   0.0000   0.0000   0.7571   0.0000
   0.0000   0.0002   0.0003   0.0002   0.0007   0.0004   0.0000   0.0476   0.9767
E_FN3= -1.266890 -1.266890

eigenvalues of P_FN3=  0.757038  0.963863  0.968738  0.975874  0.983954  0.989445  0.990452  0.993731  0.999997
eigenvalues of H_FN3= 23.028980  2.346441  1.858992  1.145342  0.337413 -0.211731 -0.312394 -0.640341 -1.266890

eigenval_p,eigenval_h=  0.999997 -1.266890
psiFN3_psiG  =   0.6774   0.1747   0.0708   0.0517   0.0171   0.0035   0.0010   0.0000   0.0038

P_FN4=
   0.9973   0.0040   0.0070   0.0062   0.0112   0.0090   0.0337   0.3238   0.0067
   0.0011   0.9942   0.0000   0.0020   0.0057   0.0000   0.0132   0.0000   0.0170
   0.0009   0.0000   0.9909   0.0000   0.0000   0.0000   0.0000   0.0000   0.0143
   0.0005   0.0006   0.0000   0.9896   0.0025   0.0065   0.0021   0.3010   0.0065
   0.0002   0.0004   0.0000   0.0006   0.9840   0.0029   0.0000   0.1115   0.0048
   0.0001   0.0000   0.0000   0.0007   0.0012   0.9692   0.0000   0.0000   0.0013
   0.0000   0.0001   0.0000   0.0000   0.0000   0.0000   0.9639   0.0095   0.0000
   0.0000   0.0000   0.0000   0.0000   0.0000   0.0000   0.0000   0.7571   0.0000
   0.0000   0.0002   0.0003   0.0002   0.0007   0.0004   0.0000   0.0476   0.9767
E_FN4= -1.267463 -1.267463

eigenvalues of P_FN4=  0.757022  0.963852  0.968712  0.975836  0.983934  0.989436  0.990445  0.993724  1.000002
eigenvalues of H_FN4= 23.030552  2.347613  1.861594  1.149217  0.339326 -0.210858 -0.311733 -0.639617 -1.267463

eigenval_p,eigenval_h=  1.000002 -1.267463
psiFN4_psiG  =   0.6770   0.1747   0.0708   0.0518   0.0172   0.0036   0.0011   0.0000   0.0039

P_FN5=
   0.9982   0.0036   0.0057   0.0061   0.0095   0.0015   0.0210   0.2329   0.0066
   0.0011   0.9957   0.0000   0.0019   0.0048   0.0000   0.0082   0.0000   0.0168
   0.0009   0.0000   0.9932   0.0000   0.0000   0.0000   0.0000   0.0000   0.0141
   0.0005   0.0005   0.0000   0.9907   0.0021   0.0010   0.0013   0.2164   0.0064
   0.0002   0.0004   0.0000   0.0006   0.9882   0.0005   0.0000   0.0802   0.0048
   0.0001   0.0000   0.0000   0.0006   0.0010   0.9857   0.0000   0.0000   0.0013
   0.0000   0.0001   0.0000   0.0000   0.0000   0.0000   0.9832   0.0068   0.0000
   0.0000   0.0000   0.0000   0.0000   0.0000   0.0000   0.0000   0.9807   0.0000
   0.0000   0.0002   0.0003   0.0002   0.0006   0.0001   0.0000   0.0342   0.9782
E_FN5= -1.267579 -1.267579

eigenvalues of P_FN5=  0.977266  0.980660  0.983191  0.985528  0.987915  0.990915  0.992594  0.995236  1.000923
eigenvalues of H_FN5=  1.098174  0.758738  0.505614  0.271995  0.033251 -0.266732 -0.434621 -0.698840 -1.267579

eigenval_p,eigenval_h=  1.000923 -1.267579
psiFN5_psiG  =   0.6468   0.1884   0.0800   0.0509   0.0207   0.0070   0.0021   0.0001   0.0039

E_G, E_FN1, E_FN3, E_FN4, E_0, recover_FN1, recover_FN3, recover_FN4, 1-ovlp_FN1, 1-ovlp_FN3, 1-ovlp_FN4, sign_cond_num= -1.254143 -1.267230 -1.266890 -1.267463 -1.175242-0.166-0.162-0.169 2.E-04 2.E-04 2.E-04 0.843

P_propos2=
   0.9972   0.0040   0.0070   0.0063   0.0112   0.0092   0.0339   0.2706   0.0065
   0.0011   0.9947   0.0000   0.0020   0.0057   0.0000   0.0132   0.0000   0.0166
   0.0009   0.0000   0.9926   0.0000   0.0000   0.0000   0.0000   0.0000   0.0139
   0.0005   0.0006   0.0000   0.9903   0.0024   0.0066   0.0021   0.2515   0.0064
   0.0002   0.0004   0.0000   0.0006   0.9787   0.0029   0.0000   0.0932   0.0047
   0.0001   0.0000   0.0000   0.0007   0.0012   0.9807   0.0000   0.0000   0.0013
   0.0000   0.0001   0.0000   0.0000   0.0000   0.0000   0.9507   0.0079   0.0000
   0.0000   0.0000   0.0000   0.0000   0.0000   0.0000   0.0000   0.3371   0.0000
   0.0000   0.0002   0.0003   0.0002   0.0007   0.0004   0.0000   0.0397   0.9505

eigenvalues of P_FN1_propos=  0.337104  0.950221  0.950676  0.977497  0.981212  0.990093  0.991645  0.994266  1.000000
psi for P_FN1_propos=   0.6659   0.1780   0.0818   0.0535   0.0127   0.0053   0.0008   0.0000   0.0019
psiG**2 * P_L       =   0.6659   0.1780   0.0818   0.0535   0.0127   0.0053   0.0008   0.0000   0.0019
Above 2 lines should be equal since proposal part of P_FN1 has dominant state psiG**2 * P_L
The exception to this occurs when there is no sign problem, but some components of psiG have the wrong sign, in which case one has 2 decoupled spaces with degenerate dominant eigenvalues

gradient_vmc_FD, gradient_vmc=  0.033047  0.033047
E_L_der =         -0.2547   1.1018   0.1107  -0.4659  -1.3600   3.0101  -3.1786  39.6587  -4.0374
E_L_der_increm =  -0.2547   1.1018   0.1107  -0.4659  -1.3600   3.0101  -3.1786  39.6587  -4.0374
The above 2 lines should be equal
psiFN1_psiG  =   0.6773   0.1747   0.0707   0.0517   0.0171   0.0035   0.0010   0.0000   0.0039
psiG_increm**2=                 0.6658    0.1781    0.0820    0.0536    0.0126    0.0054    0.0008    0.0000    0.0018
psiG_increm**2 * P_L_increm=    0.6658    0.1780    0.0818    0.0535    0.0127    0.0053    0.0008    0.0000    0.0019
psiFN_psiG_increm=              0.6773    0.1747    0.0707    0.0517    0.0171    0.0035    0.0010    0.0000    0.0039
W_prod_increm                   1.0174    0.9807    0.8626    0.9656    1.3543    0.6572    1.3546    2.4021    2.1284
W_prod                          1.0174    0.9807    0.8626    0.9656    1.3543    0.6572    1.3546    2.4021    2.1284
W_prod_increm                  1.017397305   0.980671812   0.862573597   0.965575934   1.354269909   0.657198746   1.354601993   2.402094149   2.128364171
W_prod                         1.017397264   0.980671982   0.862573574   0.965575896   1.354269852   0.657198783   1.354601931   2.402094251   2.128364080
W_prod_der=                     0.4093   -1.7022    0.2339    0.3825    0.5681   -0.3709    0.6219   -1.0192    0.9068

E_FN1, E_FN1_increm, gradient_FN1_FD, gradient_FN1= -1.267230 -1.267230 -0.010202 -0.010203

gradient_FN1_FD, gradient_FN1, 1st+2*2nd terms, gradient_FN1_1, gradient_FN1_2, gradient_FN1_3= -0.010202 -0.010203 -0.012433  0.043240 -0.025606 -0.027836
------------------------------------------------------------

Data set    3

H=
  -1.0000   0.0404   0.0718  -0.0811   0.1244  -0.0287  -0.1692  -0.0427  -0.1855
   0.0404  -0.7500   0.0116  -0.1719   0.1516  -0.0466   0.2187  -0.1013   0.0946
   0.0718   0.0116  -0.5000   0.2356  -0.0595  -0.1163   0.2479  -0.1902  -0.0795
  -0.0811  -0.1719   0.2356  -0.2500  -0.0695   0.2271   0.0548   0.1091  -0.0390
   0.1244   0.1516  -0.0595  -0.0695   0.0000  -0.1933  -0.1028  -0.1993  -0.1509
  -0.0287  -0.0466  -0.1163   0.2271  -0.1933   0.2500   0.0086  -0.2237   0.1178
  -0.1692   0.2187   0.2479   0.0548  -0.1028   0.0086   0.5000   0.0091  -0.1426
  -0.0427  -0.1013  -0.1902   0.1091  -0.1993  -0.2237   0.0091   0.7500  -0.1474
  -0.1855   0.0946  -0.0795  -0.0390  -0.1509   0.1178  -0.1426  -0.1474   1.0000

eigenval_p,eigenval_h=  1.001000 -1.090220
psi for P    =   0.9278  -0.1370  -0.2455   0.1362  -0.0797  -0.0542   0.1543  -0.0284   0.0876

eigenvalues of P=  0.978513  0.981832  0.983801  0.986091  0.991492  0.992008  0.997177  0.998966  1.001000
eigenvalues of H=  1.158502  0.826606  0.629632  0.400707 -0.139383 -0.191035 -0.707961 -0.886848 -1.090220
tau, tau_max= 0.010000 0.444697
P=
   1.0001  -0.0004  -0.0007   0.0008  -0.0012   0.0003   0.0017   0.0004   0.0019
  -0.0004   0.9976  -0.0001   0.0017  -0.0015   0.0005  -0.0022   0.0010  -0.0009
  -0.0007  -0.0001   0.9951  -0.0024   0.0006   0.0012  -0.0025   0.0019   0.0008
   0.0008   0.0017  -0.0024   0.9926   0.0007  -0.0023  -0.0005  -0.0011   0.0004
  -0.0012  -0.0015   0.0006   0.0007   0.9901   0.0019   0.0010   0.0020   0.0015
   0.0003   0.0005   0.0012  -0.0023   0.0019   0.9876  -0.0001   0.0022  -0.0012
   0.0017  -0.0022  -0.0025  -0.0005   0.0010  -0.0001   0.9851  -0.0001   0.0014
   0.0004   0.0010   0.0019  -0.0011   0.0020   0.0022  -0.0001   0.9826   0.0015
   0.0019  -0.0009   0.0008   0.0004   0.0015  -0.0012   0.0014   0.0015   0.9801

sum_P_eig,sum_abs_P_eig,sign_condition_number=  1.850582  1.857972  0.671287

P after making eigenvec +ve =
   1.0001   0.0004   0.0007   0.0008   0.0012  -0.0003   0.0017  -0.0004   0.0019
   0.0004   0.9976  -0.0001  -0.0017  -0.0015   0.0005   0.0022   0.0010   0.0009
   0.0007  -0.0001   0.9951   0.0024   0.0006   0.0012   0.0025   0.0019  -0.0008
   0.0008  -0.0017   0.0024   0.9926  -0.0007   0.0023  -0.0005   0.0011   0.0004
   0.0012  -0.0015   0.0006  -0.0007   0.9901   0.0019  -0.0010   0.0020  -0.0015
  -0.0003   0.0005   0.0012   0.0023   0.0019   0.9876   0.0001   0.0022   0.0012
   0.0017   0.0022   0.0025  -0.0005  -0.0010   0.0001   0.9851   0.0001   0.0014
  -0.0004   0.0010   0.0019   0.0011   0.0020   0.0022   0.0001   0.9826  -0.0015
   0.0019   0.0009  -0.0008   0.0004  -0.0015   0.0012   0.0014  -0.0015   0.9801

1+(E_0*1-H) (i.e. P with tau=1) after making eigenvec +ve =
   1.0098  -0.0404  -0.0718  -0.0811  -0.1244   0.0287  -0.1692   0.0427  -0.1855
  -0.0404   0.7598   0.0116   0.1719   0.1516  -0.0466  -0.2187  -0.1013  -0.0946
  -0.0718   0.0116   0.5098  -0.2356  -0.0595  -0.1163  -0.2479  -0.1902   0.0795
  -0.0811   0.1719  -0.2356   0.2598   0.0695  -0.2271   0.0548  -0.1091  -0.0390
  -0.1244   0.1516  -0.0595   0.0695   0.0098  -0.1933   0.1028  -0.1993   0.1509
   0.0287  -0.0466  -0.1163  -0.2271  -0.1933  -0.2402  -0.0086  -0.2237  -0.1178
  -0.1692  -0.2187  -0.2479   0.0548   0.1028  -0.0086  -0.4902  -0.0091  -0.1426
   0.0427  -0.1013  -0.1902  -0.1091  -0.1993  -0.2237  -0.0091  -0.7402   0.1474
  -0.1855  -0.0946   0.0795  -0.0390   0.1509  -0.1178  -0.1426   0.1474  -0.9902
psi0         =   0.9278   0.1370   0.2455   0.1362   0.0797   0.0542   0.1543   0.0284   0.0876
psiG         =   0.9066   0.0502   0.2931   0.1042   0.1544   0.0379   0.1688  -0.0249   0.1562

E_G= -1.059886

H_imp=
  -1.0000  -0.7303  -0.2222  -0.7058  -0.7304   0.6857  -0.9087  -1.5562  -1.0768
  -0.0022  -0.7500   0.0020   0.0828   0.0493  -0.0617  -0.0650   0.2043  -0.0304
  -0.0232   0.0680  -0.5000  -0.6626  -0.1130  -0.8996  -0.4305   2.2404   0.1491
  -0.0093   0.3571  -0.0838  -0.2500   0.0470  -0.6246   0.0338   0.4572  -0.0260
  -0.0212   0.4663  -0.0313   0.1030   0.0000  -0.7874   0.0940   1.2370   0.1492
   0.0012  -0.0352  -0.0150  -0.0825  -0.0474   0.2500  -0.0019   0.3407  -0.0286
  -0.0315  -0.7356  -0.1428   0.0887   0.1124  -0.0384   0.5000   0.0616  -0.1541
  -0.0012   0.0502   0.0161   0.0261   0.0321   0.1469   0.0013   0.7500  -0.0235
  -0.0319  -0.2945   0.0423  -0.0584   0.1526  -0.4855  -0.1319  -0.9253   1.0000

P_imp=
   1.0001   0.0073   0.0022   0.0071   0.0073  -0.0069   0.0091   0.0156   0.0108
   0.0000   0.9976  -0.0000  -0.0008  -0.0005   0.0006   0.0007  -0.0020   0.0003
   0.0002  -0.0007   0.9951   0.0066   0.0011   0.0090   0.0043  -0.0224  -0.0015
   0.0001  -0.0036   0.0008   0.9926  -0.0005   0.0062  -0.0003  -0.0046   0.0003
   0.0002  -0.0047   0.0003  -0.0010   0.9901   0.0079  -0.0009  -0.0124  -0.0015
  -0.0000   0.0004   0.0002   0.0008   0.0005   0.9876   0.0000  -0.0034   0.0003
   0.0003   0.0074   0.0014  -0.0009  -0.0011   0.0004   0.9851  -0.0006   0.0015
   0.0000  -0.0005  -0.0002  -0.0003  -0.0003  -0.0015  -0.0000   0.9826   0.0002
   0.0003   0.0029  -0.0004   0.0006  -0.0015   0.0049   0.0013   0.0093   0.9801
