Input hamiltonian
hamiltonian=random                                                                          
Input ndim, E_T, tau
ndim, E_T, tau=    9-20.000000 0.020000
Input fraction_positive, off_diag_mag, psiG_noise
fraction_positive, off_diag_mag,psiG_noise= 0.500000 0.500000 0.200000
psiG_correct_sign
psiG_correct_sign= F
Input irand_seed
irand_seed=3425565376542456

Data set    1

H=
  -1.0000  -0.0157  -0.0064   0.1878   0.1509  -0.1355  -0.0893  -0.2041   0.2027
  -0.0157  -0.7500   0.0527   0.2438  -0.1343  -0.0868  -0.0951   0.0549   0.2159
  -0.0064   0.0527  -0.5000   0.2357  -0.2168   0.1324  -0.2410  -0.1773   0.0475
   0.1878   0.2438   0.2357  -0.2500  -0.2488  -0.2090  -0.1479   0.2168  -0.1103
   0.1509  -0.1343  -0.2168  -0.2488   0.0000   0.0239  -0.2121   0.1499  -0.0295
  -0.1355  -0.0868   0.1324  -0.2090   0.0239   0.2500  -0.1514  -0.2014   0.0770
  -0.0893  -0.0951  -0.2410  -0.1479  -0.2121  -0.1514   0.5000  -0.1039  -0.0201
  -0.2041   0.0549  -0.1773   0.2168   0.1499  -0.2014  -0.1039   0.7500  -0.2147
   0.2027   0.2159   0.0475  -0.1103  -0.0295   0.0770  -0.0201  -0.2147   1.0000

eigenval_p,eigenval_h=  1.000000 -1.175438
psi for P    =   0.8776   0.2218   0.1011  -0.3275  -0.1533   0.0725   0.0396   0.1420  -0.1129

eigenvalues of P=  0.951724  0.960845  0.963535  0.968663  0.973729  0.985606  0.990637  0.993682  1.000000
eigenvalues of H=  1.238361  0.782303  0.647823  0.391405  0.138095 -0.455748 -0.707266 -0.859537 -1.175438
tau, tau_max= 0.020000 0.414285
P=
   0.9965   0.0003   0.0001  -0.0038  -0.0030   0.0027   0.0018   0.0041  -0.0041
   0.0003   0.9915  -0.0011  -0.0049   0.0027   0.0017   0.0019  -0.0011  -0.0043
   0.0001  -0.0011   0.9865  -0.0047   0.0043  -0.0026   0.0048   0.0035  -0.0010
  -0.0038  -0.0049  -0.0047   0.9815   0.0050   0.0042   0.0030  -0.0043   0.0022
  -0.0030   0.0027   0.0043   0.0050   0.9765  -0.0005   0.0042  -0.0030   0.0006
   0.0027   0.0017  -0.0026   0.0042  -0.0005   0.9715   0.0030   0.0040  -0.0015
   0.0018   0.0019   0.0048   0.0030   0.0042   0.0030   0.9665   0.0021   0.0004
   0.0041  -0.0011   0.0035  -0.0043  -0.0030   0.0040   0.0021   0.9615   0.0043
  -0.0041  -0.0043  -0.0010   0.0022   0.0006  -0.0015   0.0004   0.0043   0.9565

sum_P_eig,sum_abs_P_eig,sign_condition_number=  2.048117  2.064199  0.676335

P after making eigenvec +ve =
   0.9965   0.0003   0.0001   0.0038   0.0030   0.0027   0.0018   0.0041   0.0041
   0.0003   0.9915  -0.0011   0.0049  -0.0027   0.0017   0.0019  -0.0011   0.0043
   0.0001  -0.0011   0.9865   0.0047  -0.0043  -0.0026   0.0048   0.0035   0.0010
   0.0038   0.0049   0.0047   0.9815   0.0050  -0.0042  -0.0030   0.0043   0.0022
   0.0030  -0.0027  -0.0043   0.0050   0.9765   0.0005  -0.0042   0.0030   0.0006
   0.0027   0.0017  -0.0026  -0.0042   0.0005   0.9715   0.0030   0.0040   0.0015
   0.0018   0.0019   0.0048  -0.0030  -0.0042   0.0030   0.9665   0.0021  -0.0004
   0.0041  -0.0011   0.0035   0.0043   0.0030   0.0040   0.0021   0.9615  -0.0043
   0.0041   0.0043   0.0010   0.0022   0.0006   0.0015  -0.0004  -0.0043   0.9565

1+(E_0*1-H) (i.e. P with tau=1) after making eigenvec +ve =
   0.8246  -0.0157  -0.0064  -0.1878  -0.1509  -0.1355  -0.0893  -0.2041  -0.2027
  -0.0157   0.5746   0.0527  -0.2438   0.1343  -0.0868  -0.0951   0.0549  -0.2159
  -0.0064   0.0527   0.3246  -0.2357   0.2168   0.1324  -0.2410  -0.1773  -0.0475
  -0.1878  -0.2438  -0.2357   0.0746  -0.2488   0.2090   0.1479  -0.2168  -0.1103
  -0.1509   0.1343   0.2168  -0.2488  -0.1754  -0.0239   0.2121  -0.1499  -0.0295
  -0.1355  -0.0868   0.1324   0.2090  -0.0239  -0.4254  -0.1514  -0.2014  -0.0770
  -0.0893  -0.0951  -0.2410   0.1479   0.2121  -0.1514  -0.6754  -0.1039   0.0201
  -0.2041   0.0549  -0.1773  -0.2168  -0.1499  -0.2014  -0.1039  -0.9254   0.2147
  -0.2027  -0.2159  -0.0475  -0.1103  -0.0295  -0.0770   0.0201   0.2147  -1.1754
psi0         =   0.8776   0.2218   0.1011   0.3275   0.1533   0.0725   0.0396   0.1420   0.1129
psiG         =   0.8737   0.1849   0.0405   0.3416   0.1207   0.1440   0.0247   0.2096   0.0654

E_G= -1.149554

H_imp=
  -1.0000  -0.0743  -0.1371  -0.4803  -1.0920  -0.8225  -3.1539  -0.8511  -2.7095
  -0.0033  -0.7500   0.2407  -0.1319   0.2056  -0.1114  -0.7103   0.0484  -0.6106
  -0.0003   0.0115  -0.5000  -0.0279   0.0727   0.0372  -0.3942  -0.0342  -0.0294
  -0.0734  -0.4505  -1.9891  -0.2500  -0.7039   0.4958   2.0428  -0.3533  -0.5766
  -0.0209   0.0877   0.6470  -0.0880   0.0000  -0.0200   1.0352  -0.0863  -0.0545
  -0.0223  -0.0676   0.4710   0.0881  -0.0285   0.2500  -0.8810  -0.1383  -0.1697
  -0.0025  -0.0127  -0.1473   0.0107   0.0435  -0.0260   0.5000  -0.0123   0.0076
  -0.0490   0.0622  -0.9183  -0.1330  -0.2601  -0.2932  -0.8806   0.7500   0.6883
  -0.0152  -0.0763  -0.0768  -0.0211  -0.0160  -0.0350   0.0531   0.0669   1.0000

P_imp=
   0.9965   0.0015   0.0027   0.0096   0.0218   0.0164   0.0631   0.0170   0.0542
   0.0001   0.9915  -0.0048   0.0026  -0.0041   0.0022   0.0142  -0.0010   0.0122
   0.0000  -0.0002   0.9865   0.0006  -0.0015  -0.0007   0.0079   0.0007   0.0006
   0.0015   0.0090   0.0398   0.9815   0.0141  -0.0099  -0.0409   0.0071   0.0115
   0.0004  -0.0018  -0.0129   0.0018   0.9765   0.0004  -0.0207   0.0017   0.0011
   0.0004   0.0014  -0.0094  -0.0018   0.0006   0.9715   0.0176   0.0028   0.0034
   0.0001   0.0003   0.0029  -0.0002  -0.0009   0.0005   0.9665   0.0002  -0.0002
   0.0010  -0.0012   0.0184   0.0027   0.0052   0.0059   0.0176   0.9615  -0.0138
   0.0003   0.0015   0.0015   0.0004   0.0003   0.0007  -0.0011  -0.0013   0.9565
tau_av_expon_proj    = 5.351455 1.186265 0.216105 1.019295 0.412853 0.543136 0.109276 0.628563 0.206339
tau_av_expon_proj_new= 5.700010 2.350517 1.480520 1.080569 0.850746 0.701539 0.596859 0.519362 0.459677
factor=                1.063058 1.641019 2.349105 1.058343 1.673164 1.253317 2.263504 0.810374 1.735198
factor2=                 1.0651   1.9814   6.8509   1.0601   2.0607   1.2916   5.4619   0.8263   2.2278

eigenvalues of P_imp=  0.951724  0.960845  0.963535  0.968663  0.973729  0.985606  0.990637  0.993682  1.000000
eigenvalues of H_imp=  1.238361  0.782303  0.647823  0.391405  0.138095 -0.455748 -0.707266 -0.859537 -1.175438

eigenval_p,eigenval_h=  1.000000 -1.175438
psi0_psiG    =   0.7739   0.0414   0.0041   0.1129   0.0187   0.0105   0.0010   0.0300   0.0074

imp-sampled: sum_P_eig,sum_abs_P_eig,sign_condition_number=  1.000000  1.001872  0.910710

P_FN1=
   0.9965   0.0015   0.0027   0.0096   0.0218   0.0164   0.0631   0.0170   0.0542
   0.0001   0.9883   0.0000   0.0026   0.0000   0.0022   0.0142   0.0000   0.0122
   0.0000   0.0000   0.9593   0.0006   0.0000   0.0000   0.0079   0.0007   0.0006
   0.0015   0.0090   0.0398   0.9795   0.0141   0.0000   0.0000   0.0071   0.0115
   0.0004   0.0000   0.0000   0.0018   0.9701   0.0004   0.0000   0.0017   0.0011
   0.0004   0.0014   0.0000   0.0000   0.0006   0.9608   0.0176   0.0028   0.0034
   0.0001   0.0003   0.0029   0.0000   0.0000   0.0005   0.9039   0.0002   0.0000
   0.0010   0.0000   0.0184   0.0027   0.0052   0.0059   0.0176   0.9592   0.0000
   0.0003   0.0015   0.0015   0.0004   0.0003   0.0007   0.0000   0.0000   0.9426

eigenvalues of P_FN1=  0.903179  0.941671  0.954117  0.958845  0.963832  0.968113  0.980032  0.990420  0.999887
eigenvalues of H_FN1=  3.665588  1.741029  1.118722  0.882301  0.632943  0.418903 -0.177056 -0.696437 -1.169799

eigenval_p,eigenval_h=  0.999887 -1.169799
psiFN1_psiG =    0.7815   0.0386   0.0023   0.1059   0.0194   0.0137   0.0007   0.0315   0.0063

E_0, E_G, E_FN1, E_G-E_0, E_FN1-E_0, rms fluctuation of E_L  -1.17544  -1.14955  -1.16980   0.02588   0.00564   0.20100
E_L     =  -1.1869  -1.2700  -2.4100  -1.0335  -1.7787  -0.5251  -2.3888  -0.6102  -2.4545
P_L     =   1.0003   1.0020   1.0248   0.9973   1.0122   0.9871   1.0244   0.9888   1.0257
P_abs_L =   1.0002   1.0051   1.0519   0.9991   1.0185   0.9977   1.0869   0.9910   1.0395

P_propos=
   0.9963   0.0015   0.0026   0.0096   0.0214   0.0165   0.0580   0.0172   0.0521
   0.0001   0.9864   0.0000   0.0026   0.0000   0.0022   0.0131   0.0000   0.0117
   0.0000   0.0000   0.9378   0.0006   0.0000   0.0000   0.0073   0.0007   0.0006
   0.0015   0.0090   0.0378   0.9823   0.0138   0.0000   0.0000   0.0071   0.0111
   0.0004   0.0000   0.0000   0.0018   0.9588   0.0004   0.0000   0.0017   0.0010
   0.0004   0.0013   0.0000   0.0000   0.0006   0.9738   0.0162   0.0028   0.0033
   0.0001   0.0003   0.0028   0.0000   0.0000   0.0005   0.8892   0.0002   0.0000
   0.0010   0.0000   0.0175   0.0027   0.0051   0.0059   0.0162   0.9702   0.0000
   0.0003   0.0015   0.0015   0.0004   0.0003   0.0007   0.0000   0.0000   0.9201
sum P_propos  1.000000  1.000000  1.000000  1.000000  1.000000  1.000000  1.000000  1.000000  1.000000
E_FN1= -1.169799 -1.169799
psiG**2=         0.7634   0.0342   0.0016   0.1167   0.0146   0.0207   0.0006   0.0439   0.0043
psiG**2 * P_L=   0.7637   0.0342   0.0017   0.1164   0.0148   0.0205   0.0006   0.0434   0.0044
psiG_psiFN=      0.7815   0.0386   0.0023   0.1059   0.0194   0.0137   0.0007   0.0315   0.0063
P_L=             1.0003   1.0020   1.0248   0.9973   1.0122   0.9871   1.0244   0.9888   1.0257
psiFN_by_psi=          1.0237   1.1306   1.4279   0.9076   1.3314   0.6596   1.2098   0.7183   1.4704

P_markov=
   0.9963   0.0015   0.0026   0.0096   0.0214   0.0164   0.0580   0.0170   0.0521
   0.0001   0.9865   0.0000   0.0026   0.0000   0.0022   0.0131   0.0000   0.0117
   0.0000   0.0000   0.9379   0.0005   0.0000   0.0000   0.0073   0.0007   0.0006
   0.0015   0.0090   0.0378   0.9824   0.0138   0.0000   0.0000   0.0071   0.0111
   0.0004   0.0000   0.0000   0.0017   0.9588   0.0004   0.0000   0.0017   0.0010
   0.0004   0.0013   0.0000   0.0000   0.0006   0.9739   0.0162   0.0028   0.0033
   0.0000   0.0002   0.0027   0.0000   0.0000   0.0005   0.8892   0.0002   0.0000
   0.0010   0.0000   0.0175   0.0027   0.0051   0.0059   0.0162   0.9706   0.0000
   0.0003   0.0015   0.0015   0.0004   0.0003   0.0007   0.0000   0.0000   0.9202

eigenvalues of P_markov=  0.888654  0.919590  0.937605  0.957437  0.966905  0.975482  0.980682  0.989443  1.000000
eigenvalues of H_markov=  4.391875  2.845043  1.944334  0.952731  0.479309  0.050454 -0.209530 -0.647570 -1.175438

eigenval_p,eigenval_h=  1.000000 -1.169799
psi for P_mar=   0.7634   0.0342   0.0016   0.1167   0.0146   0.0207   0.0006   0.0439   0.0043
psiG**2      =   0.7634   0.0342   0.0016   0.1167   0.0146   0.0207   0.0006   0.0439   0.0043
Above 2 lines should be equal since Markov matrix has dominant state psiG**2
The exception to this occurs when there is no sign problem, but some components of psiG have the wrong sign, in which case one has 2 decoupled spaces with degenerate dominant eigenvalues

P_FN3=
   0.9966   0.0015   0.0027   0.0096   0.0217   0.0162   0.0594   0.0168   0.0535
   0.0001   0.9885   0.0000   0.0026   0.0000   0.0022   0.0134   0.0000   0.0120
   0.0000   0.0000   0.9612   0.0005   0.0000   0.0000   0.0074   0.0006   0.0006
   0.0015   0.0090   0.0388   0.9798   0.0140   0.0000   0.0000   0.0070   0.0114
   0.0004   0.0000   0.0000   0.0017   0.9704   0.0004   0.0000   0.0017   0.0011
   0.0004   0.0013   0.0000   0.0000   0.0006   0.9614   0.0166   0.0027   0.0033
   0.0000   0.0002   0.0028   0.0000   0.0000   0.0005   0.9109   0.0002   0.0000
   0.0010   0.0000   0.0179   0.0027   0.0052   0.0058   0.0166   0.9597   0.0000
   0.0003   0.0015   0.0015   0.0004   0.0003   0.0007   0.0000   0.0000   0.9438
E_FN3= -1.169286 -1.169286

eigenvalues of P_FN3=  0.910239  0.942921  0.954995  0.960241  0.964458  0.968549  0.980273  0.990613  0.999990
eigenvalues of H_FN3=  3.318270  1.684152  1.080470  0.818162  0.607307  0.402766 -0.183466 -0.700457 -1.169286

eigenval_p,eigenval_h=  0.999990 -1.169286
psiFN3_psiG  =   0.7814   0.0386   0.0023   0.1061   0.0192   0.0138   0.0007   0.0318   0.0062

P_FN4=
   0.9966   0.0015   0.0027   0.0096   0.0217   0.0163   0.0594   0.0170   0.0535
   0.0001   0.9884   0.0000   0.0026   0.0000   0.0022   0.0134   0.0000   0.0120
   0.0000   0.0000   0.9611   0.0006   0.0000   0.0000   0.0074   0.0007   0.0006
   0.0015   0.0090   0.0388   0.9797   0.0140   0.0000   0.0000   0.0071   0.0114
   0.0004   0.0000   0.0000   0.0018   0.9704   0.0004   0.0000   0.0017   0.0011
   0.0004   0.0013   0.0000   0.0000   0.0006   0.9612   0.0166   0.0028   0.0033
   0.0001   0.0003   0.0029   0.0000   0.0000   0.0005   0.9109   0.0002   0.0000
   0.0010   0.0000   0.0179   0.0027   0.0052   0.0058   0.0166   0.9594   0.0000
   0.0003   0.0015   0.0015   0.0004   0.0003   0.0007   0.0000   0.0000   0.9438
E_FN4= -1.170131 -1.170131

eigenvalues of P_FN4=  0.910201  0.942881  0.954668  0.960093  0.964325  0.968509  0.980249  0.990567  1.000007
eigenvalues of H_FN4=  3.320162  1.686145  1.096811  0.825575  0.613945  0.404748 -0.182234 -0.698142 -1.170131

eigenval_p,eigenval_h=  1.000007 -1.170131
psiFN4_psiG  =   0.7806   0.0388   0.0024   0.1061   0.0196   0.0138   0.0008   0.0316   0.0064
FN5: sum_pos  0.000000
FN5: sum_pos  0.161494
FN5: sum_pos  1.358704
FN5: sum_pos  0.098780
FN5: sum_pos  0.321731
FN5: sum_pos  0.533030
FN5: sum_pos  3.131142
FN5: sum_pos  0.115354
FN5: sum_pos  0.695959

P_FN5=
   0.9965   0.0015   0.0027   0.0096   0.0218   0.0164   0.0631   0.0170   0.0542
   0.0001   0.9883   0.0000   0.0026   0.0000   0.0022   0.0142   0.0000   0.0122
   0.0000   0.0000   0.9593   0.0006   0.0000   0.0000   0.0079   0.0007   0.0006
   0.0015   0.0090   0.0398   0.9795   0.0141   0.0000   0.0000   0.0071   0.0115
   0.0004   0.0000   0.0000   0.0018   0.9701   0.0004   0.0000   0.0017   0.0011
   0.0004   0.0014   0.0000   0.0000   0.0006   0.9608   0.0176   0.0028   0.0034
   0.0001   0.0003   0.0029   0.0000   0.0000   0.0005   0.9039   0.0002   0.0000
   0.0010   0.0000   0.0184   0.0027   0.0052   0.0059   0.0176   0.9592   0.0000
   0.0003   0.0015   0.0015   0.0004   0.0003   0.0007   0.0000   0.0000   0.9426
E_FN5= -1.169813 -1.169799

eigenvalues of P_FN5=  0.903256  0.941681  0.954120  0.958848  0.963835  0.968114  0.980033  0.990420  0.999887
eigenvalues of H_FN5=  3.661771  1.740526  1.118585  0.882176  0.632805  0.418865 -0.177076 -0.696443 -1.169813

eigenval_p,eigenval_h=  0.999887 -1.169813
psiFN5_psiG  =   0.7815   0.0386   0.0023   0.1059   0.0194   0.0137   0.0007   0.0316   0.0063

E_G, E_FN1, E_FN3, E_FN4, E_0, recover_FN1, recover_FN3, recover_FN4, 1-ovlp_FN1, 1-ovlp_FN3, 1-ovlp_FN4, sign_cond_num= -1.149554 -1.169799 -1.169286 -1.170131 -1.175438 0.782 0.762 0.795 7.E-05 7.E-05 7.E-05 0.911

P_propos2=
   0.9963   0.0015   0.0027   0.0096   0.0216   0.0167   0.0616   0.0172   0.0528
   0.0001   0.9864   0.0000   0.0026   0.0000   0.0023   0.0139   0.0000   0.0119
   0.0000   0.0000   0.9362   0.0006   0.0000   0.0000   0.0077   0.0007   0.0006
   0.0015   0.0090   0.0388   0.9823   0.0139   0.0000   0.0000   0.0071   0.0112
   0.0004   0.0000   0.0000   0.0018   0.9585   0.0004   0.0000   0.0017   0.0011
   0.0004   0.0013   0.0000   0.0000   0.0006   0.9735   0.0172   0.0028   0.0033
   0.0001   0.0003   0.0029   0.0000   0.0000   0.0005   0.8825   0.0002   0.0000
   0.0010   0.0000   0.0179   0.0027   0.0051   0.0059   0.0172   0.9702   0.0000
   0.0003   0.0015   0.0015   0.0004   0.0003   0.0007   0.0000   0.0000   0.9191

eigenvalues of P_FN1_propos=  0.881871  0.918485  0.935848  0.957137  0.966481  0.975114  0.980558  0.989367  1.000000
psi for P_FN1_propos=   0.7640   0.0343   0.0017   0.1164   0.0148   0.0205   0.0006   0.0434   0.0044
psiG**2 * P_L       =   0.7640   0.0343   0.0017   0.1164   0.0148   0.0205   0.0006   0.0434   0.0044
Above 2 lines should be equal since proposal part of P_FN1 has dominant state psiG**2 * P_L
The exception to this occurs when there is no sign problem, but some components of psiG have the wrong sign, in which case one has 2 decoupled spaces with degenerate dominant eigenvalues

P_L=              1.0003   1.0020   1.0248   0.9973   1.0122   0.9871   1.0244   0.9888   1.0257
P_L_der=          0.0004  -0.0563  -0.0260   0.0143  -0.0222   0.0121   0.0768  -0.0052   0.0661
P_L_der_by_P_L=   0.0004  -0.0561  -0.0254   0.0143  -0.0220   0.0122   0.0750  -0.0053   0.0644

P_L_der_by_P_L=   0.0004  -0.0561  -0.0254   0.0143  -0.0220   0.0122   0.0750  -0.0053   0.0644
psiG_psiFN    =   0.7815   0.0386   0.0023   0.1059   0.0194   0.0137   0.0007   0.0315   0.0063
tmp_vec1      =   0.0003  -0.0022  -0.0001   0.0015  -0.0004   0.0002   0.0001  -0.0002   0.0004

PP_FN1=
   1.9966   0.0015   0.0027   0.0096   0.0218   0.0164   0.0631   0.0170   0.0542
   0.0001   1.9884   0.0000   0.0026   0.0000   0.0022   0.0142   0.0000   0.0122
   0.0000   0.0000   1.9594   0.0006   0.0000   0.0000   0.0079   0.0007   0.0006
   0.0015   0.0090   0.0398   1.9796   0.0141   0.0000   0.0000   0.0071   0.0115
   0.0004   0.0000   0.0000   0.0018   1.9702   0.0004   0.0000   0.0017   0.0011
   0.0004   0.0014   0.0000   0.0000   0.0006   1.9609   0.0176   0.0028   0.0034
   0.0001   0.0003   0.0029   0.0000   0.0000   0.0005   1.9040   0.0002   0.0000
   0.0010   0.0000   0.0184   0.0027   0.0052   0.0059   0.0176   1.9593   0.0000
   0.0003   0.0015   0.0015   0.0004   0.0003   0.0007   0.0000   0.0000   1.9427
W_der_by_W=  0.000374

PP_FN1=
   2.9899   0.0046   0.0091   0.0287   0.0650   0.0488   0.1836   0.0505   0.1595
   0.0002   2.9653   0.0002   0.0078   0.0000   0.0066   0.0411   0.0000   0.0358
   0.0000   0.0000   2.8800   0.0016   0.0000   0.0000   0.0226   0.0020   0.0017
   0.0044   0.0268   0.1171   2.9394   0.0416   0.0001   0.0007   0.0208   0.0339
   0.0012   0.0000   0.0001   0.0052   2.9114   0.0012   0.0001   0.0051   0.0032
   0.0013   0.0040   0.0001   0.0000   0.0017   2.8844   0.0506   0.0081   0.0099
   0.0001   0.0007   0.0084   0.0000   0.0000   0.0015   2.7212   0.0007   0.0000
   0.0029   0.0000   0.0538   0.0078   0.0153   0.0172   0.0507   2.8796   0.0001
   0.0009   0.0045   0.0045   0.0012   0.0009   0.0020   0.0001   0.0000   2.8314
W_der_by_W=  0.000582
W_der_by_W=  0.003092
W_der_by_W=  0.005775
W_der_by_W=  0.008207
W_der_by_W=  0.010266
W_der_by_W=  0.011952
W_der_by_W=  0.013309
W_der_by_W=  0.014392
W_der_by_W=  0.015255
W_der_by_W=  0.015943
W_der_by_W=  0.016493
W_der_by_W=  0.016935
W_der_by_W=  0.017291
W_der_by_W=  0.017581
W_der_by_W=  0.017818
W_der_by_W=  0.018012
W_der_by_W=  0.018173
W_der_by_W=  0.018307
W_der_by_W=  0.018420
W_der_by_W=  0.018514
W_der_by_W=  0.018594
W_der_by_W=  0.018663
W_der_by_W=  0.018721
W_der_by_W=  0.018771
W_der_by_W=  0.018814
W_der_by_W=  0.018851
W_der_by_W=  0.018884
W_der_by_W=  0.018912
W_der_by_W=  0.018937
W_der_by_W=  0.018959
W_der_by_W=  0.018978
W_der_by_W=  0.018995
W_der_by_W=  0.019010
W_der_by_W=  0.019023
W_der_by_W=  0.019035
W_der_by_W=  0.019045
W_der_by_W=  0.019054
W_der_by_W=  0.019063
W_der_by_W=  0.019070
W_der_by_W=  0.019077
W_der_by_W=  0.019083
W_der_by_W=  0.019088
W_der_by_W=  0.019093
W_der_by_W=  0.019098
W_der_by_W=  0.019102
W_der_by_W=  0.019105
W_der_by_W=  0.019108
W_der_by_W=  0.019111
W_der_by_W=  0.019114
W_der_by_W=  0.019116
W_der_by_W=  0.019119
W_der_by_W=  0.019121
W_der_by_W=  0.019122
W_der_by_W=  0.019124
W_der_by_W=  0.019125
W_der_by_W=  0.019127
W_der_by_W=  0.019128
W_der_by_W=  0.019129
W_der_by_W=  0.019130
W_der_by_W=  0.019131
W_der_by_W=  0.019132
W_der_by_W=  0.019132
W_der_by_W=  0.019133
W_der_by_W=  0.019134
W_der_by_W=  0.019134
W_der_by_W=  0.019135
W_der_by_W=  0.019135
W_der_by_W=  0.019136
W_der_by_W=  0.019136
W_der_by_W=  0.019136
W_der_by_W=  0.019137
W_der_by_W=  0.019137
W_der_by_W=  0.019137
W_der_by_W=  0.019137
W_der_by_W=  0.019138
W_der_by_W=  0.019138
W_der_by_W=  0.019138
W_der_by_W=  0.019138
W_der_by_W=  0.019138
W_der_by_W=  0.019138
W_der_by_W=  0.019138
W_der_by_W=  0.019139
W_der_by_W=  0.019139
W_der_by_W=  0.019139
W_der_by_W=  0.019139
W_der_by_W=  0.019139
W_der_by_W=  0.019139
W_der_by_W=  0.019139
W_der_by_W=  0.019139
W_der_by_W=  0.019139
W_der_by_W=  0.019139
W_der_by_W=  0.019139
W_der_by_W=  0.019139
W_der_by_W=  0.019139
W_der_by_W=  0.019139
W_der_by_W=  0.019139
W_der_by_W=  0.019139
W_der_by_W=  0.019139
W_der_by_W=  0.019139
W_der_by_W=  0.019139
W_der_by_W=  0.019139

PP_FN1=
 811.0817 754.58191016.3855 651.1756 981.3263 493.9415 907.1977 536.36491097.1929
  33.7750 133.1065  60.9322  42.2292  48.7883  27.6127  56.2549  26.0922  71.0004
   2.1803   2.9202  28.8210   2.7194   3.2099   1.5232   4.8659   2.0970   3.6188
  99.5180 144.1877 193.7426 142.1559 152.1018  66.4245 128.0585  79.4476 159.5482
  18.7410  20.8164  28.5767  19.0068  58.4575  12.3629  22.4671  14.7348  27.6244
  13.4082  16.7461  19.2756  11.7983  17.5726  34.4568  21.0306  10.9554  20.8452
   0.7272   1.0075   1.8184   0.6717   0.9431   0.6211  11.4036   0.5894   1.0920
  30.8595  33.5390  56.2429  29.9092  44.3909  23.2201  42.3005  46.7778  44.3380
   6.1388   8.8751   9.4386   5.8410   8.0931   4.2965   7.6218   4.3117  26.6637
W_der_by_W=  0.019139

gradient_vmc_FD, gradient_vmc= -0.044528 -0.044528
E_L_der =         -0.0180   2.8130   1.3022  -0.7138   1.1123  -0.6027  -3.8424   0.2619  -3.3032
E_L_der_increm =  -0.0180   2.8130   1.3022  -0.7138   1.1123  -0.6027  -3.8424   0.2619  -3.3032
The above 2 lines should be equal
psiFN1_psiG  =   0.7815   0.0386   0.0023   0.1059   0.0194   0.0137   0.0007   0.0315   0.0063
psiG_increm**2=                 0.7634    0.0342    0.0016    0.1167    0.0146    0.0207    0.0006    0.0439    0.0043
psiG_increm**2 * P_L_increm=    0.7637    0.0342    0.0017    0.1164    0.0148    0.0205    0.0006    0.0434    0.0044
psiG_psiFN_increm=              0.7815    0.0386    0.0023    0.1059    0.0194    0.0137    0.0007    0.0315    0.0063
psiFN_by_psi_increm                   1.0237    1.1306    1.4279    0.9076    1.3314    0.6596    1.2098    0.7183    1.4704
psiFN_by_psi                          1.0237    1.1306    1.4279    0.9076    1.3314    0.6596    1.2098    0.7183    1.4704
psiFN_by_psi_increm                  1.023681296   1.130566572   1.427859023   0.907582509   1.331373015   0.659614584   1.209785001   0.718288779   1.470439287
psiFN_by_psi                         1.023681286   1.130566986   1.427859089   0.907582486   1.331373097   0.659614569   1.209784969   0.718288784   1.470439232
psiFN_by_psi_der=                     0.0999   -4.1335   -0.6680    0.2217   -0.8133    0.1545    0.3244   -0.0451    0.5488

gradient_FN1_1= -0.000000 -0.041879 -0.000000  0.000000 -0.000000  0.000000 -0.000000  0.000000 -0.000000

gradient_FN1_2= -0.001302  0.014152  0.001357  0.003525  0.007220  0.002064 -0.000242 -0.001110 -0.003011

gradient_FN1_3= -0.014069  0.108672  0.003045 -0.075585  0.021590 -0.008238 -0.002845  0.008263 -0.020746

E_FN1, E_FN1_increm, gradient_FN1_FD, gradient_FN1= -1.169799 -1.169799  0.000861  0.000861

gradient_FN1_FD, gradient_FN1, 1st+2*2nd terms, gradient_FN1_1, gradient_FN1_2, gradient_FN1_3=  0.000861  0.000861 -0.001705 -0.041879  0.022653  0.020087
W_der_by_W=                                                                                                                              0.019139
  1 Ratio: Error replace 2nd by 3rd term  to  Error replace 2nd by W_der_by_W=  0.730251
------------------------------------------------------------

Data set    2

H=
  -1.0000   0.0926  -0.0523   0.1918  -0.0657   0.0603  -0.1504  -0.2274   0.0957
   0.0926  -0.7500   0.1039  -0.1285  -0.0963   0.0622   0.0776  -0.1591   0.2282
  -0.0523   0.1039  -0.5000   0.1043  -0.1198  -0.0953  -0.1494  -0.0415   0.1401
   0.1918  -0.1285   0.1043  -0.2500  -0.0230  -0.2043   0.2108   0.1428   0.0091
  -0.0657  -0.0963  -0.1198  -0.0230   0.0000   0.2427   0.1041  -0.1081   0.2363
   0.0603   0.0622  -0.0953  -0.2043   0.2427   0.2500  -0.1775  -0.0047   0.0586
  -0.1504   0.0776  -0.1494   0.2108   0.1041  -0.1775   0.5000  -0.1000   0.2264
  -0.2274  -0.1591  -0.0415   0.1428  -0.1081  -0.0047  -0.1000   0.7500  -0.1384
   0.0957   0.2282   0.1401   0.0091   0.2363   0.0586   0.2264  -0.1384   1.0000

eigenval_p,eigenval_h=  1.000000 -1.175751
psi for P    =   0.8651  -0.2774   0.2068  -0.3005   0.0536  -0.0423   0.1503   0.1143  -0.0341

eigenvalues of P=  0.951220  0.961634  0.963633  0.969818  0.979414  0.981869  0.987617  0.993159  1.000000
eigenvalues of H=  1.263231  0.742538  0.642612  0.333355 -0.146463 -0.269224 -0.556595 -0.833703 -1.175751
tau, tau_max= 0.020000 0.410007
P=
   0.9965  -0.0019   0.0010  -0.0038   0.0013  -0.0012   0.0030   0.0045  -0.0019
  -0.0019   0.9915  -0.0021   0.0026   0.0019  -0.0012  -0.0016   0.0032  -0.0046
   0.0010  -0.0021   0.9865  -0.0021   0.0024   0.0019   0.0030   0.0008  -0.0028
  -0.0038   0.0026  -0.0021   0.9815   0.0005   0.0041  -0.0042  -0.0029  -0.0002
   0.0013   0.0019   0.0024   0.0005   0.9765  -0.0049  -0.0021   0.0022  -0.0047
  -0.0012  -0.0012   0.0019   0.0041  -0.0049   0.9715   0.0036   0.0001  -0.0012
   0.0030  -0.0016   0.0030  -0.0042  -0.0021   0.0036   0.9665   0.0020  -0.0045
   0.0045   0.0032   0.0008  -0.0029   0.0022   0.0001   0.0020   0.9615   0.0028
  -0.0019  -0.0046  -0.0028  -0.0002  -0.0047  -0.0012  -0.0045   0.0028   0.9565

sum_P_eig,sum_abs_P_eig,sign_condition_number=  2.044508  2.056558  0.745410

P after making eigenvec +ve =
   0.9965   0.0019   0.0010   0.0038   0.0013   0.0012   0.0030   0.0045   0.0019
   0.0019   0.9915   0.0021   0.0026  -0.0019  -0.0012   0.0016  -0.0032  -0.0046
   0.0010   0.0021   0.9865   0.0021   0.0024  -0.0019   0.0030   0.0008   0.0028
   0.0038   0.0026   0.0021   0.9815  -0.0005   0.0041   0.0042   0.0029  -0.0002
   0.0013  -0.0019   0.0024  -0.0005   0.9765   0.0049  -0.0021   0.0022   0.0047
   0.0012  -0.0012  -0.0019   0.0041   0.0049   0.9715  -0.0036  -0.0001  -0.0012
   0.0030   0.0016   0.0030   0.0042  -0.0021  -0.0036   0.9665   0.0020   0.0045
   0.0045  -0.0032   0.0008   0.0029   0.0022  -0.0001   0.0020   0.9615  -0.0028
   0.0019  -0.0046   0.0028  -0.0002   0.0047  -0.0012   0.0045  -0.0028   0.9565

1+(E_0*1-H) (i.e. P with tau=1) after making eigenvec +ve =
   0.8242  -0.0926  -0.0523  -0.1918  -0.0657  -0.0603  -0.1504  -0.2274  -0.0957
  -0.0926   0.5742  -0.1039  -0.1285   0.0963   0.0622  -0.0776   0.1591   0.2282
  -0.0523  -0.1039   0.3242  -0.1043  -0.1198   0.0953  -0.1494  -0.0415  -0.1401
  -0.1918  -0.1285  -0.1043   0.0742   0.0230  -0.2043  -0.2108  -0.1428   0.0091
  -0.0657   0.0963  -0.1198   0.0230  -0.1758  -0.2427   0.1041  -0.1081  -0.2363
  -0.0603   0.0622   0.0953  -0.2043  -0.2427  -0.4258   0.1775   0.0047   0.0586
  -0.1504  -0.0776  -0.1494  -0.2108   0.1041   0.1775  -0.6758  -0.1000  -0.2264
  -0.2274   0.1591  -0.0415  -0.1428  -0.1081   0.0047  -0.1000  -0.9258   0.1384
  -0.0957   0.2282  -0.1401   0.0091  -0.2363   0.0586  -0.2264   0.1384  -1.1758
psi0         =   0.8651   0.2774   0.2068   0.3005   0.0536   0.0423   0.1503   0.1143   0.0341
psiG         =   0.8443   0.3068   0.2849   0.2539   0.1390   0.1120   0.0560   0.1018  -0.0454

E_G= -1.129632

H_imp=
  -1.0000  -0.2547  -0.1550  -0.6377  -0.3990  -0.4542  -2.2675  -1.8856   1.7782
  -0.0336  -0.7500  -0.1119  -0.1553   0.2126   0.1704  -0.4252   0.4792  -1.5415
  -0.0176  -0.0965  -0.5000  -0.1170  -0.2455   0.2422  -0.7601  -0.1160   0.8788
  -0.0577  -0.1063  -0.0929  -0.2500   0.0420  -0.4629  -0.9558  -0.3560  -0.0506
  -0.0108   0.0436  -0.0584   0.0126   0.0000  -0.3011   0.2585  -0.1476   0.7230
  -0.0080   0.0227   0.0375  -0.0902  -0.1957   0.2500   0.3553   0.0051  -0.1447
  -0.0100  -0.0142  -0.0294  -0.0465   0.0419   0.0887   0.5000  -0.0550   0.2790
  -0.0274   0.0528  -0.0148  -0.0573  -0.0792   0.0042  -0.1820   0.7500  -0.3102
   0.0051  -0.0338   0.0223  -0.0016   0.0772  -0.0238   0.1837  -0.0617   1.0000

P_imp=
   0.9965   0.0051   0.0031   0.0128   0.0080   0.0091   0.0454   0.0377  -0.0356
   0.0007   0.9915   0.0022   0.0031  -0.0043  -0.0034   0.0085  -0.0096   0.0308
   0.0004   0.0019   0.9865   0.0023   0.0049  -0.0048   0.0152   0.0023  -0.0176
   0.0012   0.0021   0.0019   0.9815  -0.0008   0.0093   0.0191   0.0071   0.0010
   0.0002  -0.0009   0.0012  -0.0003   0.9765   0.0060  -0.0052   0.0030  -0.0145
   0.0002  -0.0005  -0.0007   0.0018   0.0039   0.9715  -0.0071  -0.0001   0.0029
   0.0002   0.0003   0.0006   0.0009  -0.0008  -0.0018   0.9665   0.0011  -0.0056
   0.0005  -0.0011   0.0003   0.0011   0.0016  -0.0001   0.0036   0.9615   0.0062
  -0.0001   0.0007  -0.0004   0.0000  -0.0015   0.0005  -0.0037   0.0012   0.9565
tau_av_expon_proj    = 5.871512 1.600871 1.914776 0.894373 0.773279 0.572247 0.185591 0.321935 0.175254
tau_av_expon_proj_new= 5.689874 2.348792 1.479835 1.080204 0.850520 0.701385 0.596747 0.519278 0.459611
factor=                0.968581 1.374965 0.745343 1.187718 1.095069 1.202157 1.991715 1.462334 1.856498
factor2=                 0.9691   1.4672   0.7729   1.2078   1.0999   1.2257   3.2154   1.6130   2.6226

eigenvalues of P_imp=  0.951220  0.961634  0.963633  0.969818  0.979414  0.981869  0.987617  0.993159  1.000000
eigenvalues of H_imp=  1.263231  0.742538  0.642612  0.333355 -0.146463 -0.269224 -0.556595 -0.833703 -1.175751

eigenval_p,eigenval_h=  1.000000 -1.175751
psi0_psiG    =   0.7419   0.0865   0.0598   0.0775   0.0076   0.0048   0.0085   0.0118  -0.0016

imp-sampled: sum_P_eig,sum_abs_P_eig,sign_condition_number=  1.000000  1.001451  0.930067

P_FN1=
   0.9964   0.0051   0.0031   0.0128   0.0080   0.0091   0.0454   0.0377   0.0000
   0.0007   0.9891   0.0022   0.0031   0.0000   0.0000   0.0085   0.0000   0.0308
   0.0004   0.0019   0.9853   0.0023   0.0049   0.0000   0.0152   0.0023   0.0000
   0.0012   0.0021   0.0019   0.9812   0.0000   0.0093   0.0191   0.0071   0.0010
   0.0002   0.0000   0.0012   0.0000   0.9690   0.0060   0.0000   0.0030   0.0000
   0.0002   0.0000   0.0000   0.0018   0.0039   0.9614   0.0000   0.0000   0.0029
   0.0002   0.0003   0.0006   0.0009   0.0000   0.0000   0.9505   0.0011   0.0000
   0.0005   0.0000   0.0003   0.0011   0.0016   0.0000   0.0036   0.9518   0.0062
   0.0000   0.0007   0.0000   0.0000   0.0000   0.0005   0.0000   0.0012   0.8833

eigenvalues of P_FN1=  0.882977  0.948784  0.951653  0.958641  0.970904  0.980411  0.985022  0.989965  0.999670
eigenvalues of H_FN1=  4.675396  1.385074  1.241616  0.892204  0.279032 -0.196311 -0.426840 -0.674009 -1.159276

eigenval_p,eigenval_h=  0.999670 -1.159276
psiFN1_psiG =    0.7450   0.0882   0.0541   0.0768   0.0100   0.0078   0.0059   0.0116   0.0007

E_0, E_G, E_FN1, E_G-E_0, E_FN1-E_0, rms fluctuation of E_L  -1.17575  -1.12963  -1.15928   0.04612   0.01648   0.22513
E_L     =  -1.1600  -1.1364  -0.9026  -1.3429  -0.5457  -0.4865  -3.2930  -1.3876   2.6121
P_L     =   1.0000   0.9995   0.9949   1.0037   0.9877   0.9865   1.0427   1.0046   0.9246
P_abs_L =   0.9998   1.0016   0.9957   1.0036   0.9949   0.9963   1.0583   1.0139   0.9974

P_propos=
   0.9967   0.0051   0.0031   0.0127   0.0080   0.0091   0.0429   0.0372   0.0000
   0.0007   0.9899   0.0022   0.0031   0.0000   0.0000   0.0080   0.0000   0.0309
   0.0004   0.0019   0.9907   0.0023   0.0049   0.0000   0.0144   0.0023   0.0000
   0.0012   0.0021   0.0019   0.9780   0.0000   0.0093   0.0181   0.0070   0.0010
   0.0002   0.0000   0.0012   0.0000   0.9815   0.0060   0.0000   0.0029   0.0000
   0.0002   0.0000   0.0000   0.0018   0.0039   0.9751   0.0000   0.0000   0.0029
   0.0002   0.0003   0.0006   0.0009   0.0000   0.0000   0.9132   0.0011   0.0000
   0.0005   0.0000   0.0003   0.0011   0.0016   0.0000   0.0034   0.9483   0.0062
   0.0000   0.0007   0.0000   0.0000   0.0000   0.0005   0.0000   0.0012   0.9590
sum P_propos  1.000000  1.000000  1.000000  1.000000  1.000000  1.000000  1.000000  1.000000  1.000000
E_FN1= -1.159276 -1.159276
psiG**2=         0.7128   0.0941   0.0812   0.0645   0.0193   0.0126   0.0031   0.0104   0.0021
psiG**2 * P_L=   0.7128   0.0941   0.0807   0.0647   0.0191   0.0124   0.0033   0.0104   0.0019
psiG_psiFN=      0.7450   0.0882   0.0541   0.0768   0.0100   0.0078   0.0059   0.0116   0.0007
P_L=             1.0000   0.9995   0.9949   1.0037   0.9877   0.9865   1.0427   1.0046   0.9246
psiFN_by_psi=          1.0452   0.9369   0.6666   1.1909   0.5158   0.6211   1.8790   1.1164   0.3335

P_markov=
   0.9967   0.0051   0.0031   0.0127   0.0080   0.0091   0.0429   0.0372   0.0000
   0.0007   0.9899   0.0022   0.0031   0.0000   0.0000   0.0080   0.0000   0.0308
   0.0004   0.0019   0.9908   0.0023   0.0049   0.0000   0.0144   0.0023   0.0000
   0.0011   0.0021   0.0019   0.9780   0.0000   0.0092   0.0181   0.0070   0.0010
   0.0002   0.0000   0.0012   0.0000   0.9816   0.0060   0.0000   0.0029   0.0000
   0.0002   0.0000   0.0000   0.0018   0.0039   0.9752   0.0000   0.0000   0.0029
   0.0002   0.0003   0.0006   0.0009   0.0000   0.0000   0.9132   0.0010   0.0000
   0.0005   0.0000   0.0003   0.0011   0.0016   0.0000   0.0034   0.9483   0.0061
   0.0000   0.0007   0.0000   0.0000   0.0000   0.0005   0.0000   0.0012   0.9592

eigenvalues of P_markov=  0.912740  0.946967  0.959105  0.970695  0.978559  0.983668  0.989037  0.992223  1.000000
eigenvalues of H_markov=  3.187265  1.475918  0.868993  0.289497 -0.103716 -0.359126 -0.627616 -0.786883 -1.175751

eigenval_p,eigenval_h=  1.000000 -1.159276
psi for P_mar=   0.7128   0.0941   0.0812   0.0645   0.0193   0.0126   0.0031   0.0104   0.0021
psiG**2      =   0.7128   0.0941   0.0812   0.0645   0.0193   0.0126   0.0031   0.0104   0.0021
Above 2 lines should be equal since Markov matrix has dominant state psiG**2
The exception to this occurs when there is no sign problem, but some components of psiG have the wrong sign, in which case one has 2 decoupled spaces with degenerate dominant eigenvalues

P_FN3=
   0.9967   0.0051   0.0031   0.0128   0.0079   0.0090   0.0447   0.0374   0.0000
   0.0007   0.9895   0.0022   0.0031   0.0000   0.0000   0.0084   0.0000   0.0285
   0.0004   0.0019   0.9857   0.0023   0.0049   0.0000   0.0150   0.0023   0.0000
   0.0011   0.0021   0.0018   0.9816   0.0000   0.0091   0.0188   0.0071   0.0009
   0.0002   0.0000   0.0012   0.0000   0.9696   0.0060   0.0000   0.0029   0.0000
   0.0002   0.0000   0.0000   0.0018   0.0039   0.9620   0.0000   0.0000   0.0027
   0.0002   0.0003   0.0006   0.0009   0.0000   0.0000   0.9522   0.0010   0.0000
   0.0005   0.0000   0.0003   0.0011   0.0015   0.0000   0.0036   0.9527   0.0057
   0.0000   0.0007   0.0000   0.0000   0.0000   0.0005   0.0000   0.0012   0.8868
E_FN3= -1.158720 -1.158720

eigenvalues of P_FN3=  0.886533  0.950265  0.952747  0.959329  0.971432  0.980804  0.985424  0.990325  0.999989
eigenvalues of H_FN3=  4.514099  1.327465  1.203355  0.874261  0.269130 -0.199455 -0.430496 -0.675536 -1.158720

eigenval_p,eigenval_h=  0.999989 -1.158720
psiFN3_psiG  =   0.7455   0.0881   0.0541   0.0765   0.0100   0.0079   0.0057   0.0115   0.0007

P_FN4=
   0.9967   0.0051   0.0031   0.0128   0.0079   0.0090   0.0447   0.0374   0.0000
   0.0007   0.9895   0.0022   0.0031   0.0000   0.0000   0.0084   0.0000   0.0286
   0.0004   0.0019   0.9856   0.0023   0.0049   0.0000   0.0150   0.0023   0.0000
   0.0012   0.0021   0.0019   0.9816   0.0000   0.0092   0.0188   0.0071   0.0009
   0.0002   0.0000   0.0012   0.0000   0.9695   0.0060   0.0000   0.0029   0.0000
   0.0002   0.0000   0.0000   0.0018   0.0039   0.9619   0.0000   0.0000   0.0027
   0.0002   0.0003   0.0006   0.0009   0.0000   0.0000   0.9522   0.0011   0.0000
   0.0005   0.0000   0.0003   0.0011   0.0016   0.0000   0.0036   0.9526   0.0058
   0.0000   0.0007   0.0000   0.0000   0.0000   0.0005   0.0000   0.0012   0.8866
E_FN4= -1.159522 -1.159522

eigenvalues of P_FN4=  0.886312  0.950192  0.952705  0.959237  0.971356  0.980748  0.985366  0.990303  1.000005
eigenvalues of H_FN4=  4.525112  1.331125  1.205477  0.878867  0.272934 -0.196671 -0.427582 -0.674435 -1.159522

eigenval_p,eigenval_h=  1.000005 -1.159522
psiFN4_psiG  =   0.7445   0.0883   0.0542   0.0768   0.0100   0.0078   0.0061   0.0117   0.0007
FN5: sum_pos  0.005148
FN5: sum_pos  0.119137
FN5: sum_pos  0.059811
FN5: sum_pos  0.012583
FN5: sum_pos  0.373735
FN5: sum_pos  0.505512
FN5: sum_pos  0.797592
FN5: sum_pos  0.484304
FN5: sum_pos  3.659063

P_FN5=
   0.9964   0.0051   0.0031   0.0128   0.0080   0.0091   0.0454   0.0377   0.0000
   0.0007   0.9891   0.0022   0.0031   0.0000   0.0000   0.0085   0.0000   0.0308
   0.0004   0.0019   0.9853   0.0023   0.0049   0.0000   0.0152   0.0023   0.0000
   0.0012   0.0021   0.0019   0.9812   0.0000   0.0093   0.0191   0.0071   0.0010
   0.0002   0.0000   0.0012   0.0000   0.9690   0.0060   0.0000   0.0030   0.0000
   0.0002   0.0000   0.0000   0.0018   0.0039   0.9614   0.0000   0.0000   0.0029
   0.0002   0.0003   0.0006   0.0009   0.0000   0.0000   0.9505   0.0011   0.0000
   0.0005   0.0000   0.0003   0.0011   0.0016   0.0000   0.0036   0.9518   0.0062
   0.0000   0.0007   0.0000   0.0000   0.0000   0.0005   0.0000   0.0012   0.8835
E_FN5= -1.159285 -1.159273

eigenvalues of P_FN5=  0.883140  0.948789  0.951658  0.958643  0.970905  0.980411  0.985022  0.989965  0.999671
eigenvalues of H_FN5=  4.667234  1.384795  1.241358  0.892102  0.278977 -0.196321 -0.426848 -0.674021 -1.159285

eigenval_p,eigenval_h=  0.999671 -1.159285
psiFN5_psiG  =   0.7450   0.0882   0.0541   0.0768   0.0100   0.0078   0.0059   0.0116   0.0007

E_G, E_FN1, E_FN3, E_FN4, E_0, recover_FN1, recover_FN3, recover_FN4, 1-ovlp_FN1, 1-ovlp_FN3, 1-ovlp_FN4, sign_cond_num= -1.129632 -1.159276 -1.158720 -1.159522 -1.175751 0.643 0.631 0.648 6.E-05 6.E-05 6.E-05 0.930

P_propos2=
   0.9967   0.0051   0.0031   0.0127   0.0081   0.0092   0.0435   0.0375   0.0000
   0.0007   0.9899   0.0023   0.0031   0.0000   0.0000   0.0082   0.0000   0.0333
   0.0004   0.0019   0.9907   0.0023   0.0050   0.0000   0.0146   0.0023   0.0000
   0.0012   0.0021   0.0019   0.9780   0.0000   0.0094   0.0183   0.0071   0.0011
   0.0002   0.0000   0.0012   0.0000   0.9814   0.0061   0.0000   0.0029   0.0000
   0.0002   0.0000   0.0000   0.0018   0.0040   0.9748   0.0000   0.0000   0.0031
   0.0002   0.0003   0.0006   0.0009   0.0000   0.0000   0.9119   0.0011   0.0000
   0.0005   0.0000   0.0003   0.0011   0.0016   0.0000   0.0035   0.9478   0.0067
   0.0000   0.0007   0.0000   0.0000   0.0000   0.0005   0.0000   0.0012   0.9557

eigenvalues of P_FN1_propos=  0.911412  0.946149  0.955940  0.970374  0.978455  0.983474  0.988957  0.992165  1.000000
psi for P_FN1_propos=   0.7132   0.0941   0.0808   0.0647   0.0191   0.0124   0.0033   0.0104   0.0019
psiG**2 * P_L       =   0.7132   0.0941   0.0808   0.0647   0.0191   0.0124   0.0033   0.0104   0.0019
Above 2 lines should be equal since proposal part of P_FN1 has dominant state psiG**2 * P_L
The exception to this occurs when there is no sign problem, but some components of psiG have the wrong sign, in which case one has 2 decoupled spaces with degenerate dominant eigenvalues

P_L=              1.0000   0.9995   0.9949   1.0037   0.9877   0.9865   1.0427   1.0046   0.9246
P_L_der=          0.0022  -0.0252   0.0073   0.0101  -0.0139  -0.0111   0.0277  -0.0312   0.1005
P_L_der_by_P_L=   0.0022  -0.0252   0.0073   0.0101  -0.0140  -0.0113   0.0266  -0.0311   0.1087

P_L_der_by_P_L=   0.0022  -0.0252   0.0073   0.0101  -0.0140  -0.0113   0.0266  -0.0311   0.1087
psiG_psiFN    =   0.7450   0.0882   0.0541   0.0768   0.0100   0.0078   0.0059   0.0116   0.0007
tmp_vec1      =   0.0016  -0.0022   0.0004   0.0008  -0.0001  -0.0001   0.0002  -0.0004   0.0001

PP_FN1=
   1.9967   0.0051   0.0031   0.0128   0.0080   0.0091   0.0454   0.0377   0.0000
   0.0007   1.9894   0.0022   0.0031   0.0000   0.0000   0.0085   0.0000   0.0308
   0.0004   0.0019   1.9856   0.0023   0.0049   0.0000   0.0152   0.0023   0.0000
   0.0012   0.0021   0.0019   1.9816   0.0000   0.0093   0.0191   0.0071   0.0010
