Input hamiltonian
hamiltonian=random                                                                          
Input ndim, E_T, tau
ndim, E_T, tau=    9-20.000000 0.020000
Input fraction_positive, off_diag_mag, psiG_noise
fraction_positive, off_diag_mag,psiG_noise= 0.800000 0.500000 0.200000
psiG_correct_sign
psiG_correct_sign= F
Input irand_seed
irand_seed=3425565376542456

Data set    1

H=
  -1.0000  -0.1657  -0.1564   0.0378   0.0009  -0.2855  -0.2393  -0.3541   0.0527
  -0.1657  -0.7500  -0.0973   0.0938  -0.2843  -0.2368  -0.2451  -0.0951   0.0659
  -0.1564  -0.0973  -0.5000   0.0857  -0.3668  -0.0176  -0.3910  -0.3273  -0.1025
   0.0378   0.0938   0.0857  -0.2500  -0.3988  -0.3590  -0.2979   0.0668  -0.2603
   0.0009  -0.2843  -0.3668  -0.3988   0.0000  -0.1261  -0.3621  -0.0001  -0.1795
  -0.2855  -0.2368  -0.0176  -0.3590  -0.1261   0.2500  -0.3014  -0.3514  -0.0730
  -0.2393  -0.2451  -0.3910  -0.2979  -0.3621  -0.3014   0.5000  -0.2539  -0.1701
  -0.3541  -0.0951  -0.3273   0.0668  -0.0001  -0.3514  -0.2539   0.7500  -0.3647
   0.0527   0.0659  -0.1025  -0.2603  -0.1795  -0.0730  -0.1701  -0.3647   1.0000

eigenval_p,eigenval_h=  1.000000 -1.649262
psi for P    =   0.5567   0.4059   0.3857   0.1702   0.3010   0.2897   0.3287   0.2375   0.0926

eigenvalues of P=  0.939539  0.949676  0.951951  0.956295  0.962386  0.977806  0.980414  0.985066  1.000000
eigenvalues of H=  1.373785  0.866939  0.753213  0.535964  0.231415 -0.539542 -0.669963 -0.902548 -1.649262
tau, tau_max= 0.020000 0.330792
P=
   0.9870   0.0033   0.0031  -0.0008  -0.0000   0.0057   0.0048   0.0071  -0.0011
   0.0033   0.9820   0.0019  -0.0019   0.0057   0.0047   0.0049   0.0019  -0.0013
   0.0031   0.0019   0.9770  -0.0017   0.0073   0.0004   0.0078   0.0065   0.0020
  -0.0008  -0.0019  -0.0017   0.9720   0.0080   0.0072   0.0060  -0.0013   0.0052
  -0.0000   0.0057   0.0073   0.0080   0.9670   0.0025   0.0072   0.0000   0.0036
   0.0057   0.0047   0.0004   0.0072   0.0025   0.9620   0.0060   0.0070   0.0015
   0.0048   0.0049   0.0078   0.0060   0.0072   0.0060   0.9570   0.0051   0.0034
   0.0071   0.0019   0.0065  -0.0013   0.0000   0.0070   0.0051   0.9520   0.0073
  -0.0011  -0.0013   0.0020   0.0052   0.0036   0.0015   0.0034   0.0073   0.9470

sum_P_eig,sum_abs_P_eig,sign_condition_number=  2.768041  2.777007  0.850689

P after making eigenvec +ve =
   0.9870   0.0033   0.0031  -0.0008  -0.0000   0.0057   0.0048   0.0071  -0.0011
   0.0033   0.9820   0.0019  -0.0019   0.0057   0.0047   0.0049   0.0019  -0.0013
   0.0031   0.0019   0.9770  -0.0017   0.0073   0.0004   0.0078   0.0065   0.0020
  -0.0008  -0.0019  -0.0017   0.9720   0.0080   0.0072   0.0060  -0.0013   0.0052
  -0.0000   0.0057   0.0073   0.0080   0.9670   0.0025   0.0072   0.0000   0.0036
   0.0057   0.0047   0.0004   0.0072   0.0025   0.9620   0.0060   0.0070   0.0015
   0.0048   0.0049   0.0078   0.0060   0.0072   0.0060   0.9570   0.0051   0.0034
   0.0071   0.0019   0.0065  -0.0013   0.0000   0.0070   0.0051   0.9520   0.0073
  -0.0011  -0.0013   0.0020   0.0052   0.0036   0.0015   0.0034   0.0073   0.9470

1+(E_0*1-H) (i.e. P with tau=1) after making eigenvec +ve =
   0.3507  -0.1657  -0.1564   0.0378   0.0009  -0.2855  -0.2393  -0.3541   0.0527
  -0.1657   0.1007  -0.0973   0.0938  -0.2843  -0.2368  -0.2451  -0.0951   0.0659
  -0.1564  -0.0973  -0.1493   0.0857  -0.3668  -0.0176  -0.3910  -0.3273  -0.1025
   0.0378   0.0938   0.0857  -0.3993  -0.3988  -0.3590  -0.2979   0.0668  -0.2603
   0.0009  -0.2843  -0.3668  -0.3988  -0.6493  -0.1261  -0.3621  -0.0001  -0.1795
  -0.2855  -0.2368  -0.0176  -0.3590  -0.1261  -0.8993  -0.3014  -0.3514  -0.0730
  -0.2393  -0.2451  -0.3910  -0.2979  -0.3621  -0.3014  -1.1493  -0.2539  -0.1701
  -0.3541  -0.0951  -0.3273   0.0668  -0.0001  -0.3514  -0.2539  -1.3993  -0.3647
   0.0527   0.0659  -0.1025  -0.2603  -0.1795  -0.0730  -0.1701  -0.3647  -1.6493
psi0         =   0.5567   0.4059   0.3857   0.1702   0.3010   0.2897   0.3287   0.2375   0.0926
psiG         =   0.6004   0.3615   0.3064   0.2050   0.2617   0.3502   0.2945   0.3045   0.0484

E_G= -1.611140

H_imp=
  -1.0000  -0.2752  -0.3064   0.1106   0.0021  -0.4894  -0.4878  -0.6983   0.6530
  -0.0998  -0.7500  -0.1148   0.1654  -0.3927  -0.2444  -0.3008  -0.1129   0.4918
  -0.0798  -0.0825  -0.5000   0.1280  -0.4294  -0.0154  -0.4068  -0.3294  -0.6483
   0.0129   0.0532   0.0573  -0.2500  -0.3124  -0.2101  -0.2074   0.0450  -1.1021
   0.0004  -0.2058  -0.3134  -0.5091   0.0000  -0.0942  -0.3218  -0.0001  -0.9702
  -0.1666  -0.2294  -0.0201  -0.6132  -0.1687   0.2500  -0.3584  -0.4042  -0.5276
  -0.1174  -0.1996  -0.3758  -0.4280  -0.4075  -0.2535   0.5000  -0.2456  -1.0345
  -0.1796  -0.0801  -0.3253   0.0992  -0.0001  -0.3055  -0.2625   0.7500  -2.2927
   0.0042   0.0088  -0.0162  -0.0615  -0.0332  -0.0101  -0.0280  -0.0580   1.0000

P_imp=
   0.9870   0.0055   0.0061  -0.0022  -0.0000   0.0098   0.0098   0.0140  -0.0131
   0.0020   0.9820   0.0023  -0.0033   0.0079   0.0049   0.0060   0.0023  -0.0098
   0.0016   0.0016   0.9770  -0.0026   0.0086   0.0003   0.0081   0.0066   0.0130
  -0.0003  -0.0011  -0.0011   0.9720   0.0062   0.0042   0.0041  -0.0009   0.0220
  -0.0000   0.0041   0.0063   0.0102   0.9670   0.0019   0.0064   0.0000   0.0194
   0.0033   0.0046   0.0004   0.0123   0.0034   0.9620   0.0072   0.0081   0.0106
   0.0023   0.0040   0.0075   0.0086   0.0081   0.0051   0.9570   0.0049   0.0207
   0.0036   0.0016   0.0065  -0.0020   0.0000   0.0061   0.0053   0.9520   0.0459
  -0.0001  -0.0002   0.0003   0.0012   0.0007   0.0002   0.0006   0.0012   0.9470
tau_av_expon_proj    = 1.513617 0.881334 0.653911 0.472786 0.572682 0.616286 0.421321 0.528117 0.129531
tau_av_expon_proj_new= 1.540211 1.112023 0.870124 0.714662 0.606332 0.526520 0.465276 0.416795 0.377464
factor=                1.017416 1.230536 1.282082 1.402769 1.057065 0.843253 1.099076 0.765604 1.928684
factor2=                 1.0176   1.2617   1.3306   1.5116   1.0588   0.8543   1.1043   0.7892   2.9141

eigenvalues of P_imp=  0.939539  0.949676  0.951951  0.956295  0.962386  0.977806  0.980414  0.985066  1.000000
eigenvalues of H_imp=  1.373785  0.866939  0.753213  0.535964  0.231415 -0.539542 -0.669963 -0.902548 -1.649262

eigenval_p,eigenval_h=  1.000000 -1.649262
psi0_psiG    =   0.3383   0.1485   0.1196   0.0353   0.0798   0.1027   0.0980   0.0732   0.0045

imp-sampled: sum_P_eig,sum_abs_P_eig,sign_condition_number=  1.000000  1.001937  0.907762

P_FN1=
   0.9867   0.0055   0.0061   0.0000   0.0000   0.0098   0.0098   0.0140   0.0000
   0.0020   0.9808   0.0023   0.0000   0.0079   0.0049   0.0060   0.0023   0.0000
   0.0016   0.0016   0.9759   0.0000   0.0086   0.0003   0.0081   0.0066   0.0130
   0.0000   0.0000   0.0000   0.9619   0.0062   0.0042   0.0041   0.0000   0.0220
   0.0000   0.0041   0.0063   0.0102   0.9670   0.0019   0.0064   0.0000   0.0194
   0.0033   0.0046   0.0004   0.0123   0.0034   0.9620   0.0072   0.0081   0.0106
   0.0023   0.0040   0.0075   0.0086   0.0081   0.0051   0.9570   0.0049   0.0207
   0.0036   0.0016   0.0065   0.0000   0.0000   0.0061   0.0053   0.9511   0.0459
   0.0000   0.0000   0.0003   0.0012   0.0007   0.0002   0.0006   0.0012   0.9241

eigenvalues of P_FN1=  0.921374  0.946720  0.950518  0.952659  0.961896  0.971840  0.977834  0.983710  0.999941
eigenvalues of H_FN1=  2.282059  1.014715  0.824830  0.717798  0.255943 -0.241277 -0.540976 -0.834742 -1.646336

eigenval_p,eigenval_h=  0.999941 -1.646336
psiFN1_psiG =    0.3399   0.1477   0.1175   0.0375   0.0797   0.1033   0.0979   0.0726   0.0039

E_0, E_G, E_FN1, E_G-E_0, E_FN1-E_0, rms fluctuation of E_L  -1.64926  -1.61114  -1.64634   0.03812   0.00293   0.28815
E_L     =  -1.6256  -1.7606  -1.9146  -1.3586  -1.7420  -1.3726  -1.8735  -1.0536  -4.4306
P_L     =   0.9996   1.0023   1.0054   0.9942   1.0019   0.9945   1.0045   0.9881   1.0557
P_abs_L =   0.9999   1.0035   1.0065   1.0043   1.0019   0.9945   1.0045   0.9890   1.0785

P_propos=
   0.9871   0.0055   0.0061   0.0000   0.0000   0.0098   0.0097   0.0141   0.0000
   0.0020   0.9786   0.0023   0.0000   0.0078   0.0049   0.0060   0.0023   0.0000
   0.0016   0.0016   0.9707   0.0000   0.0086   0.0003   0.0081   0.0067   0.0120
   0.0000   0.0000   0.0000   0.9679   0.0062   0.0042   0.0041   0.0000   0.0204
   0.0000   0.0041   0.0062   0.0101   0.9652   0.0019   0.0064   0.0000   0.0180
   0.0033   0.0046   0.0004   0.0122   0.0034   0.9674   0.0071   0.0082   0.0098
   0.0023   0.0040   0.0075   0.0085   0.0081   0.0051   0.9527   0.0050   0.0192
   0.0036   0.0016   0.0065   0.0000   0.0000   0.0061   0.0052   0.9626   0.0425
   0.0000   0.0000   0.0003   0.0012   0.0007   0.0002   0.0006   0.0012   0.8781
sum P_propos  1.000000  1.000000  1.000000  1.000000  1.000000  1.000000  1.000000  1.000000  1.000000
E_FN1= -1.646336 -1.646336
psiG**2=         0.3604   0.1307   0.0939   0.0420   0.0685   0.1227   0.0867   0.0927   0.0023
psiG**2 * P_L=   0.3603   0.1310   0.0944   0.0418   0.0686   0.1220   0.0871   0.0916   0.0025
psiG_psiFN=      0.3399   0.1477   0.1175   0.0375   0.0797   0.1033   0.0979   0.0726   0.0039
P_L=             0.9996   1.0023   1.0054   0.9942   1.0019   0.9945   1.0045   0.9881   1.0557
psiFN_by_psi=          0.9430   1.1304   1.2514   0.8919   1.1632   0.8418   1.1286   0.7835   1.6699

P_markov=
   0.9872   0.0055   0.0061   0.0000   0.0000   0.0098   0.0097   0.0140   0.0000
   0.0020   0.9786   0.0023   0.0000   0.0078   0.0049   0.0060   0.0023   0.0000
   0.0016   0.0016   0.9708   0.0000   0.0085   0.0003   0.0081   0.0065   0.0120
   0.0000   0.0000   0.0000   0.9680   0.0062   0.0042   0.0041   0.0000   0.0204
   0.0000   0.0041   0.0062   0.0101   0.9653   0.0019   0.0064   0.0000   0.0180
   0.0033   0.0046   0.0004   0.0122   0.0034   0.9676   0.0071   0.0081   0.0098
   0.0023   0.0040   0.0075   0.0085   0.0081   0.0050   0.9528   0.0049   0.0192
   0.0036   0.0016   0.0065   0.0000   0.0000   0.0061   0.0052   0.9631   0.0425
   0.0000   0.0000   0.0003   0.0011   0.0006   0.0002   0.0005   0.0011   0.8781

eigenvalues of P_markov=  0.877100  0.946706  0.954572  0.955301  0.966126  0.972706  0.975505  0.983446  1.000000
eigenvalues of H_markov=  4.495759  1.015431  0.622131  0.585691  0.044415 -0.284573 -0.424493 -0.821584 -1.649262

eigenval_p,eigenval_h=  1.000000 -1.646336
psi for P_mar=   0.3604   0.1307   0.0939   0.0420   0.0685   0.1227   0.0867   0.0927   0.0023
psiG**2      =   0.3604   0.1307   0.0939   0.0420   0.0685   0.1227   0.0867   0.0927   0.0023
Above 2 lines should be equal since Markov matrix has dominant state psiG**2
The exception to this occurs when there is no sign problem, but some components of psiG have the wrong sign, in which case one has 2 decoupled spaces with degenerate dominant eigenvalues

P_FN3=
   0.9868   0.0055   0.0061   0.0000   0.0000   0.0097   0.0098   0.0138   0.0000
   0.0020   0.9809   0.0023   0.0000   0.0078   0.0048   0.0060   0.0022   0.0000
   0.0016   0.0016   0.9760   0.0000   0.0085   0.0003   0.0081   0.0065   0.0127
   0.0000   0.0000   0.0000   0.9624   0.0062   0.0042   0.0041   0.0000   0.0216
   0.0000   0.0041   0.0063   0.0101   0.9672   0.0019   0.0064   0.0000   0.0190
   0.0033   0.0046   0.0004   0.0121   0.0034   0.9623   0.0072   0.0080   0.0103
   0.0023   0.0040   0.0075   0.0085   0.0081   0.0050   0.9571   0.0048   0.0203
   0.0036   0.0016   0.0065   0.0000   0.0000   0.0061   0.0053   0.9517   0.0449
   0.0000   0.0000   0.0003   0.0011   0.0006   0.0002   0.0005   0.0011   0.9270
E_FN3= -1.645157 -1.645157

eigenvalues of P_FN3=  0.924295  0.947253  0.950698  0.953094  0.962165  0.972051  0.977931  0.983820  0.999976
eigenvalues of H_FN3=  2.138925  0.991024  0.818785  0.698951  0.245407 -0.248877 -0.542868 -0.837322 -1.645157

eigenval_p,eigenval_h=  0.999976 -1.645157
psiFN3_psiG  =   0.3402   0.1476   0.1169   0.0376   0.0796   0.1037   0.0975   0.0732   0.0038

P_FN4=
   0.9867   0.0055   0.0061   0.0000   0.0000   0.0098   0.0098   0.0140   0.0000
   0.0020   0.9809   0.0023   0.0000   0.0079   0.0049   0.0060   0.0023   0.0000
   0.0016   0.0016   0.9760   0.0000   0.0086   0.0003   0.0081   0.0066   0.0127
   0.0000   0.0000   0.0000   0.9623   0.0062   0.0042   0.0041   0.0000   0.0216
   0.0000   0.0041   0.0063   0.0101   0.9670   0.0019   0.0064   0.0000   0.0190
   0.0033   0.0046   0.0004   0.0121   0.0034   0.9621   0.0072   0.0081   0.0103
   0.0023   0.0040   0.0075   0.0085   0.0081   0.0051   0.9571   0.0049   0.0203
   0.0036   0.0016   0.0065   0.0000   0.0000   0.0061   0.0053   0.9512   0.0449
   0.0000   0.0000   0.0003   0.0012   0.0007   0.0002   0.0006   0.0012   0.9270
E_FN4= -1.646666 -1.646666

eigenvalues of P_FN4=  0.924049  0.946950  0.950598  0.952930  0.961963  0.972004  0.977928  0.983784  1.000007
eigenvalues of H_FN4=  2.151208  1.006161  0.823777  0.707170  0.255507 -0.246520 -0.542750 -0.835519 -1.646666

eigenval_p,eigenval_h=  1.000007 -1.646666
psiFN4_psiG  =   0.3396   0.1478   0.1175   0.0378   0.0796   0.1031   0.0978   0.0727   0.0041
FN5: sum_pos  0.017543
FN5: sum_pos  0.062030
FN5: sum_pos  0.057320
FN5: sum_pos  0.503280
FN5: sum_pos  0.002071
FN5: sum_pos  0.000000
FN5: sum_pos  0.000000
FN5: sum_pos  0.044973
FN5: sum_pos  1.144795

P_FN5=
   0.9867   0.0055   0.0061   0.0000   0.0000   0.0098   0.0098   0.0140   0.0000
   0.0020   0.9808   0.0023   0.0000   0.0079   0.0049   0.0060   0.0023   0.0000
   0.0016   0.0016   0.9759   0.0000   0.0086   0.0003   0.0081   0.0066   0.0130
   0.0000   0.0000   0.0000   0.9620   0.0062   0.0042   0.0041   0.0000   0.0220
   0.0000   0.0041   0.0063   0.0102   0.9670   0.0019   0.0064   0.0000   0.0194
   0.0033   0.0046   0.0004   0.0123   0.0034   0.9620   0.0072   0.0081   0.0106
   0.0023   0.0040   0.0075   0.0086   0.0081   0.0051   0.9570   0.0049   0.0207
   0.0036   0.0016   0.0065   0.0000   0.0000   0.0061   0.0053   0.9511   0.0459
   0.0000   0.0000   0.0003   0.0012   0.0007   0.0002   0.0006   0.0012   0.9241
E_FN5= -1.646399 -1.646336

eigenvalues of P_FN5=  0.921402  0.946726  0.950521  0.952661  0.961898  0.971842  0.977835  0.983710  0.999943
eigenvalues of H_FN5=  2.280629  1.014422  0.824679  0.717705  0.255843 -0.241350 -0.540999 -0.834767 -1.646399

eigenval_p,eigenval_h=  0.999943 -1.646399
psiFN5_psiG  =   0.3399   0.1477   0.1175   0.0375   0.0797   0.1033   0.0979   0.0726   0.0039

E_G, E_FN1, E_FN3, E_FN4, E_0, recover_FN1, recover_FN3, recover_FN4, 1-ovlp_FN1, 1-ovlp_FN3, 1-ovlp_FN4, sign_cond_num= -1.611140 -1.646336 -1.645157 -1.646666 -1.649262 0.923 0.892 0.932 4.E-05 5.E-05 4.E-05 0.908

P_propos2=
   0.9871   0.0055   0.0061   0.0000   0.0000   0.0098   0.0097   0.0141   0.0000
   0.0020   0.9786   0.0023   0.0000   0.0078   0.0049   0.0060   0.0023   0.0000
   0.0016   0.0016   0.9707   0.0000   0.0086   0.0003   0.0081   0.0067   0.0123
   0.0000   0.0000   0.0000   0.9676   0.0062   0.0042   0.0041   0.0000   0.0209
   0.0000   0.0041   0.0062   0.0102   0.9652   0.0019   0.0064   0.0000   0.0184
   0.0033   0.0046   0.0004   0.0123   0.0034   0.9674   0.0071   0.0082   0.0100
   0.0023   0.0040   0.0075   0.0086   0.0081   0.0051   0.9527   0.0050   0.0196
   0.0036   0.0016   0.0065   0.0000   0.0000   0.0061   0.0052   0.9626   0.0434
   0.0000   0.0000   0.0003   0.0012   0.0007   0.0002   0.0006   0.0012   0.8754

eigenvalues of P_FN1_propos=  0.874381  0.946611  0.954254  0.954920  0.965806  0.972556  0.975429  0.983380  1.000000
psi for P_FN1_propos=   0.3606   0.1311   0.0944   0.0418   0.0687   0.1221   0.0872   0.0917   0.0025
psiG**2 * P_L       =   0.3606   0.1311   0.0944   0.0418   0.0687   0.1221   0.0872   0.0917   0.0025
Above 2 lines should be equal since proposal part of P_FN1 has dominant state psiG**2 * P_L
The exception to this occurs when there is no sign problem, but some components of psiG have the wrong sign, in which case one has 2 decoupled spaces with degenerate dominant eigenvalues

P_L=              0.9996   1.0023   1.0054   0.9942   1.0019   0.9945   1.0045   0.9881   1.0557
P_L_der=          0.0055  -0.0559   0.0064  -0.0092   0.0217   0.0135   0.0166   0.0062  -0.0272
P_L_der_by_P_L=   0.0055  -0.0558   0.0063  -0.0092   0.0217   0.0136   0.0166   0.0063  -0.0258

P_L_der_by_P_L=   0.0055  -0.0558   0.0063  -0.0092   0.0217   0.0136   0.0166   0.0063  -0.0258
psiG_psiFN    =   0.3399   0.1477   0.1175   0.0375   0.0797   0.1033   0.0979   0.0726   0.0039
tmp_vec1      =   0.0019  -0.0082   0.0007  -0.0003   0.0017   0.0014   0.0016   0.0005  -0.0001

PP_FN1=
   1.9867   0.0055   0.0061   0.0000   0.0000   0.0098   0.0098   0.0140   0.0000
   0.0020   1.9808   0.0023   0.0000   0.0079   0.0049   0.0060   0.0023   0.0000
   0.0016   0.0016   1.9759   0.0000   0.0086   0.0003   0.0081   0.0066   0.0130
   0.0000   0.0000   0.0000   1.9620   0.0062   0.0042   0.0041   0.0000   0.0220
   0.0000   0.0041   0.0063   0.0102   1.9670   0.0019   0.0064   0.0000   0.0194
   0.0033   0.0046   0.0004   0.0123   0.0034   1.9621   0.0072   0.0081   0.0106
   0.0023   0.0040   0.0075   0.0086   0.0081   0.0051   1.9571   0.0049   0.0207
   0.0036   0.0016   0.0065   0.0000   0.0000   0.0061   0.0053   1.9512   0.0459
   0.0000   0.0000   0.0003   0.0012   0.0007   0.0002   0.0006   0.0012   1.9242
W_der_by_W=  0.002128

PP_FN1=
   2.9605   0.0165   0.0183   0.0002   0.0002   0.0290   0.0289   0.0412   0.0010
   0.0060   2.9430   0.0069   0.0002   0.0232   0.0145   0.0178   0.0067   0.0005
   0.0048   0.0050   2.9285   0.0002   0.0254   0.0010   0.0240   0.0194   0.0382
   0.0000   0.0001   0.0001   2.8876   0.0184   0.0123   0.0122   0.0001   0.0639
   0.0000   0.0122   0.0185   0.0299   2.9024   0.0056   0.0190   0.0001   0.0566
   0.0099   0.0136   0.0013   0.0360   0.0101   2.8879   0.0211   0.0237   0.0313
   0.0070   0.0118   0.0222   0.0252   0.0240   0.0149   2.8733   0.0144   0.0603
   0.0106   0.0048   0.0191   0.0002   0.0002   0.0179   0.0154   2.8561   0.1321
   0.0000   0.0000   0.0010   0.0036   0.0019   0.0006   0.0016   0.0033   2.7784
W_der_by_W=  0.003129
W_der_by_W=  0.011355
W_der_by_W=  0.017320
W_der_by_W=  0.021862
W_der_by_W=  0.025420
W_der_by_W=  0.028254
W_der_by_W=  0.030531
W_der_by_W=  0.032373
W_der_by_W=  0.033868
W_der_by_W=  0.035086
W_der_by_W=  0.036083
W_der_by_W=  0.036900
W_der_by_W=  0.037573
W_der_by_W=  0.038129
W_der_by_W=  0.038590
W_der_by_W=  0.038972
W_der_by_W=  0.039291
W_der_by_W=  0.039558
W_der_by_W=  0.039781
W_der_by_W=  0.039968
W_der_by_W=  0.040126
W_der_by_W=  0.040259
W_der_by_W=  0.040371
W_der_by_W=  0.040465
W_der_by_W=  0.040545
W_der_by_W=  0.040613
W_der_by_W=  0.040671
W_der_by_W=  0.040719
W_der_by_W=  0.040761
W_der_by_W=  0.040796
W_der_by_W=  0.040826
W_der_by_W=  0.040851
W_der_by_W=  0.040873
W_der_by_W=  0.040891
W_der_by_W=  0.040907
W_der_by_W=  0.040920
W_der_by_W=  0.040931
W_der_by_W=  0.040941
W_der_by_W=  0.040949
W_der_by_W=  0.040956
W_der_by_W=  0.040962
W_der_by_W=  0.040967
W_der_by_W=  0.040971
W_der_by_W=  0.040975
W_der_by_W=  0.040978
W_der_by_W=  0.040981
W_der_by_W=  0.040983
W_der_by_W=  0.040985
W_der_by_W=  0.040986
W_der_by_W=  0.040988
W_der_by_W=  0.040989
W_der_by_W=  0.040990
W_der_by_W=  0.040991
W_der_by_W=  0.040992
W_der_by_W=  0.040992
W_der_by_W=  0.040993
W_der_by_W=  0.040993
W_der_by_W=  0.040993
W_der_by_W=  0.040994
W_der_by_W=  0.040994
W_der_by_W=  0.040994
W_der_by_W=  0.040995
W_der_by_W=  0.040995
W_der_by_W=  0.040995
W_der_by_W=  0.040995
W_der_by_W=  0.040995
W_der_by_W=  0.040995
W_der_by_W=  0.040995
W_der_by_W=  0.040995
W_der_by_W=  0.040995
W_der_by_W=  0.040995
W_der_by_W=  0.040995
W_der_by_W=  0.040995
W_der_by_W=  0.040995
W_der_by_W=  0.040995
W_der_by_W=  0.040996
W_der_by_W=  0.040996
W_der_by_W=  0.040996
W_der_by_W=  0.040996
W_der_by_W=  0.040996
W_der_by_W=  0.040996
W_der_by_W=  0.040996
W_der_by_W=  0.040996
W_der_by_W=  0.040996
W_der_by_W=  0.040996
W_der_by_W=  0.040996
W_der_by_W=  0.040996
W_der_by_W=  0.040996
W_der_by_W=  0.040996
W_der_by_W=  0.040996
W_der_by_W=  0.040996
W_der_by_W=  0.040996
W_der_by_W=  0.040996
W_der_by_W=  0.040996
W_der_by_W=  0.040996
W_der_by_W=  0.040996
W_der_by_W=  0.040996
W_der_by_W=  0.040996
W_der_by_W=  0.040996
W_der_by_W=  0.040996
W_der_by_W=  0.040996

PP_FN1=
 354.0367 353.5585 392.3097 272.9346 353.6738 273.0502 359.0903 258.9722 522.2077
 128.1988 202.0787 172.1489 123.4257 167.5682 119.2969 159.4905 108.2066 230.5762
 102.1746 123.6504 177.8299  98.9674 135.9491  91.8327 130.0477  90.0000 194.1313
  31.8273  39.6939  44.3118  60.1862  46.3678  32.3703  42.6805  27.6243  68.9887
  67.2149  87.8277  99.2030  75.5681 120.0475  64.1204  89.2473  58.2641 136.4475
  92.9165 111.9584 119.9868  94.4617 114.8111 108.5709 113.3206  79.7294 169.3813
  86.4124 105.8484 120.1602  88.0767 113.0068  80.1366 128.0883  74.3448 164.0250
  66.6060  76.7522  88.8767  60.9271  78.8493  60.2599  79.4581  74.9230 126.9000
   3.3977   4.1374   4.8498   3.8492   4.6713   3.2386   4.4348   3.2103  19.8502
W_der_by_W=  0.040996

gradient_vmc_FD, gradient_vmc= -0.108054 -0.108054
E_L_der =         -0.2760   2.7954  -0.3176   0.4576  -1.0862  -0.6760  -0.8321  -0.3124   1.3604
E_L_der_increm =  -0.2760   2.7954  -0.3176   0.4576  -1.0862  -0.6760  -0.8321  -0.3124   1.3604
The above 2 lines should be equal
psiFN1_psiG  =   0.3399   0.1477   0.1175   0.0375   0.0797   0.1033   0.0979   0.0726   0.0039
psiG_increm**2=                 0.3604    0.1307    0.0939    0.0420    0.0685    0.1227    0.0867    0.0927    0.0023
psiG_increm**2 * P_L_increm=    0.3603    0.1310    0.0944    0.0418    0.0686    0.1220    0.0871    0.0916    0.0025
psiG_psiFN_increm=              0.3399    0.1477    0.1175    0.0375    0.0797    0.1033    0.0979    0.0726    0.0039
psiFN_by_psi_increm                   0.9430    1.1304    1.2514    0.8919    1.1632    0.8418    1.1286    0.7835    1.6699
psiFN_by_psi                          0.9430    1.1304    1.2514    0.8919    1.1632    0.8418    1.1286    0.7835    1.6699
psiFN_by_psi_increm                  0.943048661   1.130377712   1.251354918   0.891853446   1.163180540   0.841817113   1.128645467   0.783525581   1.669885110
psiFN_by_psi                         0.943048631   1.130377971   1.251354881   0.891853444   1.163180508   0.841817089   1.128645434   0.783525558   1.669885128
psiFN_by_psi_der=                     0.2993   -2.5957    0.3726    0.0171    0.3259    0.2444    0.3275    0.2280   -0.1878

gradient_FN1_1=  0.000000 -0.093376 -0.000000  0.000000 -0.000000  0.000000 -0.000000  0.000000 -0.000000

gradient_FN1_2=  0.002239  0.038759 -0.009384  0.000206 -0.002136  0.008204 -0.006453  0.012530  0.001226

gradient_FN1_3= -0.093833  0.412979 -0.037307  0.017154 -0.086552 -0.069802 -0.081457 -0.022690  0.005328

E_FN1, E_FN1_increm, gradient_FN1_FD, gradient_FN1= -1.646336 -1.646336 -0.004364 -0.004364

gradient_FN1_FD, gradient_FN1, 1st+2*2nd terms, gradient_FN1_1, gradient_FN1_2, gradient_FN1_3= -0.004364 -0.004364 -0.005733 -0.093376  0.045191  0.043821
W_der_by_W=                                                                                                                              0.040996
  1 Ratio: Error replace 2nd by 3rd term  to  Error replace 2nd by W_der_by_W=  0.326441
------------------------------------------------------------

Data set    2

H=
  -1.0000  -0.0574  -0.2023   0.0418  -0.2157  -0.0897  -0.3004  -0.3774  -0.0543
  -0.0574  -0.7500  -0.0461  -0.2785  -0.2463  -0.0878  -0.0724  -0.3091   0.0782
  -0.2023  -0.0461  -0.5000  -0.0457  -0.2698  -0.2453  -0.2994  -0.1915  -0.0099
   0.0418  -0.2785  -0.0457  -0.2500  -0.1730  -0.3543   0.0608  -0.0072  -0.1409
  -0.2157  -0.2463  -0.2698  -0.1730   0.0000   0.0927  -0.0459  -0.2581   0.0863
  -0.0897  -0.0878  -0.2453  -0.3543   0.0927   0.2500  -0.3275  -0.1547  -0.0914
  -0.3004  -0.0724  -0.2994   0.0608  -0.0459  -0.3275   0.5000  -0.2500   0.0764
  -0.3774  -0.3091  -0.1915  -0.0072  -0.2581  -0.1547  -0.2500   0.7500  -0.2884
  -0.0543   0.0782  -0.0099  -0.1409   0.0863  -0.0914   0.0764  -0.2884   1.0000

eigenval_p,eigenval_h=  1.000000 -1.521906
psi for P    =   0.6630   0.3678   0.3946   0.1587   0.2805   0.1921   0.2348   0.2691   0.0343

eigenvalues of P=  0.943304  0.953132  0.955560  0.961643  0.969491  0.974718  0.980124  0.988085  1.000000
eigenvalues of H=  1.312891  0.821515  0.700070  0.395955  0.003533 -0.257799 -0.528084 -0.926174 -1.521906
tau, tau_max= 0.020000 0.352759
P=
   0.9896   0.0011   0.0040  -0.0008   0.0043   0.0018   0.0060   0.0075   0.0011
   0.0011   0.9846   0.0009   0.0056   0.0049   0.0018   0.0014   0.0062  -0.0016
   0.0040   0.0009   0.9796   0.0009   0.0054   0.0049   0.0060   0.0038   0.0002
  -0.0008   0.0056   0.0009   0.9746   0.0035   0.0071  -0.0012   0.0001   0.0028
   0.0043   0.0049   0.0054   0.0035   0.9696  -0.0019   0.0009   0.0052  -0.0017
   0.0018   0.0018   0.0049   0.0071  -0.0019   0.9646   0.0066   0.0031   0.0018
   0.0060   0.0014   0.0060  -0.0012   0.0009   0.0066   0.9596   0.0050  -0.0015
   0.0075   0.0062   0.0038   0.0001   0.0052   0.0031   0.0050   0.9546   0.0058
   0.0011  -0.0016   0.0002   0.0028  -0.0017   0.0018  -0.0015   0.0058   0.9496

sum_P_eig,sum_abs_P_eig,sign_condition_number=  2.594887  2.602137  0.869795

P after making eigenvec +ve =
   0.9896   0.0011   0.0040  -0.0008   0.0043   0.0018   0.0060   0.0075   0.0011
   0.0011   0.9846   0.0009   0.0056   0.0049   0.0018   0.0014   0.0062  -0.0016
   0.0040   0.0009   0.9796   0.0009   0.0054   0.0049   0.0060   0.0038   0.0002
  -0.0008   0.0056   0.0009   0.9746   0.0035   0.0071  -0.0012   0.0001   0.0028
   0.0043   0.0049   0.0054   0.0035   0.9696  -0.0019   0.0009   0.0052  -0.0017
   0.0018   0.0018   0.0049   0.0071  -0.0019   0.9646   0.0066   0.0031   0.0018
   0.0060   0.0014   0.0060  -0.0012   0.0009   0.0066   0.9596   0.0050  -0.0015
   0.0075   0.0062   0.0038   0.0001   0.0052   0.0031   0.0050   0.9546   0.0058
   0.0011  -0.0016   0.0002   0.0028  -0.0017   0.0018  -0.0015   0.0058   0.9496

1+(E_0*1-H) (i.e. P with tau=1) after making eigenvec +ve =
   0.4781  -0.0574  -0.2023   0.0418  -0.2157  -0.0897  -0.3004  -0.3774  -0.0543
  -0.0574   0.2281  -0.0461  -0.2785  -0.2463  -0.0878  -0.0724  -0.3091   0.0782
  -0.2023  -0.0461  -0.0219  -0.0457  -0.2698  -0.2453  -0.2994  -0.1915  -0.0099
   0.0418  -0.2785  -0.0457  -0.2719  -0.1730  -0.3543   0.0608  -0.0072  -0.1409
  -0.2157  -0.2463  -0.2698  -0.1730  -0.5219   0.0927  -0.0459  -0.2581   0.0863
  -0.0897  -0.0878  -0.2453  -0.3543   0.0927  -0.7719  -0.3275  -0.1547  -0.0914
  -0.3004  -0.0724  -0.2994   0.0608  -0.0459  -0.3275  -1.0219  -0.2500   0.0764
  -0.3774  -0.3091  -0.1915  -0.0072  -0.2581  -0.1547  -0.2500  -1.2719  -0.2884
  -0.0543   0.0782  -0.0099  -0.1409   0.0863  -0.0914   0.0764  -0.2884  -1.5219
psi0         =   0.6630   0.3678   0.3946   0.1587   0.2805   0.1921   0.2348   0.2691   0.0343
psiG         =   0.6159   0.3790   0.4504   0.1084   0.3480   0.2491   0.1336   0.2441  -0.0432

E_G= -1.456783

H_imp=
  -1.0000  -0.0933  -0.2766   0.2372  -0.3817  -0.2218  -1.3847  -0.9523   0.7740
  -0.0354  -0.7500  -0.0388  -0.9735  -0.2683  -0.1336  -0.2055  -0.4799  -0.6861
  -0.1479  -0.0547  -0.5000  -0.1900  -0.3492  -0.4435  -1.0094  -0.3533   0.1028
   0.0074  -0.0797  -0.0110  -0.2500  -0.0539  -0.1542   0.0493  -0.0032   0.3536
  -0.1219  -0.2261  -0.2084  -0.5551   0.0000   0.1296  -0.1195  -0.3680  -0.6947
  -0.0363  -0.0577  -0.1356  -0.8139   0.0664   0.2500  -0.6107  -0.1578   0.5265
  -0.0651  -0.0255  -0.0888   0.0748  -0.0176  -0.1757   0.5000  -0.1368  -0.2362
  -0.1496  -0.1990  -0.1038  -0.0162  -0.1811  -0.1516  -0.4569   0.7500   1.6286
   0.0038  -0.0089   0.0009   0.0562  -0.0107   0.0159  -0.0247   0.0511   1.0000

P_imp=
   0.9896   0.0019   0.0055  -0.0047   0.0076   0.0044   0.0277   0.0190  -0.0155
   0.0007   0.9846   0.0008   0.0195   0.0054   0.0027   0.0041   0.0096   0.0137
   0.0030   0.0011   0.9796   0.0038   0.0070   0.0089   0.0202   0.0071  -0.0021
  -0.0001   0.0016   0.0002   0.9746   0.0011   0.0031  -0.0010   0.0001  -0.0071
   0.0024   0.0045   0.0042   0.0111   0.9696  -0.0026   0.0024   0.0074   0.0139
   0.0007   0.0012   0.0027   0.0163  -0.0013   0.9646   0.0122   0.0032  -0.0105
   0.0013   0.0005   0.0018  -0.0015   0.0004   0.0035   0.9596   0.0027   0.0047
   0.0030   0.0040   0.0021   0.0003   0.0036   0.0030   0.0091   0.9546  -0.0326
  -0.0001   0.0002  -0.0000  -0.0011   0.0002  -0.0003   0.0005  -0.0010   0.9496
tau_av_expon_proj    = 1.762534 1.342346 1.157511 0.342821 0.752498 0.701373 0.259021 0.399606 0.199899
tau_av_expon_proj_new= 1.916053 1.295494 0.978563 0.786222 0.657071 0.564364 0.494583 0.440159 0.396525
factor=                1.083420 0.964481 0.832879 1.757625 0.864822 0.784454 1.610079 1.096510 1.641933
factor2=                 1.0871   0.9651   0.8454   2.2934   0.8732   0.8047   1.9094   1.1015   1.9836

eigenvalues of P_imp=  0.943304  0.953132  0.955560  0.961643  0.969491  0.974718  0.980124  0.988085  1.000000
eigenvalues of H_imp=  1.312891  0.821515  0.700070  0.395955  0.003533 -0.257799 -0.528084 -0.926174 -1.521906

eigenval_p,eigenval_h=  1.000000 -1.521906
psi0_psiG    =   0.4138   0.1413   0.1801   0.0174   0.0989   0.0485   0.0318   0.0666  -0.0015

imp-sampled: sum_P_eig,sum_abs_P_eig,sign_condition_number=  1.000000  1.001138  0.944733

P_FN1=
   0.9893   0.0019   0.0055   0.0000   0.0076   0.0044   0.0277   0.0190   0.0000
   0.0007   0.9846   0.0008   0.0195   0.0054   0.0027   0.0041   0.0096   0.0137
   0.0030   0.0011   0.9795   0.0038   0.0070   0.0089   0.0202   0.0071   0.0000
   0.0000   0.0016   0.0002   0.9672   0.0011   0.0031   0.0000   0.0001   0.0000
   0.0024   0.0045   0.0042   0.0111   0.9682   0.0000   0.0024   0.0074   0.0139
   0.0007   0.0012   0.0027   0.0163   0.0000   0.9617   0.0122   0.0032   0.0000
   0.0013   0.0005   0.0018   0.0000   0.0004   0.0035   0.9586   0.0027   0.0047
   0.0030   0.0040   0.0021   0.0003   0.0036   0.0030   0.0091   0.9535   0.0000
   0.0000   0.0002   0.0000   0.0000   0.0002   0.0000   0.0005   0.0000   0.8819

eigenvalues of P_FN1=  0.881765  0.948822  0.951575  0.960104  0.966463  0.969309  0.979823  0.986828  0.999807
eigenvalues of H_FN1=  4.389854  1.036991  0.899336  0.472913  0.154927  0.012627 -0.513056 -0.863328 -1.512234

eigenval_p,eigenval_h=  0.999807 -1.512234
psiFN1_psiG =    0.4161   0.1423   0.1810   0.0161   0.0998   0.0475   0.0320   0.0646   0.0005

E_0, E_G, E_FN1, E_G-E_0, E_FN1-E_0, rms fluctuation of E_L  -1.52191  -1.45678  -1.51223   0.06512   0.00967   0.39451
E_L     =  -1.5450  -1.4950  -1.3620  -2.4305  -1.1961  -0.8850  -3.2621  -1.6503   2.7685
P_L     =   1.0007   0.9997   0.9970   1.0184   0.9937   0.9875   1.0350   1.0028   0.9144
P_abs_L =   1.0007   0.9995   0.9968   1.0255   0.9948   0.9902   1.0358   1.0036   0.9819

P_propos=
   0.9889   0.0019   0.0055   0.0000   0.0077   0.0045   0.0267   0.0190   0.0000
   0.0007   0.9851   0.0008   0.0190   0.0054   0.0027   0.0040   0.0096   0.0140
   0.0030   0.0011   0.9827   0.0037   0.0070   0.0090   0.0195   0.0070   0.0000
   0.0000   0.0016   0.0002   0.9503   0.0011   0.0031   0.0000   0.0001   0.0000
   0.0024   0.0045   0.0042   0.0108   0.9746   0.0000   0.0023   0.0073   0.0142
   0.0007   0.0012   0.0027   0.0159   0.0000   0.9741   0.0118   0.0031   0.0000
   0.0013   0.0005   0.0018   0.0000   0.0004   0.0035   0.9264   0.0027   0.0048
   0.0030   0.0040   0.0021   0.0003   0.0036   0.0031   0.0088   0.9511   0.0000
   0.0000   0.0002   0.0000   0.0000   0.0002   0.0000   0.0005   0.0000   0.9671
sum P_propos  1.000000  1.000000  1.000000  1.000000  1.000000  1.000000  1.000000  1.000000  1.000000
E_FN1= -1.512234 -1.512234
psiG**2=         0.3793   0.1437   0.2029   0.0118   0.1211   0.0620   0.0178   0.0596   0.0019
psiG**2 * P_L=   0.3795   0.1436   0.2023   0.0120   0.1203   0.0613   0.0185   0.0597   0.0017
psiG_psiFN=      0.4161   0.1423   0.1810   0.0161   0.0998   0.0475   0.0320   0.0646   0.0005
P_L=             1.0007   0.9997   0.9970   1.0184   0.9937   0.9875   1.0350   1.0028   0.9144
psiFN_by_psi=          1.0971   0.9904   0.8924   1.3692   0.8241   0.7662   1.7911   1.0846   0.2840

P_markov=
   0.9889   0.0019   0.0055   0.0000   0.0076   0.0044   0.0267   0.0190   0.0000
   0.0007   0.9852   0.0008   0.0190   0.0054   0.0027   0.0040   0.0096   0.0137
   0.0030   0.0011   0.9828   0.0037   0.0070   0.0089   0.0195   0.0070   0.0000
   0.0000   0.0016   0.0002   0.9503   0.0011   0.0030   0.0000   0.0001   0.0000
   0.0024   0.0045   0.0042   0.0108   0.9748   0.0000   0.0023   0.0073   0.0140
   0.0007   0.0012   0.0027   0.0159   0.0000   0.9746   0.0118   0.0031   0.0000
   0.0013   0.0005   0.0017   0.0000   0.0003   0.0034   0.9264   0.0026   0.0046
   0.0030   0.0040   0.0021   0.0003   0.0036   0.0030   0.0088   0.9512   0.0000
   0.0000   0.0002   0.0000   0.0000   0.0002   0.0000   0.0005   0.0000   0.9677

eigenvalues of P_markov=  0.924160  0.946282  0.949799  0.967322  0.970181  0.975221  0.982370  0.986601  1.000000
eigenvalues of H_markov=  2.270088  1.164006  0.988161  0.112003 -0.030965 -0.282947 -0.640393 -0.851968 -1.521906

eigenval_p,eigenval_h=  1.000000 -1.512234
psi for P_mar=   0.3793   0.1437   0.2029   0.0118   0.1211   0.0620   0.0178   0.0596   0.0019
psiG**2      =   0.3793   0.1437   0.2029   0.0118   0.1211   0.0620   0.0178   0.0596   0.0019
Above 2 lines should be equal since Markov matrix has dominant state psiG**2
The exception to this occurs when there is no sign problem, but some components of psiG have the wrong sign, in which case one has 2 decoupled spaces with degenerate dominant eigenvalues

P_FN3=
   0.9896   0.0019   0.0055   0.0000   0.0076   0.0044   0.0277   0.0190   0.0000
   0.0007   0.9848   0.0008   0.0193   0.0053   0.0026   0.0041   0.0096   0.0126
   0.0030   0.0011   0.9798   0.0038   0.0070   0.0088   0.0202   0.0071   0.0000
   0.0000   0.0016   0.0002   0.9677   0.0010   0.0030   0.0000   0.0001   0.0000
   0.0024   0.0045   0.0042   0.0110   0.9686   0.0000   0.0024   0.0074   0.0128
   0.0007   0.0012   0.0027   0.0162   0.0000   0.9623   0.0122   0.0032   0.0000
   0.0013   0.0005   0.0017   0.0000   0.0003   0.0033   0.9588   0.0026   0.0042
   0.0030   0.0040   0.0021   0.0003   0.0036   0.0030   0.0091   0.9539   0.0000
   0.0000   0.0002   0.0000   0.0000   0.0002   0.0000   0.0005   0.0000   0.8849
E_FN3= -1.509767 -1.509767

eigenvalues of P_FN3=  0.884809  0.949193  0.952270  0.960532  0.966840  0.969785  0.980109  0.987062  0.999951
eigenvalues of H_FN3=  4.247318  1.028108  0.874255  0.461163  0.145761 -0.001463 -0.517679 -0.865318 -1.509767

eigenval_p,eigenval_h=  0.999951 -1.509767
psiFN3_psiG  =   0.4164   0.1425   0.1813   0.0159   0.1004   0.0477   0.0309   0.0644   0.0005

P_FN4=
   0.9895   0.0019   0.0055   0.0000   0.0076   0.0044   0.0277   0.0190   0.0000
   0.0007   0.9848   0.0008   0.0193   0.0054   0.0027   0.0041   0.0096   0.0128
   0.0030   0.0011   0.9797   0.0038   0.0070   0.0088   0.0202   0.0071   0.0000
   0.0000   0.0016   0.0002   0.9677   0.0011   0.0031   0.0000   0.0001   0.0000
   0.0024   0.0045   0.0042   0.0110   0.9685   0.0000   0.0024   0.0074   0.0129
   0.0007   0.0012   0.0027   0.0162   0.0000   0.9619   0.0122   0.0032   0.0000
   0.0013   0.0005   0.0018   0.0000   0.0004   0.0035   0.9588   0.0027   0.0044
   0.0030   0.0040   0.0021   0.0003   0.0036   0.0030   0.0091   0.9538   0.0000
   0.0000   0.0002   0.0000   0.0000   0.0002   0.0000   0.0005   0.0000   0.8843
E_FN4= -1.512326 -1.512326

eigenvalues of P_FN4=  0.884186  0.949065  0.951891  0.960403  0.966709  0.969701  0.980017  0.987036  1.000002
eigenvalues of H_FN4=  4.278471  1.034512  0.893209  0.467640  0.152314  0.002725 -0.513099 -0.864035 -1.512326

eigenval_p,eigenval_h=  1.000002 -1.512326
psiFN4_psiG  =   0.4159   0.1422   0.1809   0.0163   0.0998   0.0476   0.0320   0.0646   0.0005
FN5: sum_pos  0.011166
FN5: sum_pos  0.000000
FN5: sum_pos  0.000947
FN5: sum_pos  0.368231
FN5: sum_pos  0.066384
FN5: sum_pos  0.145404
FN5: sum_pos  0.049316
FN5: sum_pos  0.051063
FN5: sum_pos  3.385520

P_FN5=
   0.9893   0.0019   0.0055   0.0000   0.0076   0.0044   0.0277   0.0190   0.0000
   0.0007   0.9846   0.0008   0.0195   0.0054   0.0027   0.0041   0.0096   0.0137
   0.0030   0.0011   0.9795   0.0038   0.0070   0.0089   0.0202   0.0071   0.0000
   0.0000   0.0016   0.0002   0.9672   0.0011   0.0031   0.0000   0.0001   0.0000
   0.0024   0.0045   0.0042   0.0111   0.9682   0.0000   0.0024   0.0074   0.0139
   0.0007   0.0012   0.0027   0.0163   0.0000   0.9617   0.0122   0.0032   0.0000
   0.0013   0.0005   0.0018   0.0000   0.0004   0.0035   0.9586   0.0027   0.0047
   0.0030   0.0040   0.0021   0.0003   0.0036   0.0030   0.0091   0.9535   0.0000
   0.0000   0.0002   0.0000   0.0000   0.0002   0.0000   0.0005   0.0000   0.8820
E_FN5= -1.512269 -1.512232

eigenvalues of P_FN5=  0.881936  0.948826  0.951577  0.960106  0.966464  0.969311  0.979823  0.986829  0.999807
eigenvalues of H_FN5=  4.381270  1.036789  0.899221  0.472815  0.154871  0.012563 -0.513070 -0.863337 -1.512269

eigenval_p,eigenval_h=  0.999807 -1.512269
psiFN5_psiG  =   0.4161   0.1423   0.1810   0.0161   0.0998   0.0475   0.0320   0.0646   0.0005

E_G, E_FN1, E_FN3, E_FN4, E_0, recover_FN1, recover_FN3, recover_FN4, 1-ovlp_FN1, 1-ovlp_FN3, 1-ovlp_FN4, sign_cond_num= -1.456783 -1.512234 -1.509767 -1.512326 -1.521906 0.851 0.814 0.853 3.E-05 3.E-05 3.E-05 0.945

P_propos2=
   0.9889   0.0019   0.0055   0.0000   0.0077   0.0045   0.0268   0.0190   0.0000
   0.0007   0.9851   0.0008   0.0191   0.0054   0.0027   0.0040   0.0096   0.0150
   0.0030   0.0011   0.9827   0.0037   0.0070   0.0090   0.0195   0.0070   0.0000
   0.0000   0.0016   0.0002   0.9499   0.0011   0.0031   0.0000   0.0001   0.0000
   0.0024   0.0045   0.0042   0.0109   0.9746   0.0000   0.0023   0.0073   0.0152
   0.0007   0.0012   0.0027   0.0160   0.0000   0.9741   0.0118   0.0031   0.0000
   0.0013   0.0005   0.0018   0.0000   0.0004   0.0036   0.9264   0.0027   0.0052
   0.0030   0.0040   0.0021   0.0003   0.0036   0.0031   0.0088   0.9511   0.0000
   0.0000   0.0002   0.0000   0.0000   0.0002   0.0000   0.0005   0.0000   0.9646

eigenvalues of P_FN1_propos=  0.924001  0.945903  0.949590  0.964356  0.969859  0.974861  0.982242  0.986545  1.000000
psi for P_FN1_propos=   0.3800   0.1438   0.2025   0.0120   0.1205   0.0613   0.0185   0.0598   0.0017
psiG**2 * P_L       =   0.3800   0.1438   0.2025   0.0120   0.1205   0.0613   0.0185   0.0598   0.0017
Above 2 lines should be equal since proposal part of P_FN1 has dominant state psiG**2 * P_L
The exception to this occurs when there is no sign problem, but some components of psiG have the wrong sign, in which case one has 2 decoupled spaces with degenerate dominant eigenvalues

P_L=              1.0007   0.9997   0.9970   1.0184   0.9937   0.9875   1.0350   1.0028   0.9144
P_L_der=          0.0019  -0.0393   0.0020   0.0514   0.0142   0.0070   0.0108   0.0253   0.0362
P_L_der_by_P_L=   0.0019  -0.0393   0.0021   0.0504   0.0142   0.0071   0.0105   0.0253   0.0396

P_L_der_by_P_L=   0.0019  -0.0393   0.0021   0.0504   0.0142   0.0071   0.0105   0.0253   0.0396
psiG_psiFN    =   0.4161   0.1423   0.1810   0.0161   0.0998   0.0475   0.0320   0.0646   0.0005
tmp_vec1      =   0.0008  -0.0056   0.0004   0.0008   0.0014   0.0003   0.0003   0.0016   0.0000

PP_FN1=
   1.9895   0.0019   0.0055   0.0000   0.0076   0.0044   0.0277   0.0190   0.0000
   0.0007   1.9848   0.0008   0.0195   0.0054   0.0027   0.0041   0.0096   0.0137
   0.0030   0.0011   1.9797   0.0038   0.0070   0.0089   0.0202   0.0071   0.0000
   0.0000   0.0016   0.0002   1.9674   0.0011   0.0031   0.0000   0.0001   0.0000
