Input hamiltonian
hamiltonian=random                                                                          
Input ndim, E_T, tau
ndim, E_T, tau=    9-20.000000 0.020000
Input fraction_positive, off_diag_mag, psiG_noise
fraction_positive, off_diag_mag,psiG_noise= 0.900000 0.500000 0.200000
psiG_correct_sign
psiG_correct_sign= F
Input irand_seed
irand_seed=3425565376542456

Data set    1

H=
  -1.0000  -0.2157  -0.2064  -0.0122  -0.0491  -0.3355  -0.2893  -0.4041   0.0027
  -0.2157  -0.7500  -0.1473   0.0438  -0.3343  -0.2868  -0.2951  -0.1451   0.0159
  -0.2064  -0.1473  -0.5000   0.0357  -0.4168  -0.0676  -0.4410  -0.3773  -0.1525
  -0.0122   0.0438   0.0357  -0.2500  -0.4488  -0.4090  -0.3479   0.0168  -0.3103
  -0.0491  -0.3343  -0.4168  -0.4488   0.0000  -0.1761  -0.4121  -0.0501  -0.2295
  -0.3355  -0.2868  -0.0676  -0.4090  -0.1761   0.2500  -0.3514  -0.4014  -0.1230
  -0.2893  -0.2951  -0.4410  -0.3479  -0.4121  -0.3514   0.5000  -0.3039  -0.2201
  -0.4041  -0.1451  -0.3773   0.0168  -0.0501  -0.4014  -0.3039   0.7500  -0.4147
   0.0027   0.0159  -0.1525  -0.3103  -0.2295  -0.1230  -0.2201  -0.4147   1.0000

eigenval_p,eigenval_h=  1.000000 -1.999528
psi for P    =   0.4883   0.3898   0.3849   0.2335   0.3303   0.3091   0.3440   0.2540   0.1395

eigenvalues of P=  0.931572  0.941769  0.944124  0.948307  0.954512  0.969835  0.972510  0.977457  1.000000
eigenvalues of H=  1.421895  0.912008  0.794277  0.585145  0.274888 -0.491293 -0.625022 -0.872370 -1.999528
tau, tau_max= 0.020000 0.292276
P=
   0.9800   0.0043   0.0041   0.0002   0.0010   0.0067   0.0058   0.0081  -0.0001
   0.0043   0.9750   0.0029  -0.0009   0.0067   0.0057   0.0059   0.0029  -0.0003
   0.0041   0.0029   0.9700  -0.0007   0.0083   0.0014   0.0088   0.0075   0.0030
   0.0002  -0.0009  -0.0007   0.9650   0.0090   0.0082   0.0070  -0.0003   0.0062
   0.0010   0.0067   0.0083   0.0090   0.9600   0.0035   0.0082   0.0010   0.0046
   0.0067   0.0057   0.0014   0.0082   0.0035   0.9550   0.0070   0.0080   0.0025
   0.0058   0.0059   0.0088   0.0070   0.0082   0.0070   0.9500   0.0061   0.0044
   0.0081   0.0029   0.0075  -0.0003   0.0010   0.0080   0.0061   0.9450   0.0083
  -0.0001  -0.0003   0.0030   0.0062   0.0046   0.0025   0.0044   0.0083   0.9400

sum_P_eig,sum_abs_P_eig,sign_condition_number=  2.873402  2.876107  0.954036

P after making eigenvec +ve =
   0.9800   0.0043   0.0041   0.0002   0.0010   0.0067   0.0058   0.0081  -0.0001
   0.0043   0.9750   0.0029  -0.0009   0.0067   0.0057   0.0059   0.0029  -0.0003
   0.0041   0.0029   0.9700  -0.0007   0.0083   0.0014   0.0088   0.0075   0.0030
   0.0002  -0.0009  -0.0007   0.9650   0.0090   0.0082   0.0070  -0.0003   0.0062
   0.0010   0.0067   0.0083   0.0090   0.9600   0.0035   0.0082   0.0010   0.0046
   0.0067   0.0057   0.0014   0.0082   0.0035   0.9550   0.0070   0.0080   0.0025
   0.0058   0.0059   0.0088   0.0070   0.0082   0.0070   0.9500   0.0061   0.0044
   0.0081   0.0029   0.0075  -0.0003   0.0010   0.0080   0.0061   0.9450   0.0083
  -0.0001  -0.0003   0.0030   0.0062   0.0046   0.0025   0.0044   0.0083   0.9400

1+(E_0*1-H) (i.e. P with tau=1) after making eigenvec +ve =
   0.0005  -0.2157  -0.2064  -0.0122  -0.0491  -0.3355  -0.2893  -0.4041   0.0027
  -0.2157  -0.2495  -0.1473   0.0438  -0.3343  -0.2868  -0.2951  -0.1451   0.0159
  -0.2064  -0.1473  -0.4995   0.0357  -0.4168  -0.0676  -0.4410  -0.3773  -0.1525
  -0.0122   0.0438   0.0357  -0.7495  -0.4488  -0.4090  -0.3479   0.0168  -0.3103
  -0.0491  -0.3343  -0.4168  -0.4488  -0.9995  -0.1761  -0.4121  -0.0501  -0.2295
  -0.3355  -0.2868  -0.0676  -0.4090  -0.1761  -1.2495  -0.3514  -0.4014  -0.1230
  -0.2893  -0.2951  -0.4410  -0.3479  -0.4121  -0.3514  -1.4995  -0.3039  -0.2201
  -0.4041  -0.1451  -0.3773   0.0168  -0.0501  -0.4014  -0.3039  -1.7495  -0.4147
   0.0027   0.0159  -0.1525  -0.3103  -0.2295  -0.1230  -0.2201  -0.4147  -1.9995
psi0         =   0.4883   0.3898   0.3849   0.2335   0.3303   0.3091   0.3440   0.2540   0.1395
psiG         =   0.5377   0.3471   0.3063   0.2645   0.2895   0.3689   0.3093   0.3204   0.0922

E_G= -1.951518

H_imp=
  -1.0000  -0.3342  -0.3623  -0.0248  -0.0912  -0.4890  -0.5029  -0.6782   0.0156
  -0.1393  -0.7500  -0.1669   0.0575  -0.4008  -0.2698  -0.3311  -0.1572   0.0598
  -0.1175  -0.1300  -0.5000   0.0413  -0.4409  -0.0561  -0.4367  -0.3607  -0.5063
  -0.0060   0.0334   0.0308  -0.2500  -0.4100  -0.2931  -0.2975   0.0139  -0.8900
  -0.0264  -0.2788  -0.3940  -0.4913   0.0000  -0.1382  -0.3857  -0.0453  -0.7206
  -0.2302  -0.3048  -0.0814  -0.5705  -0.2244   0.2500  -0.4192  -0.4622  -0.4919
  -0.1664  -0.2629  -0.4454  -0.4069  -0.4403  -0.2946   0.5000  -0.2934  -0.7382
  -0.2408  -0.1339  -0.3947   0.0203  -0.0555  -0.3486  -0.3149   0.7500  -1.4407
   0.0005   0.0042  -0.0459  -0.1082  -0.0731  -0.0307  -0.0656  -0.1193   1.0000

P_imp=
   0.9800   0.0067   0.0072   0.0005   0.0018   0.0098   0.0101   0.0136  -0.0003
   0.0028   0.9750   0.0033  -0.0012   0.0080   0.0054   0.0066   0.0031  -0.0012
   0.0024   0.0026   0.9700  -0.0008   0.0088   0.0011   0.0087   0.0072   0.0101
   0.0001  -0.0007  -0.0006   0.9650   0.0082   0.0059   0.0060  -0.0003   0.0178
   0.0005   0.0056   0.0079   0.0098   0.9600   0.0028   0.0077   0.0009   0.0144
   0.0046   0.0061   0.0016   0.0114   0.0045   0.9550   0.0084   0.0092   0.0098
   0.0033   0.0053   0.0089   0.0081   0.0088   0.0059   0.9500   0.0059   0.0148
   0.0048   0.0027   0.0079  -0.0004   0.0011   0.0070   0.0063   0.9450   0.0288
  -0.0000  -0.0001   0.0009   0.0022   0.0015   0.0006   0.0013   0.0024   0.9400
tau_av_expon_proj    = 1.078542 0.674640 0.520436 0.581056 0.468130 0.520814 0.363159 0.469447 0.205635
tau_av_expon_proj_new= 1.000472 0.800302 0.666877 0.571583 0.500118 0.444538 0.400076 0.363699 0.333386
factor=                0.924934 1.170017 1.245569 0.983562 1.066051 0.842329 1.096664 0.747696 1.466960
factor2=                 0.9276   1.1863   1.2814   0.9837   1.0683   0.8535   1.1017   0.7747   1.6213

eigenvalues of P_imp=  0.931572  0.941769  0.944124  0.948307  0.954512  0.969835  0.972510  0.977457  1.000000
eigenvalues of H_imp=  1.421895  0.912008  0.794277  0.585145  0.274888 -0.491293 -0.625022 -0.872370 -1.999528

eigenval_p,eigenval_h=  1.000000 -1.999528
psi0_psiG    =   0.2658   0.1370   0.1194   0.0625   0.0968   0.1154   0.1077   0.0824   0.0130

imp-sampled: sum_P_eig,sum_abs_P_eig,sign_condition_number=  1.000000  1.000741  0.963651

P_FN1=
   0.9800   0.0067   0.0072   0.0005   0.0018   0.0098   0.0101   0.0136   0.0000
   0.0028   0.9743   0.0033   0.0000   0.0080   0.0054   0.0066   0.0031   0.0000
   0.0024   0.0026   0.9694   0.0000   0.0088   0.0011   0.0087   0.0072   0.0101
   0.0001   0.0000   0.0000   0.9626   0.0082   0.0059   0.0060   0.0000   0.0178
   0.0005   0.0056   0.0079   0.0098   0.9600   0.0028   0.0077   0.0009   0.0144
   0.0046   0.0061   0.0016   0.0114   0.0045   0.9550   0.0084   0.0092   0.0098
   0.0033   0.0053   0.0089   0.0081   0.0088   0.0059   0.9500   0.0059   0.0148
   0.0048   0.0027   0.0079   0.0000   0.0011   0.0070   0.0063   0.9447   0.0288
   0.0000   0.0000   0.0009   0.0022   0.0015   0.0006   0.0013   0.0024   0.9385

eigenvalues of P_FN1=  0.930653  0.941601  0.943672  0.947750  0.954370  0.968283  0.971041  0.977185  0.999985
eigenvalues of H_FN1=  1.467804  0.920442  0.816883  0.612982  0.281951 -0.413692 -0.551562 -0.858795 -1.998798

eigenval_p,eigenval_h=  0.999985 -1.998798
psiFN1_psiG =    0.2657   0.1364   0.1187   0.0636   0.0969   0.1156   0.1078   0.0823   0.0130

E_0, E_G, E_FN1, E_G-E_0, E_FN1-E_0, rms fluctuation of E_L  -1.99953  -1.95152  -1.99880   0.04801   0.00073   0.34434
E_L     =  -1.9263  -2.1571  -2.3599  -1.7327  -2.1362  -1.6701  -2.2536  -1.3524  -3.7123
P_L     =   0.9985   1.0032   1.0072   0.9947   1.0027   0.9934   1.0051   0.9871   1.0343
P_abs_L =   0.9985   1.0039   1.0078   0.9970   1.0027   0.9934   1.0051   0.9873   1.0358

P_propos=
   0.9814   0.0067   0.0072   0.0005   0.0018   0.0098   0.0100   0.0137   0.0000
   0.0028   0.9712   0.0033   0.0000   0.0080   0.0054   0.0066   0.0032   0.0000
   0.0024   0.0026   0.9625   0.0000   0.0088   0.0011   0.0087   0.0073   0.0098
   0.0001   0.0000   0.0000   0.9679   0.0082   0.0059   0.0059   0.0000   0.0172
   0.0005   0.0056   0.0078   0.0099   0.9574   0.0028   0.0077   0.0009   0.0139
   0.0046   0.0061   0.0016   0.0114   0.0045   0.9613   0.0083   0.0094   0.0095
   0.0033   0.0052   0.0088   0.0082   0.0088   0.0059   0.9452   0.0059   0.0143
   0.0048   0.0027   0.0078   0.0000   0.0011   0.0070   0.0063   0.9571   0.0278
   0.0000   0.0000   0.0009   0.0022   0.0015   0.0006   0.0013   0.0024   0.9076
sum P_propos  1.000000  1.000000  1.000000  1.000000  1.000000  1.000000  1.000000  1.000000  1.000000
E_FN1= -1.998798 -1.998798
psiG**2=         0.2891   0.1205   0.0938   0.0699   0.0838   0.1361   0.0957   0.1027   0.0085
psiG**2 * P_L=   0.2887   0.1208   0.0945   0.0696   0.0840   0.1352   0.0961   0.1013   0.0088
psiG_psiFN=      0.2657   0.1364   0.1187   0.0636   0.0969   0.1156   0.1078   0.0823   0.0130
P_L=             0.9985   1.0032   1.0072   0.9947   1.0027   0.9934   1.0051   0.9871   1.0343
psiFN_by_psi=          0.9193   1.1323   1.2651   0.9096   1.1562   0.8496   1.1265   0.8019   1.5250

P_markov=
   0.9815   0.0067   0.0072   0.0005   0.0018   0.0098   0.0100   0.0136   0.0000
   0.0028   0.9712   0.0033   0.0000   0.0080   0.0054   0.0066   0.0031   0.0000
   0.0023   0.0026   0.9625   0.0000   0.0088   0.0011   0.0087   0.0072   0.0098
   0.0001   0.0000   0.0000   0.9681   0.0082   0.0059   0.0059   0.0000   0.0172
   0.0005   0.0056   0.0078   0.0098   0.9575   0.0028   0.0077   0.0009   0.0139
   0.0046   0.0061   0.0016   0.0114   0.0045   0.9616   0.0083   0.0093   0.0095
   0.0033   0.0052   0.0088   0.0081   0.0088   0.0059   0.9453   0.0058   0.0143
   0.0048   0.0027   0.0078   0.0000   0.0011   0.0070   0.0063   0.9578   0.0278
   0.0000   0.0000   0.0009   0.0021   0.0014   0.0006   0.0013   0.0023   0.9076

eigenvalues of P_markov=  0.905332  0.938247  0.946849  0.949052  0.959603  0.965678  0.969957  0.978312  1.000000
eigenvalues of H_markov=  2.733856  1.088113  0.658014  0.547867  0.020336 -0.283422 -0.497376 -0.915124 -1.999528

eigenval_p,eigenval_h=  1.000000 -1.998798
psi for P_mar=   0.2891   0.1205   0.0938   0.0699   0.0838   0.1361   0.0957   0.1027   0.0085
psiG**2      =   0.2891   0.1205   0.0938   0.0699   0.0838   0.1361   0.0957   0.1027   0.0085
Above 2 lines should be equal since Markov matrix has dominant state psiG**2
The exception to this occurs when there is no sign problem, but some components of psiG have the wrong sign, in which case one has 2 decoupled spaces with degenerate dominant eigenvalues

P_FN3=
   0.9801   0.0067   0.0072   0.0005   0.0018   0.0097   0.0101   0.0134   0.0000
   0.0028   0.9743   0.0033   0.0000   0.0080   0.0053   0.0066   0.0031   0.0000
   0.0023   0.0026   0.9695   0.0000   0.0088   0.0011   0.0087   0.0071   0.0101
   0.0001   0.0000   0.0000   0.9629   0.0082   0.0058   0.0060   0.0000   0.0178
   0.0005   0.0056   0.0079   0.0097   0.9601   0.0027   0.0077   0.0009   0.0144
   0.0046   0.0061   0.0016   0.0114   0.0045   0.9553   0.0084   0.0092   0.0098
   0.0033   0.0052   0.0089   0.0081   0.0088   0.0058   0.9501   0.0058   0.0147
   0.0048   0.0027   0.0079   0.0000   0.0011   0.0070   0.0063   0.9454   0.0288
   0.0000   0.0000   0.0009   0.0021   0.0014   0.0006   0.0013   0.0023   0.9387
E_FN3= -1.996839 -1.996839

eigenvalues of P_FN3=  0.931220  0.941779  0.943914  0.948017  0.954630  0.968431  0.971100  0.977274  0.999961
eigenvalues of H_FN3=  1.440192  0.912239  0.805493  0.600373  0.269700 -0.420347 -0.553783 -0.862496 -1.996839

eigenval_p,eigenval_h=  0.999961 -1.996839
psiFN3_psiG  =   0.2663   0.1362   0.1179   0.0639   0.0967   0.1163   0.1073   0.0830   0.0125

P_FN4=
   0.9800   0.0067   0.0072   0.0005   0.0018   0.0098   0.0101   0.0136   0.0000
   0.0028   0.9743   0.0033   0.0000   0.0080   0.0054   0.0066   0.0031   0.0000
   0.0024   0.0026   0.9694   0.0000   0.0088   0.0011   0.0087   0.0072   0.0101
   0.0001   0.0000   0.0000   0.9627   0.0082   0.0059   0.0060   0.0000   0.0178
   0.0005   0.0056   0.0079   0.0098   0.9600   0.0028   0.0077   0.0009   0.0144
   0.0046   0.0061   0.0016   0.0114   0.0045   0.9550   0.0084   0.0092   0.0098
   0.0033   0.0053   0.0089   0.0081   0.0088   0.0059   0.9500   0.0059   0.0147
   0.0048   0.0027   0.0079   0.0000   0.0011   0.0070   0.0063   0.9448   0.0288
   0.0000   0.0000   0.0009   0.0022   0.0015   0.0006   0.0013   0.0024   0.9387
E_FN4= -1.998848 -1.998848

eigenvalues of P_FN4=  0.930761  0.941635  0.943721  0.947812  0.954389  0.968332  0.971082  0.977207  1.000001
eigenvalues of H_FN4=  1.463163  0.919440  0.815172  0.610610  0.281749 -0.415375 -0.552890 -0.859157 -1.998848

eigenval_p,eigenval_h=  1.000001 -1.998848
psiFN4_psiG  =   0.2656   0.1365   0.1187   0.0637   0.0969   0.1156   0.1077   0.0823   0.0130
FN5: sum_pos  0.000458
FN5: sum_pos  0.037606
FN5: sum_pos  0.030796
FN5: sum_pos  0.119152
FN5: sum_pos  0.000000
FN5: sum_pos  0.000000
FN5: sum_pos  0.000000
FN5: sum_pos  0.013859
FN5: sum_pos  0.075345

P_FN5=
   0.9800   0.0067   0.0072   0.0005   0.0018   0.0098   0.0101   0.0136   0.0000
   0.0028   0.9743   0.0033   0.0000   0.0080   0.0054   0.0066   0.0031   0.0000
   0.0024   0.0026   0.9694   0.0000   0.0088   0.0011   0.0087   0.0072   0.0101
   0.0001   0.0000   0.0000   0.9626   0.0082   0.0059   0.0060   0.0000   0.0178
   0.0005   0.0056   0.0079   0.0098   0.9600   0.0028   0.0077   0.0009   0.0144
   0.0046   0.0061   0.0016   0.0114   0.0045   0.9550   0.0084   0.0092   0.0098
   0.0033   0.0053   0.0089   0.0081   0.0088   0.0059   0.9500   0.0059   0.0148
   0.0048   0.0027   0.0079   0.0000   0.0011   0.0070   0.0063   0.9447   0.0288
   0.0000   0.0000   0.0009   0.0022   0.0015   0.0006   0.0013   0.0024   0.9385
E_FN5= -1.998923 -1.998796

eigenvalues of P_FN5=  0.930664  0.941608  0.943679  0.947752  0.954374  0.968285  0.971042  0.977186  0.999988
eigenvalues of H_FN5=  1.467257  0.920085  0.816532  0.612850  0.281749 -0.413769 -0.551610 -0.858848 -1.998923

eigenval_p,eigenval_h=  0.999988 -1.998923
psiFN5_psiG  =   0.2657   0.1364   0.1187   0.0636   0.0969   0.1156   0.1078   0.0823   0.0130

E_G, E_FN1, E_FN3, E_FN4, E_0, recover_FN1, recover_FN3, recover_FN4, 1-ovlp_FN1, 1-ovlp_FN3, 1-ovlp_FN4, sign_cond_num= -1.951518 -1.998798 -1.996839 -1.998848 -1.999528 0.985 0.944 0.986 7.E-06 2.E-05 7.E-06 0.964

P_propos2=
   0.9814   0.0067   0.0072   0.0005   0.0018   0.0098   0.0100   0.0137   0.0000
   0.0028   0.9712   0.0033   0.0000   0.0080   0.0054   0.0066   0.0032   0.0000
   0.0024   0.0026   0.9625   0.0000   0.0088   0.0011   0.0087   0.0073   0.0098
   0.0001   0.0000   0.0000   0.9678   0.0082   0.0059   0.0059   0.0000   0.0172
   0.0005   0.0056   0.0078   0.0099   0.9574   0.0028   0.0077   0.0009   0.0139
   0.0046   0.0061   0.0016   0.0115   0.0045   0.9613   0.0083   0.0094   0.0095
   0.0033   0.0052   0.0088   0.0082   0.0088   0.0059   0.9452   0.0059   0.0143
   0.0048   0.0027   0.0078   0.0000   0.0011   0.0070   0.0063   0.9571   0.0279
   0.0000   0.0000   0.0009   0.0022   0.0015   0.0006   0.0013   0.0024   0.9074

eigenvalues of P_FN1_propos=  0.905093  0.938140  0.946596  0.948671  0.959244  0.965584  0.969837  0.978206  1.000000
psi for P_FN1_propos=   0.2889   0.1210   0.0946   0.0696   0.0841   0.1353   0.0962   0.1014   0.0088
psiG**2 * P_L       =   0.2889   0.1210   0.0946   0.0696   0.0841   0.1353   0.0962   0.1014   0.0088
Above 2 lines should be equal since proposal part of P_FN1 has dominant state psiG**2 * P_L
The exception to this occurs when there is no sign problem, but some components of psiG have the wrong sign, in which case one has 2 decoupled spaces with degenerate dominant eigenvalues

P_L=              0.9985   1.0032   1.0072   0.9947   1.0027   0.9934   1.0051   0.9871   1.0343
P_L_der=          0.0080  -0.0811   0.0096  -0.0033   0.0231   0.0155   0.0191   0.0091  -0.0034
P_L_der_by_P_L=   0.0080  -0.0808   0.0096  -0.0033   0.0230   0.0156   0.0190   0.0092  -0.0033

P_L_der_by_P_L=   0.0080  -0.0808   0.0096  -0.0033   0.0230   0.0156   0.0190   0.0092  -0.0033
psiG_psiFN    =   0.2657   0.1364   0.1187   0.0636   0.0969   0.1156   0.1078   0.0823   0.0130
tmp_vec1      =   0.0021  -0.0110   0.0011  -0.0002   0.0022   0.0018   0.0020   0.0008  -0.0000

PP_FN1=
   1.9800   0.0067   0.0072   0.0005   0.0018   0.0098   0.0101   0.0136   0.0000
   0.0028   1.9743   0.0033   0.0000   0.0080   0.0054   0.0066   0.0031   0.0000
   0.0024   0.0026   1.9694   0.0000   0.0088   0.0011   0.0087   0.0072   0.0101
   0.0001   0.0000   0.0000   1.9626   0.0082   0.0059   0.0060   0.0000   0.0178
   0.0005   0.0056   0.0079   0.0098   1.9600   0.0028   0.0077   0.0009   0.0144
   0.0046   0.0061   0.0016   0.0114   0.0045   1.9550   0.0084   0.0092   0.0098
   0.0033   0.0053   0.0089   0.0081   0.0088   0.0059   1.9500   0.0059   0.0148
   0.0048   0.0027   0.0079   0.0000   0.0011   0.0070   0.0063   1.9447   0.0288
   0.0000   0.0000   0.0009   0.0022   0.0015   0.0006   0.0013   0.0024   1.9385
W_der_by_W=  0.003460

PP_FN1=
   2.9406   0.0199   0.0216   0.0017   0.0056   0.0289   0.0298   0.0399   0.0007
   0.0083   2.9236   0.0100   0.0002   0.0236   0.0159   0.0195   0.0093   0.0004
   0.0070   0.0078   2.9094   0.0002   0.0260   0.0035   0.0257   0.0212   0.0299
   0.0004   0.0001   0.0001   2.8896   0.0241   0.0172   0.0175   0.0001   0.0519
   0.0016   0.0164   0.0232   0.0288   2.8820   0.0082   0.0227   0.0028   0.0422
   0.0136   0.0180   0.0050   0.0334   0.0133   2.8674   0.0246   0.0270   0.0291
   0.0098   0.0155   0.0262   0.0239   0.0259   0.0173   2.8529   0.0172   0.0432
   0.0142   0.0080   0.0232   0.0002   0.0035   0.0203   0.0185   2.8376   0.0833
   0.0000   0.0000   0.0027   0.0063   0.0043   0.0018   0.0038   0.0069   2.8195
W_der_by_W=  0.005094
W_der_by_W=  0.018504
W_der_by_W=  0.027942
W_der_by_W=  0.034729
W_der_by_W=  0.039690
W_der_by_W=  0.043359
W_der_by_W=  0.046097
W_der_by_W=  0.048153
W_der_by_W=  0.049705
W_der_by_W=  0.050881
W_der_by_W=  0.051774
W_der_by_W=  0.052454
W_der_by_W=  0.052973
W_der_by_W=  0.053370
W_der_by_W=  0.053673
W_der_by_W=  0.053906
W_der_by_W=  0.054084
W_der_by_W=  0.054221
W_der_by_W=  0.054326
W_der_by_W=  0.054408
W_der_by_W=  0.054470
W_der_by_W=  0.054518
W_der_by_W=  0.054556
W_der_by_W=  0.054584
W_der_by_W=  0.054607
W_der_by_W=  0.054624
W_der_by_W=  0.054637
W_der_by_W=  0.054648
W_der_by_W=  0.054656
W_der_by_W=  0.054662
W_der_by_W=  0.054667
W_der_by_W=  0.054671
W_der_by_W=  0.054673
W_der_by_W=  0.054676
W_der_by_W=  0.054678
W_der_by_W=  0.054679
W_der_by_W=  0.054680
W_der_by_W=  0.054681
W_der_by_W=  0.054682
W_der_by_W=  0.054682
W_der_by_W=  0.054683
W_der_by_W=  0.054683
W_der_by_W=  0.054683
W_der_by_W=  0.054683
W_der_by_W=  0.054683
W_der_by_W=  0.054684
W_der_by_W=  0.054684
W_der_by_W=  0.054684
W_der_by_W=  0.054684
W_der_by_W=  0.054684
W_der_by_W=  0.054684
W_der_by_W=  0.054684
W_der_by_W=  0.054684
W_der_by_W=  0.054684
W_der_by_W=  0.054684
W_der_by_W=  0.054684
W_der_by_W=  0.054684
W_der_by_W=  0.054684
W_der_by_W=  0.054684
W_der_by_W=  0.054684
W_der_by_W=  0.054684
W_der_by_W=  0.054684
W_der_by_W=  0.054684
W_der_by_W=  0.054684
W_der_by_W=  0.054684
W_der_by_W=  0.054684
W_der_by_W=  0.054684
W_der_by_W=  0.054684
W_der_by_W=  0.054684
W_der_by_W=  0.054684
W_der_by_W=  0.054684
W_der_by_W=  0.054684
W_der_by_W=  0.054684
W_der_by_W=  0.054684
W_der_by_W=  0.054684
W_der_by_W=  0.054684
W_der_by_W=  0.054684
W_der_by_W=  0.054684
W_der_by_W=  0.054684
W_der_by_W=  0.054684
W_der_by_W=  0.054684
W_der_by_W=  0.054684
W_der_by_W=  0.054684
W_der_by_W=  0.054684
W_der_by_W=  0.054684
W_der_by_W=  0.054684
W_der_by_W=  0.054684
W_der_by_W=  0.054684
W_der_by_W=  0.054684
W_der_by_W=  0.054684
W_der_by_W=  0.054684
W_der_by_W=  0.054684
W_der_by_W=  0.054684
W_der_by_W=  0.054684
W_der_by_W=  0.054684
W_der_by_W=  0.054684
W_der_by_W=  0.054684
W_der_by_W=  0.054684
W_der_by_W=  0.054684
W_der_by_W=  0.054684
W_der_by_W=  0.054684

PP_FN1=
 270.3751 282.7236 315.7300 221.1909 282.7284 216.2411 283.4133 207.0509 375.5636
 117.8224 180.1125 162.4507 115.4957 151.9822 111.1077 146.9590 103.5205 194.0959
 102.4395 126.4759 172.3564 101.0496 133.6306  94.6836 129.7074  92.5644 175.7684
  53.5126  67.0485  75.3480  83.1335  74.3367  53.8276  70.5008  47.9347 100.3681
  81.9732 105.7376 119.4143  89.0875 131.5086  78.7028 106.4386  73.3104 146.4468
 101.8169 125.5336 137.4056 104.7606 127.8114 115.1257 126.0192  90.5754 171.2482
  93.7831 116.6904 132.2871  96.4295 121.4790  88.5644 134.9424  83.5131 161.2828
  73.5246  88.2097 101.3089  70.3585  89.7881  68.3100  89.6201  81.1130 126.5719
  11.0479  13.7008  15.9362  12.2040  14.8585  10.6989  14.3377  10.4852  35.6601
W_der_by_W=  0.054684

gradient_vmc_FD, gradient_vmc= -0.142681 -0.142681
E_L_der =         -0.4012   4.0539  -0.4810   0.1657  -1.1547  -0.7773  -0.9540  -0.4529   0.1722
E_L_der_increm =  -0.4012   4.0539  -0.4810   0.1657  -1.1547  -0.7773  -0.9540  -0.4529   0.1722
The above 2 lines should be equal
psiFN1_psiG  =   0.2657   0.1364   0.1187   0.0636   0.0969   0.1156   0.1078   0.0823   0.0130
psiG_increm**2=                 0.2891    0.1205    0.0938    0.0699    0.0838    0.1361    0.0957    0.1027    0.0085
psiG_increm**2 * P_L_increm=    0.2887    0.1208    0.0945    0.0696    0.0840    0.1352    0.0961    0.1013    0.0088
psiG_psiFN_increm=              0.2657    0.1364    0.1187    0.0636    0.0969    0.1156    0.1078    0.0823    0.0130
psiFN_by_psi_increm                   0.9193    1.1323    1.2651    0.9096    1.1562    0.8496    1.1265    0.8019    1.5250
psiFN_by_psi                          0.9193    1.1323    1.2651    0.9096    1.1562    0.8496    1.1265    0.8019    1.5250
psiFN_by_psi_increm                  0.919293448   1.132297637   1.265085428   0.909599896   1.156192726   0.849612335   1.126530664   0.801879977   1.524965628
psiFN_by_psi                         0.919293419   1.132297921   1.265085391   0.909599879   1.156192693   0.849612310   1.126530631   0.801879954   1.524965595
psiFN_by_psi_der=                     0.2803   -2.8351    0.3775    0.1770    0.3356    0.2487    0.3307    0.2381    0.3356

gradient_FN1_1=  0.000000 -0.124395 -0.000000  0.000000 -0.000000  0.000000 -0.000000  0.000000 -0.000000

gradient_FN1_2=  0.005877  0.054054 -0.012783  0.003294 -0.003863  0.011129 -0.008062  0.015795 -0.004890

gradient_FN1_3= -0.106627  0.552980 -0.057071  0.010540 -0.111898 -0.089884 -0.102802 -0.037281  0.002234

E_FN1, E_FN1_increm, gradient_FN1_FD, gradient_FN1= -1.998798 -1.998798 -0.003653 -0.003653

gradient_FN1_FD, gradient_FN1, 1st+2*2nd terms, gradient_FN1_1, gradient_FN1_2, gradient_FN1_3= -0.003653 -0.003653 -0.004011 -0.124395  0.060550  0.060192
W_der_by_W=                                                                                                                              0.054684
  1 Ratio: Error replace 2nd by 3rd term  to  Error replace 2nd by W_der_by_W=  0.061057
------------------------------------------------------------

Data set    2

H=
  -1.0000  -0.1074  -0.2523  -0.0082  -0.2657  -0.1397  -0.3504  -0.4274  -0.1043
  -0.1074  -0.7500  -0.0961  -0.3285  -0.2963  -0.1378  -0.1224  -0.3591   0.0282
  -0.2523  -0.0961  -0.5000  -0.0957  -0.3198  -0.2953  -0.3494  -0.2415  -0.0599
  -0.0082  -0.3285  -0.0957  -0.2500  -0.2230  -0.4043   0.0108  -0.0572  -0.1909
  -0.2657  -0.2963  -0.3198  -0.2230   0.0000   0.0427  -0.0959  -0.3081   0.0363
  -0.1397  -0.1378  -0.2953  -0.4043   0.0427   0.2500  -0.3775  -0.2047  -0.1414
  -0.3504  -0.1224  -0.3494   0.0108  -0.0959  -0.3775   0.5000  -0.3000   0.0264
  -0.4274  -0.3591  -0.2415  -0.0572  -0.3081  -0.2047  -0.3000   0.7500  -0.3384
  -0.1043   0.0282  -0.0599  -0.1909   0.0363  -0.1414   0.0264  -0.3384   1.0000

eigenval_p,eigenval_h=  1.000000 -1.833779
psi for P    =   0.5737   0.3963   0.4004   0.2312   0.2994   0.2396   0.2528   0.2872   0.0813

eigenvalues of P=  0.936294  0.945936  0.948660  0.954760  0.962254  0.967693  0.973125  0.981198  1.000000
eigenvalues of H=  1.351526  0.869406  0.733208  0.428245  0.053532 -0.218431 -0.490015 -0.893692 -1.833779
tau, tau_max= 0.020000 0.313942
P=
   0.9833   0.0021   0.0050   0.0002   0.0053   0.0028   0.0070   0.0085   0.0021
   0.0021   0.9783   0.0019   0.0066   0.0059   0.0028   0.0024   0.0072  -0.0006
   0.0050   0.0019   0.9733   0.0019   0.0064   0.0059   0.0070   0.0048   0.0012
   0.0002   0.0066   0.0019   0.9683   0.0045   0.0081  -0.0002   0.0011   0.0038
   0.0053   0.0059   0.0064   0.0045   0.9633  -0.0009   0.0019   0.0062  -0.0007
   0.0028   0.0028   0.0059   0.0081  -0.0009   0.9583   0.0076   0.0041   0.0028
   0.0070   0.0024   0.0070  -0.0002   0.0019   0.0076   0.9533   0.0060  -0.0005
   0.0085   0.0072   0.0048   0.0011   0.0062   0.0041   0.0060   0.9483   0.0068
   0.0021  -0.0006   0.0012   0.0038  -0.0007   0.0028  -0.0005   0.0068   0.9433

sum_P_eig,sum_abs_P_eig,sign_condition_number=  2.761875  2.764449  0.954481

P after making eigenvec +ve =
   0.9833   0.0021   0.0050   0.0002   0.0053   0.0028   0.0070   0.0085   0.0021
   0.0021   0.9783   0.0019   0.0066   0.0059   0.0028   0.0024   0.0072  -0.0006
   0.0050   0.0019   0.9733   0.0019   0.0064   0.0059   0.0070   0.0048   0.0012
   0.0002   0.0066   0.0019   0.9683   0.0045   0.0081  -0.0002   0.0011   0.0038
   0.0053   0.0059   0.0064   0.0045   0.9633  -0.0009   0.0019   0.0062  -0.0007
   0.0028   0.0028   0.0059   0.0081  -0.0009   0.9583   0.0076   0.0041   0.0028
   0.0070   0.0024   0.0070  -0.0002   0.0019   0.0076   0.9533   0.0060  -0.0005
   0.0085   0.0072   0.0048   0.0011   0.0062   0.0041   0.0060   0.9483   0.0068
   0.0021  -0.0006   0.0012   0.0038  -0.0007   0.0028  -0.0005   0.0068   0.9433

1+(E_0*1-H) (i.e. P with tau=1) after making eigenvec +ve =
   0.1662  -0.1074  -0.2523  -0.0082  -0.2657  -0.1397  -0.3504  -0.4274  -0.1043
  -0.1074  -0.0838  -0.0961  -0.3285  -0.2963  -0.1378  -0.1224  -0.3591   0.0282
  -0.2523  -0.0961  -0.3338  -0.0957  -0.3198  -0.2953  -0.3494  -0.2415  -0.0599
  -0.0082  -0.3285  -0.0957  -0.5838  -0.2230  -0.4043   0.0108  -0.0572  -0.1909
  -0.2657  -0.2963  -0.3198  -0.2230  -0.8338   0.0427  -0.0959  -0.3081   0.0363
  -0.1397  -0.1378  -0.2953  -0.4043   0.0427  -1.0838  -0.3775  -0.2047  -0.1414
  -0.3504  -0.1224  -0.3494   0.0108  -0.0959  -0.3775  -1.3338  -0.3000   0.0264
  -0.4274  -0.3591  -0.2415  -0.0572  -0.3081  -0.2047  -0.3000  -1.5838  -0.3384
  -0.1043   0.0282  -0.0599  -0.1909   0.0363  -0.1414   0.0264  -0.3384  -1.8338
psi0         =   0.5737   0.3963   0.4004   0.2312   0.2994   0.2396   0.2528   0.2872   0.0813
psiG         =   0.5319   0.4066   0.4564   0.1773   0.3663   0.2945   0.1509   0.2616   0.0013

E_G= -1.756315

H_imp=
  -1.0000  -0.1406  -0.2940  -0.0247  -0.3859  -0.2524  -1.2350  -0.8692 -43.2658
  -0.0821  -0.7500  -0.0856  -0.7534  -0.3289  -0.1902  -0.3298  -0.5581   8.9512
  -0.2165  -0.1078  -0.5000  -0.2464  -0.3985  -0.4576  -1.0567  -0.4213 -21.3040
  -0.0027  -0.1432  -0.0372  -0.2500  -0.1079  -0.2434   0.0126  -0.0388 -26.3948
  -0.1829  -0.2669  -0.2566  -0.4607   0.0000   0.0532  -0.2327  -0.4314  10.3644
  -0.0774  -0.0998  -0.1905  -0.6716   0.0344   0.2500  -0.7368  -0.2304 -32.4559
  -0.0994  -0.0454  -0.1155   0.0092  -0.0395  -0.1935   0.5000  -0.1731   3.1073
  -0.2102  -0.2310  -0.1384  -0.0844  -0.2201  -0.1818  -0.5201   0.7500 -69.0153
  -0.0003   0.0001  -0.0002  -0.0014   0.0001  -0.0006   0.0002  -0.0017   1.0000

P_imp=
   0.9833   0.0028   0.0059   0.0005   0.0077   0.0050   0.0247   0.0174   0.8653
   0.0016   0.9783   0.0017   0.0151   0.0066   0.0038   0.0066   0.0112  -0.1790
   0.0043   0.0022   0.9733   0.0049   0.0080   0.0092   0.0211   0.0084   0.4261
   0.0001   0.0029   0.0007   0.9683   0.0022   0.0049  -0.0003   0.0008   0.5279
   0.0037   0.0053   0.0051   0.0092   0.9633  -0.0011   0.0047   0.0086  -0.2073
   0.0015   0.0020   0.0038   0.0134  -0.0007   0.9583   0.0147   0.0046   0.6491
   0.0020   0.0009   0.0023  -0.0002   0.0008   0.0039   0.9533   0.0035  -0.0621
   0.0042   0.0046   0.0028   0.0017   0.0044   0.0036   0.0104   0.9483   1.3803
   0.0000  -0.0000   0.0000   0.0000  -0.0000   0.0000  -0.0000   0.0000   0.9433
tau_av_expon_proj    = 1.147456 0.966331 0.894462 0.444107 0.659967 0.635858 0.242480 0.367123 0.004654
tau_av_expon_proj_new= 1.199359 0.922698 0.749750 0.631401 0.545322 0.479897 0.428490 0.387030 0.352886
factor=                1.044226 0.953812 0.824470 1.345321 0.810394 0.722537 1.543580 1.052780 2.682666
factor2=                 1.0452   0.9548   0.8382   1.4217   0.8263   0.7547   1.7671   1.0542  75.8205

eigenvalues of P_imp=  0.936294  0.945936  0.948660  0.954760  0.962254  0.967693  0.973125  0.981198  1.000000
eigenvalues of H_imp=  1.351526  0.869406  0.733208  0.428245  0.053532 -0.218431 -0.490015 -0.893692 -1.833779

eigenval_p,eigenval_h=  1.000000 -1.833779
psi0_psiG    =   0.3102   0.1638   0.1858   0.0417   0.1115   0.0717   0.0388   0.0764   0.0001

imp-sampled: sum_P_eig,sum_abs_P_eig,sign_condition_number=  1.000000  1.000437  0.978384

P_FN1=
   0.9833   0.0028   0.0059   0.0005   0.0077   0.0050   0.0247   0.0174   0.8653
   0.0016   0.9783   0.0017   0.0151   0.0066   0.0038   0.0066   0.0112   0.0000
   0.0043   0.0022   0.9733   0.0049   0.0080   0.0092   0.0211   0.0084   0.4261
   0.0001   0.0029   0.0007   0.9681   0.0022   0.0049   0.0000   0.0008   0.5279
   0.0037   0.0053   0.0051   0.0092   0.9626   0.0000   0.0047   0.0086   0.0000
   0.0015   0.0020   0.0038   0.0134   0.0000   0.9573   0.0147   0.0046   0.6491
   0.0020   0.0009   0.0023   0.0000   0.0008   0.0039   0.9531   0.0035   0.0000
   0.0042   0.0046   0.0028   0.0017   0.0044   0.0036   0.0104   0.9483   1.3803
   0.0000   0.0000   0.0000   0.0000   0.0000   0.0000   0.0000   0.0000   0.4949

eigenvalues of P_FN1=  0.494711  0.942686  0.945623  0.954604  0.960997  0.966792  0.973025  0.981151  0.999681
eigenvalues of H_FN1= 23.430690  1.031917  0.885055  0.436031  0.116392 -0.173371 -0.485023 -0.891313 -1.817821

eigenval_p,eigenval_h=  0.999681 -1.817821
psiFN1_psiG =    0.3105   0.1658   0.1861   0.0407   0.1127   0.0706   0.0390   0.0746   0.0000

E_0, E_G, E_FN1, E_G-E_0, E_FN1-E_0, rms fluctuation of E_L  -1.83378  -1.75631  -1.81782   0.07746   0.01596   0.74944
E_L     =  -1.8715  -1.7847  -1.6180  -2.4834  -1.4462  -1.2164  -3.5983  -1.9739-169.0130
P_L     =   1.0011   0.9993   0.9960   1.0133   0.9926   0.9880   1.0356   1.0031   4.3439
P_abs_L =   1.0008   0.9990   0.9957   1.0132   0.9929   0.9887   1.0355   1.0028   4.7920

P_propos=
   0.9826   0.0028   0.0059   0.0005   0.0078   0.0051   0.0239   0.0173   0.1806
   0.0016   0.9793   0.0017   0.0149   0.0066   0.0038   0.0064   0.0111   0.0000
   0.0043   0.0022   0.9775   0.0049   0.0080   0.0093   0.0204   0.0084   0.0889
   0.0001   0.0029   0.0007   0.9557   0.0022   0.0049   0.0000   0.0008   0.1102
   0.0037   0.0053   0.0052   0.0091   0.9702   0.0000   0.0045   0.0086   0.0000
   0.0015   0.0020   0.0038   0.0133   0.0000   0.9693   0.0142   0.0046   0.1355
   0.0020   0.0009   0.0023   0.0000   0.0008   0.0039   0.9206   0.0035   0.0000
   0.0042   0.0046   0.0028   0.0017   0.0044   0.0037   0.0100   0.9457   0.2880
   0.0000   0.0000   0.0000   0.0000   0.0000   0.0000   0.0000   0.0000   0.1969
sum P_propos  1.000000  1.000000  1.000000  1.000000  1.000000  1.000000  1.000000  1.000000  1.000000
E_FN1= -1.817821 -1.817821
psiG**2=         0.2829   0.1653   0.2083   0.0314   0.1341   0.0867   0.0228   0.0684   0.0000
psiG**2 * P_L=   0.2832   0.1652   0.2075   0.0318   0.1331   0.0857   0.0236   0.0686   0.0000
psiG_psiFN=      0.3105   0.1658   0.1861   0.0407   0.1127   0.0706   0.0390   0.0746   0.0000
P_L=             1.0011   0.9993   0.9960   1.0133   0.9926   0.9880   1.0356   1.0031   4.3439
psiFN_by_psi=          1.0975   1.0030   0.8935   1.2935   0.8404   0.8138   1.7131   1.0905   8.0161

P_markov=
   0.9827   0.0028   0.0059   0.0005   0.0077   0.0050   0.0239   0.0173   0.1806
   0.0016   0.9794   0.0017   0.0149   0.0066   0.0038   0.0064   0.0111   0.0000
   0.0043   0.0022   0.9777   0.0049   0.0080   0.0092   0.0204   0.0084   0.0889
   0.0001   0.0028   0.0007   0.9558   0.0021   0.0048   0.0000   0.0008   0.1102
   0.0037   0.0053   0.0052   0.0091   0.9704   0.0000   0.0045   0.0086   0.0000
   0.0015   0.0020   0.0038   0.0133   0.0000   0.9698   0.0142   0.0046   0.1355
   0.0019   0.0009   0.0022   0.0000   0.0008   0.0037   0.9206   0.0033   0.0000
   0.0042   0.0046   0.0028   0.0017   0.0044   0.0036   0.0100   0.9458   0.2880
   0.0000   0.0000   0.0000   0.0000   0.0000   0.0000   0.0000   0.0000   0.1969

eigenvalues of P_markov=  0.196848  0.917767  0.941833  0.951197  0.964333  0.970582  0.976104  0.980308  1.000000
eigenvalues of H_markov= 38.323815  2.277888  1.074561  0.606372 -0.050413 -0.362877 -0.638976 -0.849202 -1.833779

eigenval_p,eigenval_h=  1.000000 -1.817821
psi for P_mar=   0.2829   0.1653   0.2083   0.0314   0.1341   0.0867   0.0228   0.0684   0.0000
psiG**2      =   0.2829   0.1653   0.2083   0.0314   0.1341   0.0867   0.0228   0.0684   0.0000
Above 2 lines should be equal since Markov matrix has dominant state psiG**2
The exception to this occurs when there is no sign problem, but some components of psiG have the wrong sign, in which case one has 2 decoupled spaces with degenerate dominant eigenvalues

P_FN3=
   0.9837   0.0028   0.0059   0.0005   0.0077   0.0050   0.0247   0.0174   0.7844
   0.0016   0.9787   0.0017   0.0151   0.0065   0.0038   0.0066   0.0112   0.0000
   0.0043   0.0022   0.9738   0.0049   0.0079   0.0091   0.0211   0.0084   0.3862
   0.0001   0.0028   0.0007   0.9685   0.0021   0.0047   0.0000   0.0008   0.4785
   0.0037   0.0053   0.0051   0.0092   0.9632   0.0000   0.0047   0.0086   0.0000
   0.0015   0.0020   0.0038   0.0134   0.0000   0.9581   0.0147   0.0046   0.5884
   0.0019   0.0009   0.0022   0.0000   0.0008   0.0037   0.9534   0.0034   0.0000
   0.0042   0.0046   0.0027   0.0017   0.0044   0.0036   0.0104   0.9488   1.2512
   0.0000   0.0000   0.0000   0.0000   0.0000   0.0000   0.0000   0.0000   0.8551
E_FN3= -1.813842 -1.813842

eigenvalues of P_FN3=  0.854976  0.943170  0.946369  0.955125  0.961551  0.967212  0.973473  0.981509  0.999920
eigenvalues of H_FN3=  5.433386  1.023659  0.863738  0.425926  0.104610 -0.178408 -0.491471 -0.893254 -1.813842

eigenval_p,eigenval_h=  0.999920 -1.813842
psiFN3_psiG  =   0.3106   0.1662   0.1866   0.0401   0.1135   0.0710   0.0377   0.0743   0.0000

P_FN4=
   0.9836   0.0028   0.0059   0.0005   0.0077   0.0050   0.0247   0.0174   0.7844
   0.0016   0.9786   0.0017   0.0151   0.0066   0.0038   0.0066   0.0112   0.0000
   0.0043   0.0022   0.9736   0.0049   0.0080   0.0091   0.0211   0.0084   0.3862
   0.0001   0.0029   0.0007   0.9685   0.0022   0.0049   0.0000   0.0008   0.4785
   0.0037   0.0053   0.0051   0.0092   0.9630   0.0000   0.0047   0.0086   0.0000
   0.0015   0.0020   0.0038   0.0134   0.0000   0.9576   0.0147   0.0046   0.5884
   0.0020   0.0009   0.0023   0.0000   0.0008   0.0039   0.9534   0.0035   0.0000
   0.0042   0.0046   0.0028   0.0017   0.0044   0.0036   0.0104   0.9486   1.2512
   0.0000   0.0000   0.0000   0.0000   0.0000   0.0000   0.0000   0.0000   0.8551
E_FN4= -1.823402 -1.823402

eigenvalues of P_FN4=  0.854481  0.943267  0.945952  0.954931  0.961328  0.967171  0.973342  0.981465  1.000112
eigenvalues of H_FN4=  5.458152  1.018852  0.884576  0.435631  0.115796 -0.176362 -0.484925 -0.891090 -1.823402

eigenval_p,eigenval_h=  1.000112 -1.823402
psiFN4_psiG  =   0.3102   0.1653   0.1859   0.0410   0.1125   0.0710   0.0389   0.0751   0.0000
FN5: sum_pos  0.000000
FN5: sum_pos  0.000089
FN5: sum_pos  0.000000
FN5: sum_pos  0.009152
FN5: sum_pos  0.034488
FN5: sum_pos  0.053155
FN5: sum_pos  0.012859
FN5: sum_pos  0.000000
FN5: sum_pos 22.422814

P_FN5=
   0.9833   0.0028   0.0059   0.0005   0.0077   0.0050   0.0247   0.0174   0.8653
   0.0016   0.9783   0.0017   0.0151   0.0066   0.0038   0.0066   0.0112   0.0000
   0.0043   0.0022   0.9733   0.0049   0.0080   0.0092   0.0211   0.0084   0.4261
   0.0001   0.0029   0.0007   0.9681   0.0022   0.0049   0.0000   0.0008   0.5279
   0.0037   0.0053   0.0051   0.0092   0.9626   0.0000   0.0047   0.0086   0.0000
   0.0015   0.0020   0.0038   0.0134   0.0000   0.9573   0.0147   0.0046   0.6491
   0.0020   0.0009   0.0023   0.0000   0.0008   0.0039   0.9531   0.0035   0.0000
   0.0042   0.0046   0.0028   0.0017   0.0044   0.0036   0.0104   0.9483   1.3803
   0.0000   0.0000   0.0000   0.0000   0.0000   0.0000   0.0000   0.0000   0.5293
E_FN5= -1.818080 -1.817990

eigenvalues of P_FN5=  0.529161  0.942699  0.945627  0.954607  0.960999  0.966795  0.973026  0.981151  0.999686
eigenvalues of H_FN5= 21.708192  1.031288  0.884869  0.435889  0.116275 -0.173515 -0.485061 -0.891332 -1.818080

eigenval_p,eigenval_h=  0.999686 -1.818080
psiFN5_psiG  =   0.3105   0.1658   0.1861   0.0407   0.1127   0.0706   0.0390   0.0746   0.0000

E_G, E_FN1, E_FN3, E_FN4, E_0, recover_FN1, recover_FN3, recover_FN4, 1-ovlp_FN1, 1-ovlp_FN3, 1-ovlp_FN4, sign_cond_num= -1.756315 -1.817821 -1.813842 -1.823402 -1.833779 0.794 0.743 0.866 3.E-05 5.E-05 2.E-05 0.978

P_propos2=
   0.9826   0.0028   0.0059   0.0005   0.0078   0.0051   0.0239   0.0173   0.1992
   0.0016   0.9793   0.0017   0.0149   0.0066   0.0039   0.0064   0.0111   0.0000
   0.0043   0.0022   0.9776   0.0049   0.0080   0.0093   0.0204   0.0084   0.0981
   0.0001   0.0029   0.0007   0.9557   0.0022   0.0049   0.0000   0.0008   0.1215
   0.0037   0.0053   0.0052   0.0091   0.9702   0.0000   0.0045   0.0086   0.0000
   0.0015   0.0020   0.0038   0.0133   0.0000   0.9692   0.0142   0.0046   0.1494
   0.0020   0.0009   0.0023   0.0000   0.0008   0.0039   0.9206   0.0035   0.0000
   0.0042   0.0046   0.0028   0.0017   0.0044   0.0037   0.0100   0.9457   0.3178
   0.0000   0.0000   0.0000   0.0000   0.0000   0.0000   0.0000   0.0000   0.1140

eigenvalues of P_FN1_propos=  0.113976  0.917656  0.941683  0.951042  0.964107  0.970225  0.975928  0.980245  1.000000
psi for P_FN1_propos=   0.2836   0.1654   0.2077   0.0319   0.1333   0.0858   0.0236   0.0687   0.0000
psiG**2 * P_L       =   0.2836   0.1654   0.2077   0.0319   0.1333   0.0858   0.0236   0.0687   0.0000
Above 2 lines should be equal since proposal part of P_FN1 has dominant state psiG**2 * P_L
The exception to this occurs when there is no sign problem, but some components of psiG have the wrong sign, in which case one has 2 decoupled spaces with degenerate dominant eigenvalues

P_L=              1.0011   0.9993   0.9960   1.0133   0.9926   0.9880   1.0356   1.0031   4.3439
P_L_der=          0.0040  -0.0509   0.0042   0.0371   0.0162   0.0094   0.0162   0.0275  -0.4403
P_L_der_by_P_L=   0.0040  -0.0509   0.0042   0.0366   0.0163   0.0095   0.0157   0.0274  -0.1014

P_L_der_by_P_L=   0.0040  -0.0509   0.0042   0.0366   0.0163   0.0095   0.0157   0.0274  -0.1014
psiG_psiFN    =   0.3105   0.1658   0.1861   0.0407   0.1127   0.0706   0.0390   0.0746   0.0000
tmp_vec1      =   0.0013  -0.0084   0.0008   0.0015   0.0018   0.0007   0.0006   0.0020  -0.0000

PP_FN1=
   1.9836   0.0028   0.0059   0.0005   0.0077   0.0050   0.0247   0.0174   0.8653
   0.0016   1.9786   0.0017   0.0151   0.0066   0.0038   0.0066   0.0112   0.0000
   0.0043   0.0022   1.9736   0.0049   0.0080   0.0092   0.0211   0.0084   0.4261
   0.0001   0.0029   0.0007   1.9685   0.0022   0.0049   0.0000   0.0008   0.5279
