Input hamiltonian
hamiltonian=random                                                                          
Input ndim, E_T, tau_in
ndim, E_T, tau_in=    9-20.000000 0.035000
Input fraction_positive, off_diag_mag, psiG_noise
fraction_positive, off_diag_mag,psiG_noise= 0.900000 0.500000 0.200000
psiG_correct_sign
psiG_correct_sign= F
Input irand_seed
irand_seed=3425565376542456

Data set    1

H=
  -1.0000  -0.2157  -0.2064  -0.0122  -0.0491  -0.3355  -0.2893  -0.4041   0.0027
  -0.2157  -0.7500  -0.1473   0.0438  -0.3343  -0.2868  -0.2951  -0.1451   0.0159
  -0.2064  -0.1473  -0.5000   0.0357  -0.4168  -0.0676  -0.4410  -0.3773  -0.1525
  -0.0122   0.0438   0.0357  -0.2500  -0.4488  -0.4090  -0.3479   0.0168  -0.3103
  -0.0491  -0.3343  -0.4168  -0.4488   0.0000  -0.1761  -0.4121  -0.0501  -0.2295
  -0.3355  -0.2868  -0.0676  -0.4090  -0.1761   0.2500  -0.3514  -0.4014  -0.1230
  -0.2893  -0.2951  -0.4410  -0.3479  -0.4121  -0.3514   0.5000  -0.3039  -0.2201
  -0.4041  -0.1451  -0.3773   0.0168  -0.0501  -0.4014  -0.3039   0.7500  -0.4147
   0.0027   0.0159  -0.1525  -0.3103  -0.2295  -0.1230  -0.2201  -0.4147   1.0000

eigenval_p,eigenval_h=  1.000000 -1.999528
psi for P    =   0.4883   0.3898   0.3849   0.2335   0.3303   0.3091   0.3440   0.2540   0.1395

eigenvalues of P=  0.880250  0.898096  0.902217  0.909536  0.920395  0.947212  0.951892  0.960549  1.000000
eigenvalues of H=  1.421895  0.912008  0.794277  0.585145  0.274888 -0.491293 -0.625022 -0.872370 -1.999528
tau, tau_max= 0.035000 0.292276
P=
   0.9650   0.0076   0.0072   0.0004   0.0017   0.0117   0.0101   0.0141  -0.0001
   0.0076   0.9563   0.0052  -0.0015   0.0117   0.0100   0.0103   0.0051  -0.0006
   0.0072   0.0052   0.9475  -0.0012   0.0146   0.0024   0.0154   0.0132   0.0053
   0.0004  -0.0015  -0.0012   0.9388   0.0157   0.0143   0.0122  -0.0006   0.0109
   0.0017   0.0117   0.0146   0.0157   0.9300   0.0062   0.0144   0.0018   0.0080
   0.0117   0.0100   0.0024   0.0143   0.0062   0.9213   0.0123   0.0140   0.0043
   0.0101   0.0103   0.0154   0.0122   0.0144   0.0123   0.9125   0.0106   0.0077
   0.0141   0.0051   0.0132  -0.0006   0.0018   0.0140   0.0106   0.9038   0.0145
  -0.0001  -0.0006   0.0053   0.0109   0.0080   0.0043   0.0077   0.0145   0.8950

sum_P_eig,sum_abs_P_eig,sign_condition_number=  2.873402  2.878136  0.954052

P after making eigenvec +ve =
   0.9650   0.0076   0.0072   0.0004   0.0017   0.0117   0.0101   0.0141  -0.0001
   0.0076   0.9563   0.0052  -0.0015   0.0117   0.0100   0.0103   0.0051  -0.0006
   0.0072   0.0052   0.9475  -0.0012   0.0146   0.0024   0.0154   0.0132   0.0053
   0.0004  -0.0015  -0.0012   0.9388   0.0157   0.0143   0.0122  -0.0006   0.0109
   0.0017   0.0117   0.0146   0.0157   0.9300   0.0062   0.0144   0.0018   0.0080
   0.0117   0.0100   0.0024   0.0143   0.0062   0.9213   0.0123   0.0140   0.0043
   0.0101   0.0103   0.0154   0.0122   0.0144   0.0123   0.9125   0.0106   0.0077
   0.0141   0.0051   0.0132  -0.0006   0.0018   0.0140   0.0106   0.9038   0.0145
  -0.0001  -0.0006   0.0053   0.0109   0.0080   0.0043   0.0077   0.0145   0.8950

1+(E_0*1-H) (i.e. P with tau=1) after making eigenvec +ve =
   0.0005  -0.2157  -0.2064  -0.0122  -0.0491  -0.3355  -0.2893  -0.4041   0.0027
  -0.2157  -0.2495  -0.1473   0.0438  -0.3343  -0.2868  -0.2951  -0.1451   0.0159
  -0.2064  -0.1473  -0.4995   0.0357  -0.4168  -0.0676  -0.4410  -0.3773  -0.1525
  -0.0122   0.0438   0.0357  -0.7495  -0.4488  -0.4090  -0.3479   0.0168  -0.3103
  -0.0491  -0.3343  -0.4168  -0.4488  -0.9995  -0.1761  -0.4121  -0.0501  -0.2295
  -0.3355  -0.2868  -0.0676  -0.4090  -0.1761  -1.2495  -0.3514  -0.4014  -0.1230
  -0.2893  -0.2951  -0.4410  -0.3479  -0.4121  -0.3514  -1.4995  -0.3039  -0.2201
  -0.4041  -0.1451  -0.3773   0.0168  -0.0501  -0.4014  -0.3039  -1.7495  -0.4147
   0.0027   0.0159  -0.1525  -0.3103  -0.2295  -0.1230  -0.2201  -0.4147  -1.9995
psi0         =   0.4883   0.3898   0.3849   0.2335   0.3303   0.3091   0.3440   0.2540   0.1395
psiG         =   0.5377   0.3471   0.3063   0.2645   0.2895   0.3689   0.3093   0.3204   0.0922
1-overlap_G  =   0.0123

E_G= -1.951518

H_imp=
  -1.0000  -0.3342  -0.3623  -0.0248  -0.0912  -0.4890  -0.5029  -0.6782   0.0156
  -0.1393  -0.7500  -0.1669   0.0575  -0.4008  -0.2698  -0.3311  -0.1572   0.0598
  -0.1175  -0.1300  -0.5000   0.0413  -0.4409  -0.0561  -0.4367  -0.3607  -0.5063
  -0.0060   0.0334   0.0308  -0.2500  -0.4100  -0.2931  -0.2975   0.0139  -0.8900
  -0.0264  -0.2788  -0.3940  -0.4913   0.0000  -0.1382  -0.3857  -0.0453  -0.7206
  -0.2302  -0.3048  -0.0814  -0.5705  -0.2244   0.2500  -0.4192  -0.4622  -0.4919
  -0.1664  -0.2629  -0.4454  -0.4069  -0.4403  -0.2946   0.5000  -0.2934  -0.7382
  -0.2408  -0.1339  -0.3947   0.0203  -0.0555  -0.3486  -0.3149   0.7500  -1.4407
   0.0005   0.0042  -0.0459  -0.1082  -0.0731  -0.0307  -0.0656  -0.1193   1.0000

P_imp=
   0.9650   0.0117   0.0127   0.0009   0.0032   0.0171   0.0176   0.0237  -0.0005
   0.0049   0.9563   0.0058  -0.0020   0.0140   0.0094   0.0116   0.0055  -0.0021
   0.0041   0.0045   0.9475  -0.0014   0.0154   0.0020   0.0153   0.0126   0.0177
   0.0002  -0.0012  -0.0011   0.9388   0.0143   0.0103   0.0104  -0.0005   0.0311
   0.0009   0.0098   0.0138   0.0172   0.9300   0.0048   0.0135   0.0016   0.0252
   0.0081   0.0107   0.0028   0.0200   0.0079   0.9213   0.0147   0.0162   0.0172
   0.0058   0.0092   0.0156   0.0142   0.0154   0.0103   0.9125   0.0103   0.0258
   0.0084   0.0047   0.0138  -0.0007   0.0019   0.0122   0.0110   0.9038   0.0504
  -0.0000  -0.0001   0.0016   0.0038   0.0026   0.0011   0.0023   0.0042   0.8950
tau_av_expon_proj    = 1.078542 0.674640 0.520436 0.581056 0.468130 0.520814 0.363159 0.469447 0.205635
tau_av_expon_proj_new= 1.000472 0.800302 0.666877 0.571583 0.500118 0.444538 0.400076 0.363699 0.333386
factor=                0.924934 1.170017 1.245569 0.983562 1.066051 0.842329 1.096664 0.747696 1.466960
factor2=                 0.9276   1.1863   1.2814   0.9837   1.0683   0.8535   1.1017   0.7747   1.6213

eigenvalues of P_imp=  0.880250  0.898096  0.902217  0.909536  0.920395  0.947212  0.951892  0.960549  1.000000
eigenvalues of H_imp=  1.421895  0.912008  0.794277  0.585145  0.274888 -0.491293 -0.625022 -0.872370 -1.999528

eigenval_p,eigenval_h=  1.000000 -1.999528
psi0_psiG    =   0.2658   0.1370   0.1194   0.0625   0.0968   0.1154   0.1077   0.0824   0.0130

imp-sampled: sum_P_eig,sum_abs_P_eig,sign_condition_number=  1.000000  1.001296  0.963660

P_FN1=
   0.9650   0.0117   0.0127   0.0009   0.0032   0.0171   0.0176   0.0237   0.0000
   0.0049   0.9550   0.0058   0.0000   0.0140   0.0094   0.0116   0.0055   0.0000
   0.0041   0.0045   0.9464   0.0000   0.0154   0.0020   0.0153   0.0126   0.0177
   0.0002   0.0000   0.0000   0.9346   0.0143   0.0103   0.0104   0.0000   0.0311
   0.0009   0.0098   0.0138   0.0172   0.9300   0.0048   0.0135   0.0016   0.0252
   0.0081   0.0107   0.0028   0.0200   0.0079   0.9213   0.0147   0.0162   0.0172
   0.0058   0.0092   0.0156   0.0142   0.0154   0.0103   0.9125   0.0103   0.0258
   0.0084   0.0047   0.0138   0.0000   0.0019   0.0122   0.0110   0.9033   0.0504
   0.0000   0.0000   0.0016   0.0038   0.0026   0.0011   0.0023   0.0042   0.8924

eigenvalues of P_FN1=  0.878643  0.897801  0.901426  0.908562  0.920148  0.944496  0.949321  0.960074  0.999974
eigenvalues of H_FN1=  1.467804  0.920442  0.816883  0.612982  0.281951 -0.413692 -0.551562 -0.858795 -1.998798

eigenval_p,eigenval_h=  0.999974 -1.998798
psiFN1_psiG =    0.2657   0.1364   0.1187   0.0636   0.0969   0.1156   0.1078   0.0823   0.0130
psiFN1      =    0.4884   0.3883   0.3828   0.2377   0.3307   0.3097   0.3443   0.2539   0.1390

E_0, E_G, E_FN1, E_G-E_0, E_FN1-E_0, rms fluctuation of E_L  -1.99953  -1.95152  -1.99880   0.04801   0.00073   0.34434
E_L     =  -1.9263  -2.1571  -2.3599  -1.7327  -2.1362  -1.6701  -2.2536  -1.3524  -3.7123
P_L     =   0.9975   1.0055   1.0126   0.9907   1.0048   0.9885   1.0089   0.9774   1.0600
P_abs_L =   0.9975   1.0068   1.0137   0.9948   1.0048   0.9885   1.0089   0.9778   1.0626

P_propos=
   0.9675   0.0116   0.0125   0.0009   0.0032   0.0173   0.0174   0.0243   0.0000
   0.0049   0.9498   0.0058   0.0000   0.0140   0.0096   0.0115   0.0056   0.0000
   0.0041   0.0045   0.9347   0.0000   0.0154   0.0020   0.0151   0.0129   0.0167
   0.0002   0.0000   0.0000   0.9436   0.0143   0.0104   0.0103   0.0000   0.0293
   0.0009   0.0097   0.0136   0.0173   0.9256   0.0049   0.0134   0.0016   0.0237
   0.0081   0.0106   0.0028   0.0201   0.0078   0.9320   0.0145   0.0165   0.0162
   0.0058   0.0091   0.0154   0.0143   0.0153   0.0104   0.9045   0.0105   0.0243
   0.0085   0.0047   0.0136   0.0000   0.0019   0.0123   0.0109   0.9243   0.0475
   0.0000   0.0000   0.0016   0.0038   0.0025   0.0011   0.0023   0.0043   0.8423
sum P_propos  1.000000  1.000000  1.000000  1.000000  1.000000  1.000000  1.000000  1.000000  1.000000
E_FN1= -1.998798 -1.998798
psiG**2=         0.2891   0.1205   0.0938   0.0699   0.0838   0.1361   0.0957   0.1027   0.0085
psiG**2 * P_L=   0.2883   0.1211   0.0950   0.0693   0.0842   0.1345   0.0965   0.1003   0.0090
psiG_psiFN=      0.2657   0.1364   0.1187   0.0636   0.0969   0.1156   0.1078   0.0823   0.0130
P_L=             0.9975   1.0055   1.0126   0.9907   1.0048   0.9885   1.0089   0.9774   1.0600
psiFN_by_psi=          0.9193   1.1323   1.2651   0.9096   1.1562   0.8496   1.1265   0.8019   1.5250

P_markov=
   0.9677   0.0116   0.0125   0.0009   0.0032   0.0172   0.0174   0.0238   0.0000
   0.0048   0.9498   0.0058   0.0000   0.0139   0.0094   0.0115   0.0055   0.0000
   0.0041   0.0045   0.9348   0.0000   0.0152   0.0019   0.0151   0.0125   0.0167
   0.0002   0.0000   0.0000   0.9443   0.0143   0.0103   0.0103   0.0000   0.0293
   0.0009   0.0097   0.0136   0.0171   0.9260   0.0048   0.0134   0.0016   0.0237
   0.0081   0.0106   0.0028   0.0201   0.0078   0.9328   0.0145   0.0164   0.0162
   0.0058   0.0091   0.0154   0.0141   0.0153   0.0102   0.9047   0.0102   0.0243
   0.0085   0.0047   0.0136   0.0000   0.0019   0.0123   0.0109   0.9262   0.0475
   0.0000   0.0000   0.0015   0.0036   0.0024   0.0010   0.0022   0.0039   0.8423

eigenvalues of P_markov=  0.838466  0.892427  0.907371  0.910906  0.929440  0.940187  0.947593  0.962133  1.000000
eigenvalues of H_markov=  2.615726  1.073986  0.647026  0.546017  0.016478 -0.290596 -0.502182 -0.917604 -1.999528

eigenval_p,eigenval_h=  1.000000 -1.998798
psi for P_mar=   0.2891   0.1205   0.0938   0.0699   0.0838   0.1361   0.0957   0.1027   0.0085
psiG**2      =   0.2891   0.1205   0.0938   0.0699   0.0838   0.1361   0.0957   0.1027   0.0085
Above 2 lines should be equal since Markov matrix has dominant state psiG**2
The exception to this occurs when there is no sign problem, but some components of psiG have the wrong sign, in which case one has 2 decoupled spaces with degenerate dominant eigenvalues

P_FN3=
   0.9652   0.0117   0.0127   0.0009   0.0032   0.0170   0.0176   0.0233   0.0000
   0.0048   0.9551   0.0058   0.0000   0.0140   0.0093   0.0116   0.0053   0.0000
   0.0040   0.0045   0.9466   0.0000   0.0153   0.0019   0.0152   0.0122   0.0177
   0.0002   0.0000   0.0000   0.9355   0.0143   0.0102   0.0104   0.0000   0.0311
   0.0009   0.0097   0.0138   0.0170   0.9304   0.0048   0.0135   0.0015   0.0252
   0.0081   0.0107   0.0028   0.0199   0.0079   0.9221   0.0147   0.0160   0.0172
   0.0058   0.0092   0.0156   0.0140   0.0153   0.0101   0.9127   0.0099   0.0258
   0.0084   0.0047   0.0138   0.0000   0.0019   0.0122   0.0110   0.9053   0.0503
   0.0000   0.0000   0.0015   0.0035   0.0024   0.0010   0.0022   0.0038   0.8928
E_FN3= -1.995393 -1.995393

eigenvalues of P_FN3=  0.880327  0.898322  0.902153  0.909353  0.920924  0.944925  0.949484  0.960326  0.999881
eigenvalues of H_FN3=  1.420426  0.906277  0.796820  0.591129  0.260503 -0.425218 -0.555478 -0.865251 -1.995393

eigenval_p,eigenval_h=  0.999881 -1.995393
psiFN3_psiG  =   0.2666   0.1360   0.1174   0.0640   0.0966   0.1167   0.1069   0.0836   0.0122
psiFN3      =    0.4907   0.3877   0.3792   0.2396   0.3300   0.3130   0.3419   0.2582   0.1313

P_FN4=
   0.9650   0.0117   0.0127   0.0009   0.0032   0.0171   0.0176   0.0237   0.0000
   0.0049   0.9550   0.0058   0.0000   0.0140   0.0094   0.0116   0.0055   0.0000
   0.0041   0.0045   0.9465   0.0000   0.0154   0.0020   0.0153   0.0126   0.0177
   0.0002   0.0000   0.0000   0.9349   0.0143   0.0103   0.0104   0.0000   0.0311
   0.0009   0.0097   0.0138   0.0171   0.9300   0.0048   0.0135   0.0016   0.0252
   0.0081   0.0107   0.0028   0.0199   0.0079   0.9213   0.0147   0.0162   0.0172
   0.0058   0.0092   0.0156   0.0142   0.0154   0.0103   0.9125   0.0103   0.0258
   0.0084   0.0047   0.0138   0.0000   0.0019   0.0122   0.0110   0.9033   0.0503
   0.0000   0.0000   0.0016   0.0038   0.0026   0.0011   0.0023   0.0042   0.8928
E_FN4= -1.998882 -1.998882

eigenvalues of P_FN4=  0.878946  0.897886  0.901555  0.908733  0.920186  0.944624  0.949428  0.960122  1.000003
eigenvalues of H_FN4=  1.459877  0.918738  0.813929  0.608829  0.281600 -0.416635 -0.553878 -0.859429 -1.998882

eigenval_p,eigenval_h=  1.000003 -1.998882
psiFN4_psiG  =   0.2656   0.1365   0.1187   0.0638   0.0968   0.1156   0.1077   0.0823   0.0130
psiFN4      =    0.4880   0.3886   0.3831   0.2384   0.3305   0.3095   0.3440   0.2538   0.1394
FN5: sum_pos  0.000458
FN5: sum_pos  0.037606
FN5: sum_pos  0.030796
FN5: sum_pos  0.119152
FN5: sum_pos  0.000000
FN5: sum_pos  0.000000
FN5: sum_pos  0.000000
FN5: sum_pos  0.013859
FN5: sum_pos  0.075345

P_FN5=
   0.9650   0.0117   0.0127   0.0009   0.0032   0.0171   0.0176   0.0237   0.0000
   0.0049   0.9550   0.0058   0.0000   0.0140   0.0094   0.0116   0.0055   0.0000
   0.0041   0.0045   0.9464   0.0000   0.0154   0.0020   0.0153   0.0126   0.0177
   0.0002   0.0000   0.0000   0.9346   0.0143   0.0103   0.0104   0.0000   0.0311
   0.0009   0.0098   0.0138   0.0172   0.9300   0.0048   0.0135   0.0016   0.0252
   0.0081   0.0107   0.0028   0.0200   0.0079   0.9213   0.0147   0.0162   0.0172
   0.0058   0.0092   0.0156   0.0142   0.0154   0.0103   0.9126   0.0103   0.0258
   0.0084   0.0047   0.0138   0.0000   0.0019   0.0122   0.0110   0.9034   0.0504
   0.0000   0.0000   0.0016   0.0038   0.0026   0.0011   0.0023   0.0042   0.8925
E_FN5= -1.999444 -1.998787

eigenvalues of P_FN5=  0.878741  0.897865  0.901489  0.908586  0.920185  0.944510  0.949330  0.960084  0.999997
eigenvalues of H_FN5=  1.465012  0.918614  0.815081  0.612302  0.280908 -0.414094 -0.551809 -0.859074 -1.999444

eigenval_p,eigenval_h=  0.999997 -1.999444
psiFN5_psiG  =   0.2656   0.1364   0.1186   0.0636   0.0969   0.1157   0.1078   0.0824   0.0130
psiFN5      =    0.4882   0.3882   0.3828   0.2377   0.3308   0.3098   0.3444   0.2540   0.1391

E_G, E_FN1, E_FN3, E_FN4, E_0, recover_FN1, recover_FN3, recover_FN4, 1-ovlp_FN1, 1-ovlp_FN3, 1-ovlp_FN4, sign_cond_num= -1.951518 -1.998798 -1.995393 -1.998882 -1.999528 0.985 0.914 0.987 1.E-05 9.E-05 1.E-05 0.964

P_propos2=
   0.9675   0.0116   0.0125   0.0009   0.0032   0.0173   0.0174   0.0243   0.0000
   0.0049   0.9497   0.0058   0.0000   0.0140   0.0096   0.0115   0.0056   0.0000
   0.0041   0.0045   0.9347   0.0000   0.0154   0.0020   0.0151   0.0129   0.0167
   0.0002   0.0000   0.0000   0.9434   0.0143   0.0104   0.0103   0.0000   0.0294
   0.0009   0.0097   0.0136   0.0174   0.9256   0.0049   0.0134   0.0016   0.0238
   0.0081   0.0106   0.0028   0.0202   0.0078   0.9320   0.0145   0.0166   0.0162
   0.0058   0.0092   0.0154   0.0144   0.0153   0.0104   0.9045   0.0105   0.0244
   0.0085   0.0047   0.0136   0.0000   0.0019   0.0123   0.0109   0.9242   0.0476
   0.0000   0.0000   0.0016   0.0038   0.0025   0.0011   0.0023   0.0043   0.8419

eigenvalues of P_FN1_propos=  0.837753  0.892100  0.906559  0.909772  0.928341  0.939907  0.947227  0.961811  1.000000
psi for P_FN1_propos=   0.2888   0.1213   0.0951   0.0694   0.0844   0.1348   0.0967   0.1005   0.0090
psiG**2 * P_L       =   0.2888   0.1213   0.0951   0.0694   0.0844   0.1348   0.0967   0.1005   0.0090
Above 2 lines should be equal since proposal part of P_FN1 has dominant state psiG**2 * P_L
The exception to this occurs when there is no sign problem, but some components of psiG have the wrong sign, in which case one has 2 decoupled spaces with degenerate dominant eigenvalues

P_L=              0.9975   1.0055   1.0126   0.9907   1.0048   0.9885   1.0089   0.9774   1.0600
P_L_der=          0.0140  -0.1419   0.0168  -0.0058   0.0404   0.0272   0.0334   0.0159  -0.0060
P_L_der_by_P_L=   0.0141  -0.1411   0.0166  -0.0059   0.0402   0.0275   0.0331   0.0162  -0.0057

P_L_der_by_P_L=   0.0141  -0.1411   0.0166  -0.0059   0.0402   0.0275   0.0331   0.0162  -0.0057
psiG_psiFN    =   0.2657   0.1364   0.1187   0.0636   0.0969   0.1156   0.1078   0.0823   0.0130
tmp_vec1      =   0.0037  -0.0192   0.0020  -0.0004   0.0039   0.0032   0.0036   0.0013  -0.0001

PP_FN1=
   1.9650   0.0117   0.0127   0.0009   0.0032   0.0171   0.0176   0.0237   0.0000
   0.0049   1.9550   0.0058   0.0000   0.0140   0.0094   0.0116   0.0055   0.0000
   0.0041   0.0045   1.9465   0.0000   0.0154   0.0020   0.0153   0.0126   0.0177
   0.0002   0.0000   0.0000   1.9346   0.0143   0.0103   0.0104   0.0000   0.0311
   0.0009   0.0098   0.0138   0.0172   1.9300   0.0048   0.0135   0.0016   0.0252
   0.0081   0.0107   0.0028   0.0200   0.0079   1.9213   0.0147   0.0162   0.0172
   0.0058   0.0092   0.0156   0.0142   0.0154   0.0103   1.9125   0.0103   0.0258
   0.0084   0.0047   0.0138   0.0000   0.0019   0.0122   0.0110   1.9033   0.0504
   0.0000   0.0000   0.0016   0.0038   0.0026   0.0011   0.0023   0.0042   1.8924
iter, W_der_by_W=    1  0.005991

PP_FN1=
   2.8969   0.0347   0.0377   0.0032   0.0101   0.0500   0.0515   0.0688   0.0023
   0.0145   2.8674   0.0175   0.0006   0.0408   0.0275   0.0338   0.0162   0.0012
   0.0122   0.0136   2.8430   0.0006   0.0448   0.0062   0.0442   0.0364   0.0518
   0.0008   0.0003   0.0004   2.8089   0.0414   0.0295   0.0301   0.0004   0.0889
   0.0029   0.0284   0.0400   0.0496   2.7959   0.0143   0.0390   0.0051   0.0725
   0.0236   0.0311   0.0089   0.0574   0.0232   2.7709   0.0424   0.0462   0.0505
   0.0171   0.0268   0.0451   0.0411   0.0446   0.0298   2.7464   0.0296   0.0743
   0.0244   0.0138   0.0398   0.0006   0.0062   0.0349   0.0318   2.7202   0.1418
   0.0001   0.0001   0.0047   0.0108   0.0074   0.0032   0.0066   0.0117   2.6893
iter, W_der_by_W=    2  0.008696
iter, W_der_by_W=    3  0.011228
iter, W_der_by_W=    4  0.013600
iter, W_der_by_W=    5  0.015824
iter, W_der_by_W=    6  0.017911
iter, W_der_by_W=    7  0.019872
iter, W_der_by_W=    8  0.021715
iter, W_der_by_W=    9  0.023448
iter, W_der_by_W=   10  0.025080
iter, W_der_by_W=   20  0.037109
iter, W_der_by_W=   30  0.044059
iter, W_der_by_W=   40  0.048204
iter, W_der_by_W=   50  0.050722
iter, W_der_by_W=   60  0.052268
iter, W_der_by_W=   70  0.053225
iter, W_der_by_W=   80  0.053820
iter, W_der_by_W=   90  0.054191
iter, W_der_by_W=  100  0.054424
Final iter, W_der_by_W=  114  0.054613

PP_FN1=
  45.1796  27.1278  30.2298  18.4902  24.3717  22.6705  28.2024  23.0606  33.6178
  11.3052  33.8541  15.7150  10.5492  16.3538  11.6974  15.3019  10.2779  17.9555
   9.8081  12.2349  31.3811   9.5000  15.0343   9.0558  14.3755  10.3728  19.5561
   4.4733   6.1241   7.0837  21.6057   9.5796   6.5999   8.2493   4.5987  13.9653
   7.0662  11.3778  13.4348  11.4805  25.0434   8.1769  12.0242   7.1699  17.6090
  10.6744  13.2162  13.1418  12.8449  13.2791  21.8748  13.7898  10.3165  19.0393
   9.3323  12.1502  14.6614  11.2832  13.7233   9.6913  22.8533   9.1061  18.7073
   8.1889   8.7577  11.3528   6.7500   8.7814   7.7805   9.7720  16.8501  16.2328
   0.9889   1.2674   1.7731   1.6981   1.7866   1.1895   1.6630   1.3447  11.5353
Final W_der_by_W=  0.054623

gradient_vmc_FD, gradient_vmc= -0.142681 -0.142681
E_L_der =         -0.4012   4.0539  -0.4810   0.1657  -1.1547  -0.7773  -0.9540  -0.4529   0.1722
E_L_der_increm =  -0.4012   4.0539  -0.4810   0.1657  -1.1547  -0.7773  -0.9540  -0.4529   0.1722
The above 2 lines should be equal
psiFN1_psiG  =   0.2657   0.1364   0.1187   0.0636   0.0969   0.1156   0.1078   0.0823   0.0130
psiG_increm**2=                 0.2891    0.1205    0.0938    0.0699    0.0838    0.1361    0.0957    0.1027    0.0085
psiG_increm**2 * P_L_increm=    0.2883    0.1211    0.0950    0.0693    0.0842    0.1345    0.0965    0.1003    0.0090
psiG_psiFN_increm=              0.2657    0.1364    0.1187    0.0636    0.0969    0.1156    0.1078    0.0823    0.0130
psiFN_by_psi_increm                   0.9193    1.1323    1.2651    0.9096    1.1562    0.8496    1.1265    0.8019    1.5250
psiFN_by_psi                          0.9193    1.1323    1.2651    0.9096    1.1562    0.8496    1.1265    0.8019    1.5250
psiFN_by_psi_increm                  0.919293448   1.132297637   1.265085428   0.909599896   1.156192726   0.849612335   1.126530664   0.801879977   1.524965628
psiFN_by_psi                         0.919293419   1.132297921   1.265085391   0.909599879   1.156192693   0.849612310   1.126530631   0.801879954   1.524965595
psiFN_by_psi_der=                     0.2803   -2.8351    0.3775    0.1770    0.3356    0.2487    0.3307    0.2381    0.3356

gradient_FN1_1=  0.000000 -0.124395 -0.000000  0.000000 -0.000000  0.000000 -0.000000  0.000000 -0.000000

gradient_FN1_2=  0.005877  0.054054 -0.012783  0.003294 -0.003863  0.011129 -0.008062  0.015795 -0.004890

gradient_FN1_3= -0.106627  0.552980 -0.057071  0.010540 -0.111898 -0.089884 -0.102802 -0.037281  0.002234

E_FN1, E_FN1_increm, gradient_FN1_FD, gradient_FN1= -1.998798 -1.998798 -0.003652 -0.003653

gradient_FN1_FD, gradient_FN1, 1st+2*2nd terms, gradient_FU2000, gradient_FN1_1, gradient_FN1_2, gradient_FN1_3= -0.003652 -0.003653 -0.004011 -0.009580 -0.124395  0.060550  0.060192  0.054623
  1 Ratio: Error replace 2nd by 3rd term  to  Error replace 2nd by W_der_by_W=  0.060430
------------------------------------------------------------

Data set    2

H=
  -1.0000  -0.1074  -0.2523  -0.0082  -0.2657  -0.1397  -0.3504  -0.4274  -0.1043
  -0.1074  -0.7500  -0.0961  -0.3285  -0.2963  -0.1378  -0.1224  -0.3591   0.0282
  -0.2523  -0.0961  -0.5000  -0.0957  -0.3198  -0.2953  -0.3494  -0.2415  -0.0599
  -0.0082  -0.3285  -0.0957  -0.2500  -0.2230  -0.4043   0.0108  -0.0572  -0.1909
  -0.2657  -0.2963  -0.3198  -0.2230   0.0000   0.0427  -0.0959  -0.3081   0.0363
  -0.1397  -0.1378  -0.2953  -0.4043   0.0427   0.2500  -0.3775  -0.2047  -0.1414
  -0.3504  -0.1224  -0.3494   0.0108  -0.0959  -0.3775   0.5000  -0.3000   0.0264
  -0.4274  -0.3591  -0.2415  -0.0572  -0.3081  -0.2047  -0.3000   0.7500  -0.3384
  -0.1043   0.0282  -0.0599  -0.1909   0.0363  -0.1414   0.0264  -0.3384   1.0000

eigenval_p,eigenval_h=  1.000000 -1.833779
psi for P    =   0.5737   0.3963   0.4004   0.2312   0.2994   0.2396   0.2528   0.2872   0.0813

eigenvalues of P=  0.888514  0.905389  0.910155  0.920829  0.933944  0.943463  0.952968  0.967097  1.000000
eigenvalues of H=  1.351526  0.869406  0.733208  0.428245  0.053532 -0.218431 -0.490015 -0.893692 -1.833779
tau, tau_max= 0.035000 0.313942
P=
   0.9708   0.0038   0.0088   0.0003   0.0093   0.0049   0.0123   0.0150   0.0037
   0.0038   0.9621   0.0034   0.0115   0.0104   0.0048   0.0043   0.0126  -0.0010
   0.0088   0.0034   0.9533   0.0034   0.0112   0.0103   0.0122   0.0085   0.0021
   0.0003   0.0115   0.0034   0.9446   0.0078   0.0142  -0.0004   0.0020   0.0067
   0.0093   0.0104   0.0112   0.0078   0.9358  -0.0015   0.0034   0.0108  -0.0013
   0.0049   0.0048   0.0103   0.0142  -0.0015   0.9271   0.0132   0.0072   0.0049
   0.0123   0.0043   0.0122  -0.0004   0.0034   0.0132   0.9183   0.0105  -0.0009
   0.0150   0.0126   0.0085   0.0020   0.0108   0.0072   0.0105   0.9096   0.0118
   0.0037  -0.0010   0.0021   0.0067  -0.0013   0.0049  -0.0009   0.0118   0.9008

sum_P_eig,sum_abs_P_eig,sign_condition_number=  2.761875  2.766380  0.954497

P after making eigenvec +ve =
   0.9708   0.0038   0.0088   0.0003   0.0093   0.0049   0.0123   0.0150   0.0037
   0.0038   0.9621   0.0034   0.0115   0.0104   0.0048   0.0043   0.0126  -0.0010
   0.0088   0.0034   0.9533   0.0034   0.0112   0.0103   0.0122   0.0085   0.0021
   0.0003   0.0115   0.0034   0.9446   0.0078   0.0142  -0.0004   0.0020   0.0067
   0.0093   0.0104   0.0112   0.0078   0.9358  -0.0015   0.0034   0.0108  -0.0013
   0.0049   0.0048   0.0103   0.0142  -0.0015   0.9271   0.0132   0.0072   0.0049
   0.0123   0.0043   0.0122  -0.0004   0.0034   0.0132   0.9183   0.0105  -0.0009
   0.0150   0.0126   0.0085   0.0020   0.0108   0.0072   0.0105   0.9096   0.0118
   0.0037  -0.0010   0.0021   0.0067  -0.0013   0.0049  -0.0009   0.0118   0.9008

1+(E_0*1-H) (i.e. P with tau=1) after making eigenvec +ve =
   0.1662  -0.1074  -0.2523  -0.0082  -0.2657  -0.1397  -0.3504  -0.4274  -0.1043
  -0.1074  -0.0838  -0.0961  -0.3285  -0.2963  -0.1378  -0.1224  -0.3591   0.0282
  -0.2523  -0.0961  -0.3338  -0.0957  -0.3198  -0.2953  -0.3494  -0.2415  -0.0599
  -0.0082  -0.3285  -0.0957  -0.5838  -0.2230  -0.4043   0.0108  -0.0572  -0.1909
  -0.2657  -0.2963  -0.3198  -0.2230  -0.8338   0.0427  -0.0959  -0.3081   0.0363
  -0.1397  -0.1378  -0.2953  -0.4043   0.0427  -1.0838  -0.3775  -0.2047  -0.1414
  -0.3504  -0.1224  -0.3494   0.0108  -0.0959  -0.3775  -1.3338  -0.3000   0.0264
  -0.4274  -0.3591  -0.2415  -0.0572  -0.3081  -0.2047  -0.3000  -1.5838  -0.3384
  -0.1043   0.0282  -0.0599  -0.1909   0.0363  -0.1414   0.0264  -0.3384  -1.8338
psi0         =   0.5737   0.3963   0.4004   0.2312   0.2994   0.2396   0.2528   0.2872   0.0813
psiG         =   0.5319   0.4066   0.4564   0.1773   0.3663   0.2945   0.1509   0.2616   0.0013
1-overlap_G  =   0.0164

E_G= -1.756315

H_imp=
  -1.0000  -0.1406  -0.2940  -0.0247  -0.3859  -0.2524  -1.2350  -0.8692 -43.2658
  -0.0821  -0.7500  -0.0856  -0.7534  -0.3289  -0.1902  -0.3298  -0.5581   8.9512
  -0.2165  -0.1078  -0.5000  -0.2464  -0.3985  -0.4576  -1.0567  -0.4213 -21.3040
  -0.0027  -0.1432  -0.0372  -0.2500  -0.1079  -0.2434   0.0126  -0.0388 -26.3948
  -0.1829  -0.2669  -0.2566  -0.4607   0.0000   0.0532  -0.2327  -0.4314  10.3644
  -0.0774  -0.0998  -0.1905  -0.6716   0.0344   0.2500  -0.7368  -0.2304 -32.4559
  -0.0994  -0.0454  -0.1155   0.0092  -0.0395  -0.1935   0.5000  -0.1731   3.1073
  -0.2102  -0.2310  -0.1384  -0.0844  -0.2201  -0.1818  -0.5201   0.7500 -69.0153
  -0.0003   0.0001  -0.0002  -0.0014   0.0001  -0.0006   0.0002  -0.0017   1.0000

P_imp=
   0.9708   0.0049   0.0103   0.0009   0.0135   0.0088   0.0432   0.0304   1.5143
   0.0029   0.9621   0.0030   0.0264   0.0115   0.0067   0.0115   0.0195  -0.3133
   0.0076   0.0038   0.9533   0.0086   0.0139   0.0160   0.0370   0.0147   0.7456
   0.0001   0.0050   0.0013   0.9446   0.0038   0.0085  -0.0004   0.0014   0.9238
   0.0064   0.0093   0.0090   0.0161   0.9358  -0.0019   0.0081   0.0151  -0.3628
   0.0027   0.0035   0.0067   0.0235  -0.0012   0.9271   0.0258   0.0081   1.1360
   0.0035   0.0016   0.0040  -0.0003   0.0014   0.0068   0.9183   0.0061  -0.1088
   0.0074   0.0081   0.0048   0.0030   0.0077   0.0064   0.0182   0.9096   2.4155
   0.0000  -0.0000   0.0000   0.0000  -0.0000   0.0000  -0.0000   0.0001   0.9008
tau_av_expon_proj    = 1.147456 0.966331 0.894462 0.444107 0.659967 0.635858 0.242480 0.367123 0.004654
tau_av_expon_proj_new= 1.199359 0.922698 0.749750 0.631401 0.545322 0.479897 0.428490 0.387030 0.352886
factor=                1.044226 0.953812 0.824470 1.345321 0.810394 0.722537 1.543580 1.052780 2.682666
factor2=                 1.0452   0.9548   0.8382   1.4217   0.8263   0.7547   1.7671   1.0542  75.8205

eigenvalues of P_imp=  0.888514  0.905389  0.910155  0.920829  0.933944  0.943463  0.952968  0.967097  1.000000
eigenvalues of H_imp=  1.351526  0.869406  0.733208  0.428245  0.053532 -0.218431 -0.490015 -0.893692 -1.833779

eigenval_p,eigenval_h=  1.000000 -1.833779
psi0_psiG    =   0.3102   0.1638   0.1858   0.0417   0.1115   0.0717   0.0388   0.0764   0.0001

imp-sampled: sum_P_eig,sum_abs_P_eig,sign_condition_number=  1.000000  1.000765  0.978388

P_FN1=
   0.9708   0.0049   0.0103   0.0009   0.0135   0.0088   0.0432   0.0304   1.5143
   0.0029   0.9621   0.0030   0.0264   0.0115   0.0067   0.0115   0.0195   0.0000
   0.0076   0.0038   0.9533   0.0086   0.0139   0.0160   0.0370   0.0147   0.7456
   0.0001   0.0050   0.0013   0.9442   0.0038   0.0085   0.0000   0.0014   0.9238
   0.0064   0.0093   0.0090   0.0161   0.9346   0.0000   0.0081   0.0151   0.0000
   0.0027   0.0035   0.0067   0.0235   0.0000   0.9252   0.0258   0.0081   1.1360
   0.0035   0.0016   0.0040   0.0000   0.0014   0.0068   0.9179   0.0061   0.0000
   0.0074   0.0081   0.0048   0.0030   0.0077   0.0064   0.0182   0.9096   2.4155
   0.0000   0.0000   0.0000   0.0000   0.0000   0.0000   0.0000   0.0001   0.1160

eigenvalues of P_FN1=  0.115744  0.899701  0.904841  0.920557  0.931744  0.941886  0.952794  0.967014  0.999441
eigenvalues of H_FN1= 23.430690  1.031917  0.885055  0.436031  0.116392 -0.173371 -0.485023 -0.891313 -1.817821

eigenval_p,eigenval_h=  0.999441 -1.817821
psiFN1_psiG =    0.3105   0.1658   0.1861   0.0407   0.1127   0.0706   0.0390   0.0746   0.0000
psiFN1      =    0.5762   0.4025   0.4025   0.2263   0.3038   0.2365   0.2551   0.2815   0.0101

E_0, E_G, E_FN1, E_G-E_0, E_FN1-E_0, rms fluctuation of E_L  -1.83378  -1.75631  -1.81782   0.07746   0.01596   0.74944
E_L     =  -1.8715  -1.7847  -1.6180  -2.4834  -1.4462  -1.2164  -3.5983  -1.9739-169.0130
P_L     =   1.0019   0.9988   0.9930   1.0233   0.9870   0.9789   1.0623   1.0055   6.8518
P_abs_L =   1.0013   0.9983   0.9924   1.0231   0.9876   0.9803   1.0622   1.0049   7.6361

P_propos=
   0.9695   0.0049   0.0104   0.0008   0.0137   0.0090   0.0407   0.0303   0.1983
   0.0029   0.9637   0.0030   0.0258   0.0117   0.0068   0.0109   0.0194   0.0000
   0.0076   0.0038   0.9606   0.0084   0.0141   0.0163   0.0348   0.0147   0.0976
   0.0001   0.0050   0.0013   0.9233   0.0038   0.0087   0.0000   0.0014   0.1210
   0.0064   0.0094   0.0090   0.0158   0.9475   0.0000   0.0077   0.0150   0.0000
   0.0027   0.0035   0.0067   0.0230   0.0000   0.9457   0.0243   0.0080   0.1488
   0.0035   0.0016   0.0041   0.0000   0.0014   0.0069   0.8645   0.0060   0.0000
   0.0073   0.0081   0.0049   0.0029   0.0078   0.0065   0.0171   0.9051   0.3163
   0.0000   0.0000   0.0000   0.0000   0.0000   0.0000   0.0000   0.0001   0.1180
sum P_propos  1.000000  1.000000  1.000000  1.000000  1.000000  1.000000  1.000000  1.000000  1.000000
E_FN1= -1.817821 -1.817821
psiG**2=         0.2829   0.1653   0.2083   0.0314   0.1341   0.0867   0.0228   0.0684   0.0000
psiG**2 * P_L=   0.2835   0.1651   0.2068   0.0322   0.1324   0.0849   0.0242   0.0688   0.0000
psiG_psiFN=      0.3105   0.1658   0.1861   0.0407   0.1127   0.0706   0.0390   0.0746   0.0000
P_L=             1.0019   0.9988   0.9930   1.0233   0.9870   0.9789   1.0623   1.0055   6.8518
psiFN_by_psi=          1.0975   1.0030   0.8935   1.2935   0.8404   0.8138   1.7131   1.0905   8.0161

P_markov=
   0.9698   0.0049   0.0103   0.0008   0.0135   0.0088   0.0407   0.0303   0.1983
   0.0029   0.9640   0.0030   0.0258   0.0115   0.0067   0.0109   0.0194   0.0000
   0.0076   0.0038   0.9611   0.0084   0.0141   0.0161   0.0348   0.0147   0.0976
   0.0001   0.0049   0.0013   0.9233   0.0037   0.0083   0.0000   0.0013   0.1210
   0.0064   0.0094   0.0090   0.0158   0.9483   0.0000   0.0077   0.0150   0.0000
   0.0027   0.0035   0.0067   0.0230   0.0000   0.9473   0.0243   0.0080   0.1488
   0.0033   0.0015   0.0038   0.0000   0.0013   0.0064   0.8645   0.0057   0.0000
   0.0073   0.0080   0.0048   0.0029   0.0077   0.0063   0.0171   0.9055   0.3163
   0.0000   0.0000   0.0000   0.0000   0.0000   0.0000   0.0000   0.0000   0.1180

eigenvalues of P_markov=  0.117964  0.859659  0.898593  0.915344  0.937650  0.948651  0.958300  0.965630  1.000000
eigenvalues of H_markov= 23.367251  2.175963  1.063562  0.584966 -0.052350 -0.366670 -0.642352 -0.851777 -1.833779

eigenval_p,eigenval_h=  1.000000 -1.817821
psi for P_mar=   0.2829   0.1653   0.2083   0.0314   0.1341   0.0867   0.0228   0.0684   0.0000
psiG**2      =   0.2829   0.1653   0.2083   0.0314   0.1341   0.0867   0.0228   0.0684   0.0000
Above 2 lines should be equal since Markov matrix has dominant state psiG**2
The exception to this occurs when there is no sign problem, but some components of psiG have the wrong sign, in which case one has 2 decoupled spaces with degenerate dominant eigenvalues

P_FN3=
   0.9716   0.0049   0.0102   0.0009   0.0133   0.0086   0.0432   0.0304   1.3588
   0.0029   0.9629   0.0030   0.0264   0.0114   0.0065   0.0115   0.0195   0.0000
   0.0076   0.0038   0.9543   0.0086   0.0139   0.0158   0.0370   0.0148   0.6691
   0.0001   0.0049   0.0013   0.9448   0.0036   0.0082   0.0000   0.0013   0.8289
   0.0064   0.0093   0.0090   0.0161   0.9359   0.0000   0.0081   0.0151   0.0000
   0.0027   0.0035   0.0067   0.0235   0.0000   0.9274   0.0258   0.0081   1.0193
   0.0033   0.0015   0.0038   0.0000   0.0013   0.0062   0.9184   0.0057   0.0000
   0.0073   0.0080   0.0048   0.0030   0.0076   0.0062   0.0182   0.9105   2.1675
   0.0000   0.0000   0.0000   0.0000   0.0000   0.0000   0.0000   0.0000   0.8083
E_FN3= -1.811135 -1.811135

eigenvalues of P_FN3=  0.808080  0.900739  0.906670  0.921728  0.933017  0.942739  0.953739  0.967683  0.999766
eigenvalues of H_FN3=  3.665596  1.018199  0.848746  0.418532  0.095972 -0.181801 -0.496084 -0.894481 -1.811135

eigenval_p,eigenval_h=  0.999766 -1.811135
psiFN3_psiG  =   0.3106   0.1664   0.1870   0.0397   0.1141   0.0713   0.0368   0.0741   0.0000
psiFN3      =    0.5777   0.4048   0.4052   0.2217   0.3083   0.2394   0.2410   0.2804   0.0061

P_FN4=
   0.9714   0.0049   0.0103   0.0009   0.0135   0.0088   0.0432   0.0304   1.3588
   0.0029   0.9626   0.0030   0.0264   0.0115   0.0066   0.0115   0.0195   0.0000
   0.0076   0.0038   0.9539   0.0086   0.0139   0.0160   0.0370   0.0148   0.6691
   0.0001   0.0050   0.0013   0.9448   0.0038   0.0085   0.0000   0.0014   0.8289
   0.0064   0.0093   0.0090   0.0161   0.9352   0.0000   0.0081   0.0151   0.0000
   0.0027   0.0035   0.0067   0.0235   0.0000   0.9258   0.0258   0.0081   1.0193
   0.0035   0.0016   0.0040   0.0000   0.0014   0.0068   0.9184   0.0061   0.0000
   0.0074   0.0081   0.0048   0.0030   0.0077   0.0064   0.0182   0.9101   2.1675
   0.0000   0.0000   0.0000   0.0000   0.0000   0.0000   0.0000   0.0001   0.8083
E_FN4= -1.825924 -1.825924

eigenvalues of P_FN4=  0.806635  0.901090  0.905429  0.921139  0.932339  0.942612  0.953345  0.967558  1.000284
eigenvalues of H_FN4=  3.706891  1.008178  0.884199  0.435341  0.115355 -0.178149 -0.484812 -0.890913 -1.825924

eigenval_p,eigenval_h=  1.000284 -1.825924
psiFN4_psiG  =   0.3100   0.1651   0.1858   0.0411   0.1124   0.0712   0.0389   0.0754   0.0001
psiFN4      =    0.5746   0.4005   0.4014   0.2288   0.3027   0.2383   0.2543   0.2841   0.0469
FN5: sum_pos  0.000000
FN5: sum_pos  0.000089
FN5: sum_pos  0.000000
FN5: sum_pos  0.009152
FN5: sum_pos  0.034488
FN5: sum_pos  0.053155
FN5: sum_pos  0.012859
FN5: sum_pos  0.000000
FN5: sum_pos 22.422814

P_FN5=
   0.9708   0.0049   0.0103   0.0009   0.0135   0.0088   0.0432   0.0304   1.5143
   0.0029   0.9621   0.0030   0.0264   0.0115   0.0067   0.0115   0.0195   0.0000
   0.0076   0.0038   0.9533   0.0086   0.0139   0.0160   0.0370   0.0147   0.7456
   0.0001   0.0050   0.0013   0.9443   0.0038   0.0085   0.0000   0.0014   0.9238
   0.0064   0.0093   0.0090   0.0161   0.9346   0.0000   0.0081   0.0151   0.0000
   0.0027   0.0035   0.0067   0.0235   0.0000   0.9252   0.0258   0.0081   1.1360
   0.0035   0.0016   0.0040   0.0000   0.0014   0.0068   0.9179   0.0061   0.0000
   0.0074   0.0081   0.0048   0.0030   0.0077   0.0064   0.0182   0.9096   2.4155
   0.0000   0.0000   0.0000   0.0000   0.0000   0.0000   0.0000   0.0001   0.2980
E_FN5= -1.818852 -1.818426

eigenvalues of P_FN5=  0.297605  0.899797  0.904875  0.920582  0.931765  0.941907  0.952800  0.967017  0.999478
eigenvalues of H_FN5= 18.234648  1.029172  0.884091  0.435312  0.115792 -0.173978 -0.485210 -0.891413 -1.818852

eigenval_p,eigenval_h=  0.999478 -1.818852
psiFN5_psiG  =   0.3104   0.1657   0.1861   0.0407   0.1127   0.0706   0.0390   0.0747   0.0000
psiFN5      =    0.5760   0.4023   0.4024   0.2266   0.3037   0.2367   0.2552   0.2819   0.0128

E_G, E_FN1, E_FN3, E_FN4, E_0, recover_FN1, recover_FN3, recover_FN4, 1-ovlp_FN1, 1-ovlp_FN3, 1-ovlp_FN4, sign_cond_num= -1.756315 -1.817821 -1.811135 -1.825924 -1.833779 0.794 0.708 0.899 3.E-03 3.E-03 6.E-04 0.978

P_propos2=
   0.9696   0.0049   0.0104   0.0008   0.0137   0.0090   0.0407   0.0303   0.2210
   0.0029   0.9637   0.0030   0.0258   0.0117   0.0068   0.0109   0.0194   0.0000
   0.0076   0.0038   0.9606   0.0084   0.0141   0.0164   0.0348   0.0147   0.1088
   0.0001   0.0050   0.0013   0.9233   0.0038   0.0087   0.0000   0.0013   0.1348
   0.0064   0.0094   0.0090   0.0158   0.9475   0.0000   0.0077   0.0150   0.0000
   0.0027   0.0035   0.0067   0.0230   0.0000   0.9457   0.0243   0.0080   0.1658
   0.0035   0.0016   0.0041   0.0000   0.0014   0.0069   0.8645   0.0060   0.0000
   0.0073   0.0081   0.0049   0.0029   0.0078   0.0065   0.0171   0.9052   0.3525
   0.0000   0.0000   0.0000   0.0000   0.0000   0.0000   0.0000   0.0001   0.0170

eigenvalues of P_FN1_propos=  0.016978  0.859324  0.898159  0.914881  0.936972  0.947567  0.957773  0.965444  1.000000
psi for P_FN1_propos=   0.2841   0.1655   0.2073   0.0322   0.1327   0.0851   0.0242   0.0689   0.0000
psiG**2 * P_L       =   0.2841   0.1655   0.2073   0.0322   0.1327   0.0851   0.0242   0.0689   0.0000
Above 2 lines should be equal since proposal part of P_FN1 has dominant state psiG**2 * P_L
The exception to this occurs when there is no sign problem, but some components of psiG have the wrong sign, in which case one has 2 decoupled spaces with degenerate dominant eigenvalues

P_L=              1.0019   0.9988   0.9930   1.0233   0.9870   0.9789   1.0623   1.0055   6.8518
P_L_der=          0.0071  -0.0891   0.0074   0.0649   0.0283   0.0164   0.0284   0.0480  -0.7706
P_L_der_by_P_L=   0.0071  -0.0892   0.0074   0.0634   0.0287   0.0167   0.0267   0.0478  -0.1125

P_L_der_by_P_L=   0.0071  -0.0892   0.0074   0.0634   0.0287   0.0167   0.0267   0.0478  -0.1125
psiG_psiFN    =   0.3105   0.1658   0.1861   0.0407   0.1127   0.0706   0.0390   0.0746   0.0000
tmp_vec1      =   0.0022  -0.0148   0.0014   0.0026   0.0032   0.0012   0.0010   0.0036  -0.0000

PP_FN1=
   1.9714   0.0049   0.0103   0.0009   0.0135   0.0088   0.0432   0.0304   1.5143
   0.0029   1.9626   0.0030   0.0264   0.0115   0.0067   0.0115   0.0195   0.0000
   0.0076   0.0038   1.9539   0.0086   0.0139   0.0160   0.0370   0.0147   0.7456
   0.0001   0.0050   0.0013   1.9448   0.0038   0.0085   0.0000   0.0014   0.9238
   0.0064   0.0093   0.0090   0.0161   1.9352   0.0000   0.0081   0.0151   0.0000
   0.0027   0.0035   0.0067   0.0235   0.0000   1.9258   0.0258   0.0081   1.1360
   0.0035   0.0016   0.0040   0.0000   0.0014   0.0068   1.9184   0.0061   0.0000
   0.0074   0.0081   0.0048   0.0030   0.0077   0.0064   0.0182   1.9101   2.4155
   0.0000   0.0000   0.0000   0.0000   0.0000   0.0000   0.0000   0.0001   1.1166
iter, W_der_by_W=    1 -0.004643

PP_FN1=
   2.9155   0.0149   0.0306   0.0033   0.0398   0.0263   0.1262   0.0885   3.2538
   0.0087   2.8897   0.0091   0.0771   0.0337   0.0197   0.0341   0.0566   0.0857
   0.0226   0.0115   2.8643   0.0258   0.0406   0.0466   0.1074   0.0432   1.6171
   0.0004   0.0147   0.0039   2.8379   0.0110   0.0245   0.0004   0.0042   1.9184
   0.0188   0.0274   0.0262   0.0468   2.8102   0.0006   0.0242   0.0435   0.0678
